1 #sols

6
8
0.36147 0.253411 0.166667 0.216216 0.155294 0 0.0131965 0 
0.433925 0.118644 0 0.0446429 0.0261941 0 0.0484115 0.109948 
0.379648 0 0 0.0702576 0.13724 0.0801457 0 0 
0.269872 0.0347826 0.190972 0.360849 0.316802 0 0.116279 0.0112994 
0.0813594 0.00567108 0 0 0 0 0 0 
0.322517 0.108696 0 0 0 0.161468 0 0 

Sample_0 Sample_1 Sample_2 Sample_3 Sample_4 Sample_5 
26;27;28;29;30;42;43;44;45;46;47;48;49;50;51;52;53;54;55;56 17;18;19;20;21;22;23;24;25;92 0;1;2;3;4;5 57;63;64;65;71;78;79;90;91 58;59;60;61;62;66;67;68;69;70;72;73;74;75;76;77;80;81;82;83;84;85;86;87;88;89 31;32;33;34;35;36;37;38;39;40;41 6;7;8;9;10;11;12;13;14;15;16;97;98;99 93;94;95;96 

6
6
0 0 0.0109265 0 0.333333 0.458077 
0.313844 0.219895 0.096823 0 0 0.237288 
0.599004 0 0 0.160291 0 0 
0 0.00381407 0.232558 0 0.341368 0.0361 
0.151377 0 0 0 0 0.0113422 
0.104707 0 0 0.322936 0 0.217391 
6
6
1 0 0 0 0 0 
1 1 0 0 0 0 
1 0 1 0 0 0 
1 0 0 1 0 0 
1 0 0 0 1 0 
1 0 0 0 0 1 

1 1 1 1 0.996991 0.999991 
6
6
0.401169 0 0.00546323 0 0.166667 0.229039 
0.433925 0.109948 0.0484115 0 0 0.118644 
0.379648 0 0 0.0801457 0 0 
0.30692 0.00190703 0.116279 0 0.170684 0.01805 
0.0813594 0 0 0 0 0.00567108 
0.322517 0 0 0.161468 0 0.108696 

Sample_0 Sample_1 Sample_2 Sample_3 Sample_4 Sample_5 
0 7 6 5 2 1 

