1 #sols

6
6
0.234484 0 0.161303 0 0.072238 0 
0.17336 0.0138018 0 0 0.138698 0.087946 
0.372982 0 0.0554558 0.239896 0.0433367 0 
0.484467 0.475402 0 0.0159771 0 0 
0.103014 0 0.0655671 0 0 0.0328136 
0.251427 0 0.12253 0 0.0779789 0.044412 

Sample_0 Sample_1 Sample_2 Sample_3 Sample_4 Sample_5 
11;12;13;14;15;16;17;18;19;20;21;57;58;59;60;61;62;63;64;65;66;67;68;69;70;71;72;73;74;75;76;77;78;79;80;81;82;83;84;85;86;87 96;97;98;99 55;56;88;89;90 91;92;93;94;95 22;23;24;25;26 0;1;2;3;4;5;6;7;8;9;10;27;28;29;30;31;32;33;34;35;36;37;38;39;40;41;42;43;44;45;46;47;48;49;50;51;52;53;54 

6
5
0.146362 0 0 0.322606 0 
0.143225 0.175892 0 0 0.0276035 
0.15526 0 0.479792 0.110912 0 
0 0 0.0307198 0 0.950803 
0.00926703 0.0656271 0 0.131134 0 
0.168971 0.088824 0 0.245059 0 
5
5
1 0 0 0 0 
1 1 0 0 0 
1 0 1 0 0 
1 0 0 1 0 
1 0 0 0 1 

1 1 1 1 0.862924 
6
5
0.234484 0 0 0.161303 0 
0.17336 0.087946 0 0 0.0138018 
0.372982 0 0.239896 0.0554558 0 
0.490762 0 0.0153599 0 0.475402 
0.103014 0.0328136 0 0.0655671 0 
0.251427 0.044412 0 0.12253 0 

Sample_0 Sample_1 Sample_2 Sample_3 Sample_4 Sample_5 
0 5 3 2 1 

