1 #sols

6
11
0 0 0.366071 0.132184 0.348315 0 0 0.274854 0 0 0 
0 0.241758 0.440379 0 0.371287 0.0877193 0 0.387387 0.215179 0.228128 0.129032 
0.0647558 0 0.43389 0 0.14 0.0501672 0 0.422383 0 0.0754717 0.049505 
0.0444368 0 0.432364 0 0.39823 0.195719 0.111623 0.496622 0 0 0 
0 0 0.37664 0.0336207 0.185 0 0 0.442177 0 0 0 
0 0.09375 0.21781 0 0.242105 0 0.0395928 0.304348 0.202824 0.17341 0.229358 

Sample_0 Sample_1 Sample_2 Sample_3 Sample_4 Sample_5 
13;14;15;16;17;18;19;30;31;32;33;34;35;36;37;38;39;40;41;42;43;44;45;46;47;48;49;50;51 88 0;1;2;3;4;5;6;8 52;53;54;55;56;57;58;59;60;61;62;63 11;12 94;95;96 64;65;66;67;68;69;97;98;99 7;9;10 70;71;72;73;74;75;76;77;78;79;80;81;82;83;84;85;86;87;89;90;91;92;93 20;22;23;24;25;26;27;28;29 21 

6
8
0.28534 0 0 0 0 0.264368 0 0 
0 0.134506 0.387895 0 0.104998 0 0.287808 0 
0.364966 0.0990099 0.150943 0 0.100334 0 0 0.129512 
0.289687 0 0 0.223245 0.391437 0 0 0.0888736 
0.817112 0 0 0 0 0.0672414 0 0 
0 0.281823 0.340602 0.0510358 0 0 0.0788225 0 
8
8
1 0 0 0 0 0 0 0 
1 1 0 0 0 0 0 0 
1 0 1 0 0 0 0 0 
1 0 0 1 0 0 0 0 
1 0 0 0 1 0 0 0 
1 0 0 0 0 1 0 0 
1 0 0 0 0 0 1 0 
1 0 0 0 0 0 0 1 

1 0.928468 0.999999 1 1 1 0.995153 1 
6
8
0.274854 0 0 0 0 0.132184 0 0 
0.457604 0.0672529 0.193947 0 0.0524992 0 0.143904 0 
0.422383 0.049505 0.0754717 0 0.0501672 0 0 0.0647558 
0.496622 0 0 0.111623 0.195719 0 0 0.0444368 
0.442177 0 0 0 0 0.0336207 0 0 
0.376141 0.140911 0.170301 0.0255179 0 0 0.0394112 0 

Sample_0 Sample_1 Sample_2 Sample_3 Sample_4 Sample_5 
7 10 9 6 5 3 1 0 

