1 #sols

6
7
0.236708 0.127114 0 0.0812227 0.0363636 0.1367 0 
0.444444 0.286151 0.294393 0 0 0 0.0798387 
0.0230394 0 0 0.0801743 0.0540541 0 0 
0.283968 0 0 0.24654 0.19137 0 0 
0.446105 0.159838 0.0315789 0 0 0.104882 0 
0.328146 0.262525 0 0.00577008 0.0020202 0.235333 0.192371 

Sample_0 Sample_1 Sample_2 Sample_3 Sample_4 Sample_5 
0;1;2;3;4;5;6;7;8;9;10;11;12;91;92;93;94;95;96;97;98;99 71;72;73;74;75;76;77;78;79;80;81;82;83;84;85;86;87;88;89;90 43;44 29;30;31;32;33;34;35;37;38;39;41;42;57;59;61;62;63;65;66;67;68;69;70 36;40;58;60;64 13;14;15;16;17;18;19;20;21;22;23;24;25;26;27;28 45;46;47;48;49;50;51;52;53;54;55;56 

6
3
0.473417 0 0 
0.140426 0.159677 0.588785 
0.0460789 0 0 
0.567936 0 0 
0.829052 0 0.0631579 
0.27155 0.384743 0 
3
3
1 0 0 
1 1 0 
1 0 1 

1 1 0.993976 
6
3
0.236708 0 0 
0.444444 0.0798387 0.294393 
0.0230394 0 0 
0.283968 0 0 
0.446105 0 0.0315789 
0.328146 0.192371 0 

Sample_0 Sample_1 Sample_2 Sample_3 Sample_4 Sample_5 
0 6 2 

