1 #sols

4
11
0.0974212 0.156028 0 0.0567929 0 0.373106 0.126667 0 0.179752 0.168053 0 
0.00191571 0.0727273 0.211538 0.163472 0 0.344507 0 0 0.221774 0.112457 0.164384 
0 0.00613497 0 0 0.0402299 0.434034 0.137681 0.0104895 0.0160643 0.019802 0 
0 0.198795 0.163399 0.00327154 0.162921 0.390625 0 0.0794702 0.147573 0.108239 0.320144 

Sample_0 Sample_1 Sample_2 Sample_3 
0;1;2;3;4;5;6;7;8;9;10;11;12;13;14;42;43;44;45;46;47 68;73;79 49;51;56 57;58;59;60;61;62;63;64;65;91;92;93;94;95;96;97;98;99 18;19;23;24;25;28;30 31;32;33;34;35;36;37;38;39;40;41 15;16;17 20;21;22;26;27;29 66;67;72;77;80;83;85;87;88;89 69;70;71;74;75;76;78;81;82;84;86;90 48;50;52;53;54;55 

4
9
0 0.263961 0 0.0325432 0.113586 0.194842 0.14128 0 0 
0 0.164817 0 0.0250315 0.326945 0.00383142 0 0 0.276911 
0.440514 0.0186249 0.020979 0.0321285 0 0 0.275362 0.0804598 0 
0 0.000371408 0.15894 0.215978 0.00654308 0 0 0.307625 0.198272 
9
9
1 0 0 0 0 0 0 0 0 
1 1 0 0 0 0 0 0 0 
1 1 1 0 0 0 0 0 0 
1 0 0 1 0 0 0 0 0 
1 0 0 1 1 0 0 0 0 
1 0 0 1 0 1 0 0 0 
1 0 0 0 0 0 1 0 0 
1 0 0 0 0 0 0 1 0 
1 0 0 0 0 0 0 0 1 

1 1 0.80942 0.999994 0.996177 0.999974 1 1 0.999296 
4
9
0.373106 0.131981 0 0.170486 0.0567929 0.0974212 0.0706398 0 0 
0.398768 0.0824087 0 0.177904 0.163472 0.00191571 0 0 0.138455 
0.434034 0.019802 0.0104895 0.0160643 0 0 0.137681 0.0402299 0 
0.443865 0.0796559 0.0794702 0.111261 0.00327154 0 0 0.153813 0.0991359 

Sample_0 Sample_1 Sample_2 Sample_3 
5 9 7 8 3 0 6 4 2 

