1 #sols

4
9
0.191606 0 0.230315 0.216114 0.0973631 0.235327 0 0.15625 0.374049 
0.166142 0.0776699 0.126106 0.142643 0.2 0.130999 0 0.0540541 0.408978 
0.151402 0.170213 0.222649 0 0 0.21315 0.183649 0 0.363547 
0.0716571 0.0128205 0.115234 0 0 0.0541436 0.0755668 0 0.497015 

Sample_0 Sample_1 Sample_2 Sample_3 
2;3;4;6;9;10;20;23;25;29;30;31;38;39;42;46 63 5;27;33;34;97 11;12;13;14;16;17;18;19;64;65;66;67;94 86;87;88;89;90;91;92;93;95;96 0;1;7;8;21;22;24;26;28;32;35;36;37;40;41;43;44;45 47;48;49;50;51;52;53;54;55;56;57;58;59;60;61;62 15 68;69;70;71;72;73;74;75;76;77;78;79;80;81;82;83;84;85;98;99 

4
6
0.0827193 0 0.158153 0.194726 0.3125 0 
0.155956 0 0 0.4 0.108108 0.153891 
0 0.367297 0.0749313 0 0 0.340426 
0.734609 0.151134 0.0826463 0 0 0.025641 
6
6
1 0 0 0 0 0 
1 1 0 0 0 0 
1 0 1 0 0 0 
1 0 0 1 0 0 
1 0 1 0 1 0 
1 0 1 0 0 1 

1 1 1 1 0.961534 0.821141 
4
6
0.374049 0 0.235327 0.0973631 0.15625 0 
0.408978 0 0.130999 0.2 0.0540541 0.0769454 
0.391327 0.183649 0.207678 0 0 0.170213 
0.497015 0.0755668 0.0541436 0 0 0.0128205 

Sample_0 Sample_1 Sample_2 Sample_3 
8 6 5 4 7 1 

