gene_id	Sample_0	Sample_0	Sample_1	Sample_1	Sample_2	Sample_2	Sample_3	Sample_3
2;3;4;6;9;10;20;23;25;29;30;31;38;39;42;46	1329	315	1325	264	1362	243	1451	112
63	71	0	95	8	78	16	77	1
5;27;33;34;97	391	117	395	57	405	116	453	59
11;12;13;14;16;17;18;19;64;65;66;67;94	1041	287	1142	190	1357	0	1247	0
86;87;88;89;90;91;92;93;95;96	890	96	764	191	1029	0	997	0
0;1;7;8;21;22;24;26;28;32;35;36;37;40;41;43;44;45	1381	425	1539	232	1484	402	1712	98
47;48;49;50;51;52;53;54;55;56;57;58;59;60;61;62	1555	0	1570	0	1338	301	1468	120
15	81	15	105	6	116	0	99	0
68;69;70;71;72;73;74;75;76;77;78;79;80;81;82;83;84;85;98;99	1317	787	1185	820	1299	742	1011	999
