1 #sols

5
8
0.0154909 0.0115651 0.00242007 0 0.387954 0.165934 0.405737 0.387977 
0 0 0 0.136517 0.238941 0 0.355276 0.216222 
0.0411745 0 0.0206596 0 0 0 0.0387879 0 
0.294308 0 0.162264 0.166796 0 0 0.461405 0 
0.0712946 0.0641758 0 0 0.145363 0.152556 0.258077 0.166266 

Sample_0 Sample_1 Sample_2 Sample_3 Sample_4 
74;75;76;77;78;79;80;81;82 88;89;90;91;92;93;94;95 0;1;8;9;96;97;98;99 10;11;12;13;14;15;16;17;18;19;20;21;22;23;24;25;26;27;28;29;30;31 32;34;35;37;58;59 2;3;4;5;6;7 83;84;85;86;87 33;36;38;39;40;41;42;43;44;45;46;47;48;49;50;51;52;53;54;55;56;57;60;61;62;63;64;65;66;67;68;69;70;71;72;73 

5
5
0.451636 0.331868 0 0.00484015 0.0231301 
0.437519 0 0.273034 0 0 
0.0362565 0 0 0.0413192 0 
0.264689 0 0.333593 0.324527 0 
0.0826905 0.305113 0 0 0.128352 
5
5
1 0 0 0 0 
1 1 0 0 0 
1 0 1 0 0 
1 0 0 1 0 
1 0 0 0 1 

1 1 1 1 1 
5
5
0.405737 0.165934 0 0.00242007 0.0115651 
0.355276 0 0.136517 0 0 
0.0387879 0 0 0.0206596 0 
0.461405 0 0.166796 0.162264 0 
0.258077 0.152556 0 0 0.0641758 

Sample_0 Sample_1 Sample_2 Sample_3 Sample_4 
6 5 3 2 1 

