gene_id	Sample_0	Sample_0	Sample_1	Sample_1	Sample_2	Sample_2	Sample_3	Sample_3
0;1;2;3;4;5;6;7;8;9;10;11;12;13;14;42;43;44;45;46;47	19100	2013	21025	11	20966	0	20933	8
90	810	163	767	156	987	35	862	116
57;58;59;60;61;62;63;64;65	8190	700	7553	1373	8799	0	8903	178
48;49;50;51;52;53;54;55;56	9078	0	7450	1755	8994	0	6690	2211
15;16;17	2618	424	3043	0	2471	535	3013	0
31;32;33;34;35;36;37;38;39;40;41	6490	4475	7382	3862	6284	4638	6779	4062
91;92;93;94;95;96;97;98;99	8299	707	7627	1392	8799	0	8799	0
18;19;20;21;22;23;24;25;26;27;28;29;30	12831	0	12878	1	12562	288	11562	1405
66;67;68;69;70;71;72;73;74;75;76;77;78;79;80;81;82;83;84;85;86;87;88;89	19503	4459	20212	3677	23770	481	20880	3158
