1 #sols

4
9
0.0953441 0.167523 0.0787402 0 0.139382 0.408117 0.0785032 0 0.186086 
0.000522913 0.169014 0.15382 0.190657 0 0.343472 0.154341 7.76458e-05 0.15392 
0 0.0342466 0 0 0.177977 0.424648 0 0.0224125 0.0198342 
0.000382026 0.118609 0.0196014 0.248399 0 0.374689 0 0.108352 0.131375 

Sample_0 Sample_1 Sample_2 Sample_3 
0;1;2;3;4;5;6;7;8;9;10;11;12;13;14;42;43;44;45;46;47 90 57;58;59;60;61;62;63;64;65 48;49;50;51;52;53;54;55;56 15;16;17 31;32;33;34;35;36;37;38;39;40;41 91;92;93;94;95;96;97;98;99 18;19;20;21;22;23;24;25;26;27;28;29;30 66;67;68;69;70;71;72;73;74;75;76;77;78;79;80;81;82;83;84;85;86;87;88;89 

4
7
0.0449429 0.278764 0.15748 0 0 0.144358 0.190688 
0.0412754 0 0.307641 0.0281454 0.000155292 0.308682 0.00104583 
0.424847 0.355955 0 0.0236682 0.0448249 0 0 
0.472956 0 0.0392027 0.0197508 0.216704 0 0.000764051 
7
7
1 0 0 0 0 0 0 
1 1 0 0 0 0 0 
1 0 1 0 0 0 0 
1 0 0 1 0 0 0 
1 0 0 1 1 0 0 
1 0 0 1 0 1 0 
1 0 0 1 0 0 1 

1 1 1 1 0.847768 0.883642 1 
4
7
0.408117 0.139382 0.0787402 0.167523 0 0.072179 0.0953441 
0.343472 0 0.15382 0.169014 7.76458e-05 0.154341 0.000522913 
0.424648 0.177977 0 0.0342466 0.0224125 0 0 
0.374689 0 0.0196014 0.118609 0.108352 0 0.000382026 

Sample_0 Sample_1 Sample_2 Sample_3 
5 4 2 1 7 6 0 

