1 #sols

6
9
0.2991 0 0.151888 0 0.178992 0 0.481967 0.0209906 0 
0.117178 0 0 0.112245 0.0312927 0.143667 0.472407 0.0304224 0.330715 
0 0.0700213 0 0 0.116387 0.0021254 0.412046 0 0.288541 
0.0369286 0 0.202349 0.0366011 0.310381 0.0232794 0.374925 0.112771 0.0266129 
0 0 0 0 0 0.0916497 0.0778303 0 0.0771423 
0.105907 0.150578 0 0 0 0.0735586 0.344612 0 0.24439 

Sample_0 Sample_1 Sample_2 Sample_3 Sample_4 Sample_5 
17;18;19;20;21;22;23;24;25 31;32;33;34;35;36;37;38;39;40;41 0;1;2;3;4;5 93;94;95;96;97;98;99 57;58;59;60;61;62;63;64;65;66;67;68;69;70;71;72;73;74;75;76;77;78;79;80;81;82;83;84;85;86;87;88;89;90;91 92 42;43;44;45;46;47;48;49;50;51;52;53;54;55;56 6;7;8;9;10;11;12;13;14;15;16 26;27;28;29;30 

6
6
0.0199777 0.0419812 0 0.303776 0 0.598199 
0.425123 0.0608449 0.22449 0 0 0.234356 
0.684049 0 0 0 0.140043 0 
0 0.218545 0.0732022 0.404699 0 0.0738572 
0.155661 0 0 0 0 0 
0.176254 0 0 0 0.301157 0.211814 
6
6
1 0 0 0 0 0 
1 1 0 0 0 0 
1 0 1 0 0 0 
1 0 0 1 0 0 
1 0 0 0 1 0 
1 0 0 0 0 1 

1 1 1 1 1 1 
6
6
0.481967 0.0209906 0 0.151888 0 0.2991 
0.472407 0.0304224 0.112245 0 0 0.117178 
0.412046 0 0 0 0.0700213 0 
0.385152 0.109273 0.0366011 0.202349 0 0.0369286 
0.0778303 0 0 0 0 0 
0.344612 0 0 0 0.150578 0.105907 

Sample_0 Sample_1 Sample_2 Sample_3 Sample_4 Sample_5 
6 7 3 2 1 0 

