1 #sols

4
8
0.496544 0.417098 0.244344 0 0.0412574 0.030124 0.0833333 0.0287443 
0.498413 0.04 0.0139165 0 0.454365 0.447597 0.385787 0.453373 
0.330071 0.169576 0.166775 0.0652174 0.0631365 0.025641 0.0192308 0.0286624 
0.333333 0 0 0.212658 0.0940919 0.0969803 0 0 

Sample_0 Sample_1 Sample_2 Sample_3 
71;72;73;74;75;76;77;78;79;80;81;82;83;84;85;86;87;88;89 90;91;92;99 0;1;2;3;4;5;6;7;8;9;10;11;96;97;98 12;93;94;95 17;19;20;22;34 13;14;15;16;18;21;23;24;25;26;27;28;29;30;31;32;33 35;63 36;37;38;39;40;41;42;43;44;45;46;47;48;49;50;51;52;53;54;55;56;57;58;59;60;61;62;64;65;66;67;68;69;70 

4
4
0.337734 0.166667 0 0.488688 
0.197419 0.771574 0 0.027833 
0.157695 0.0384615 0.130435 0.33355 
0.24135 0 0.425316 0 
4
4
1 0 0 0 
1 1 0 0 
1 0 1 0 
1 0 0 1 

1 0.998709 0.999999 1 
4
4
0.496544 0.0833333 0 0.244344 
0.498413 0.385787 0 0.0139165 
0.330071 0.0192308 0.0652174 0.166775 
0.333333 0 0.212658 0 

Sample_0 Sample_1 Sample_2 Sample_3 
0 6 3 2 

