MultiBinom clustering
Convergence threshold: 1.000000
Initial num clusters: 20
kmeans: True

Time taken: 0.436648
Num active clusters: 8
Cluster assignments
2
3
0
3
0
6
2
3
2
3
5
3
7
3
4
6
1
4
3
3
Alpha posterior values
0.0000 35.4546 46.0000 67.3166 0.0000 30.3507 10.0000 0.0000 34.1224 15.7557 0.0000 0.0000 0.0000 0.0000 0.0000 0.0000 0.0000 0.0000 0.0000 0.0000
0.0000 25.2897 48.0000 34.0704 1.0000 28.0499 8.0000 0.0000 10.5845 13.0055 0.0000 0.0000 0.0000 0.0000 0.0000 0.0000 0.0000 0.0000 0.0000 0.0000
0.0000 29.0137 35.0000 67.1478 5.0000 18.3370 6.0000 0.0000 24.6072 21.8944 0.0000 0.0000 0.0000 0.0000 0.0000 0.0000 0.0000 0.0000 0.0000 0.0000
0.0000 24.4158 59.0000 67.2417 33.0000 36.3258 7.0000 0.0000 31.1641 19.8527 0.0000 0.0000 0.0000 0.0000 0.0000 0.0000 0.0000 0.0000 0.0000 0.0000
0.0000 8.4559 24.0000 48.3403 66.0000 16.9965 0.0000 0.0000 3.5038 13.7035 0.0000 0.0000 0.0000 0.0000 0.0000 0.0000 0.0000 0.0000 0.0000 0.0000
Beta posterior values
0.0000 62.8284 6.0000 77.3801 336.0000 59.5466 46.0000 0.0000 46.4765 15.7684 0.0000 0.0000 0.0000 0.0000 0.0000 0.0000 0.0000 0.0000 0.0000 0.0000
0.0000 54.4727 5.0000 48.7794 260.0000 43.1345 23.0000 0.0000 30.2341 14.3793 0.0000 0.0000 0.0000 0.0000 0.0000 0.0000 0.0000 0.0000 0.0000 0.0000
0.0000 43.1167 0.0000 57.5374 298.0000 43.4473 39.0000 0.0000 43.3021 9.5966 0.0000 0.0000 0.0000 0.0000 0.0000 0.0000 0.0000 0.0000 0.0000 0.0000
0.0000 73.1982 4.0000 87.6452 372.0000 54.7375 34.0000 0.0000 56.9090 18.5101 0.0000 0.0000 0.0000 0.0000 0.0000 0.0000 0.0000 0.0000 0.0000 0.0000
0.0000 84.0796 15.0000 92.2993 286.0000 71.9821 34.0000 0.0000 66.7514 19.8876 0.0000 0.0000 0.0000 0.0000 0.0000 0.0000 0.0000 0.0000 0.0000 0.0000
Cluster phi posterior values
0.3587 0.8922 0.4649 0.0000 0.3352 0.1727 0.4222 0.4998
0.3138 0.9135 0.4096 0.0004 0.3920 0.2500 0.2518 0.4741
0.4003 1.0147 0.5390 0.0136 0.2923 0.1250 0.3598 0.7004
0.2465 0.9435 0.4335 0.0796 0.3974 0.1625 0.3518 0.5179
0.0851 0.6184 0.3420 0.1859 0.1863 0.0000 0.0418 0.4057
