1 #sols

6
11
0.129199 0 0.298925 0.143646 0 0.17162 0.457661 0.163166 0.0161871 0 0 
0.0414508 0.312373 0.132222 0.0537897 0.120226 0.0232297 0.453629 0 0.026465 0 0.144444 
0.113573 0.297872 0 0.113111 0 0.114808 0.414943 0 0 0.0796296 0 
0.364764 0.0247148 0.0349887 0.286667 0.0285307 0.301449 0.368069 0.222772 0.123415 0 0.0224719 
0 0.0935551 0 0 0 0 0.0782123 0 0 0 0.0673077 
0 0.25355 0.104526 0 0 0 0.369048 0 0 0.151163 0.0917431 

Sample_0 Sample_1 Sample_2 Sample_3 Sample_4 Sample_5 
57;66;88;90 26;27;28;29;30 17;18;19;20;21;22;23;24;25 62;65;78;86 93;94;95;96;97;98;99 58;59;60;61;63;64;67;68;69;70;71;72;73;74;75;76;77;79;80;81;82;83;84;85;87;89;91 42;43;44;45;46;47;48;49;50;51;52;53;54;55;56 0;1;2;3;4;5 6;7;8;9;10;11;12;13;14;15;16 31;32;33;34;35;36;37;38;39;40;41 92 

6
6
0 0 0.0173961 0.326333 0 0.597849 
0.349431 0 0.0529301 0 0.240453 0.264444 
0.670627 0.159259 0 0 0 0 
0 0 0.228686 0.445545 0.0570613 0.0699774 
0.156425 0 0 0 0 0 
0.226718 0.302326 0 0 0 0.209052 
6
6
1 0 0 0 0 0 
1 1 0 0 0 0 
1 0 1 0 0 0 
1 0 0 1 0 0 
1 0 0 0 1 0 
1 0 0 0 0 1 

1 1 1 1 1 1 
6
6
0.470789 0 0.00869803 0.163166 0 0.298925 
0.453629 0 0.026465 0 0.120226 0.132222 
0.414943 0.0796296 0 0 0 0 
0.400634 0 0.114343 0.222772 0.0285307 0.0349887 
0.0782123 0 0 0 0 0 
0.369048 0.151163 0 0 0 0.104526 

Sample_0 Sample_1 Sample_2 Sample_3 Sample_4 Sample_5 
6 9 8 7 4 2 

