1 #sols

4
8
0 0.463049 0.231072 0.00869565 0.225402 0.225446 0.249135 0 
0.23579 0.45652 0 0 0.044 0.163133 0.166502 0.0265641 
0.035404 0.418367 0.368848 0 0.390452 0 0 0 
0 0.490373 0 0.0180456 0.306338 0 0 0.15553 

Sample_0 Sample_1 Sample_2 Sample_3 
58;59;60;61;62;63;64;65;66;67;68;69;70;71;72;73;74;75;76;77;78;79;80;81;82;83;84;85;86;87;88;89;90;91 35;36;37;38;39;40;41;42;43;44;45;46;47;48;49;50;51;52;53;54;55 30;31;32;33;34;56 27;28;29 98;99 0;1;2;3;4;5;6;7;8;9;10;13;14;15;16;17;18;19;21;22;23;25;26 11;12;20;24 57;92;93;94;95;96;97 

4
6
0 0 0.450892 0.0173913 0.462143 0 
0.0620667 0.0531282 0.326265 0 0 0.471579 
0.028229 0 0 0 0.737697 0.0708079 
0.633595 0.311061 0 0.0360912 0 0 
6
6
1 0 0 0 0 0 
1 1 0 0 0 0 
1 0 1 0 0 0 
1 0 0 1 0 0 
1 0 0 0 1 0 
1 0 0 0 0 1 

1 1 1 1 1 1 
4
6
0.465213 0 0.225446 0.00869565 0.231072 0 
0.45652 0.0265641 0.163133 0 0 0.23579 
0.418367 0 0 0 0.368848 0.035404 
0.490373 0.15553 0 0.0180456 0 0 

Sample_0 Sample_1 Sample_2 Sample_3 
1 7 5 3 2 0 

