1 #sols

5
6
0.0472326 0.0400411 0 0 0 0 
0.333913 0 0.334379 0 0 0 
0.187743 0 0 0.280882 0.0104357 0.0497164 
0.242947 0 0.047009 0 0.097306 0 
0.391501 0.309665 0 0.0200498 0.0115578 0.109366 

Sample_0 Sample_1 Sample_2 Sample_3 Sample_4 
28;29;30;31;32;33;34;35;36;37;38;39;40;41;42;43;73;74;75;76;77;78;79;80;81;82;83;84;85;86;87;88;89 46 47;48;49;50;51;52;53;54;55;56;57;58;59;60;61;62;63;64 65;66;67;68;69;70;71;72 90;91;92;93;94;95;96;97;98;99 0;1;2;3;4;5;6;7;8;9;10;11;12;13;14;15;16;17;18;19;20;21;22;23;24;25;26;27;44;45 

5
4
0.0143831 0 0 0.0800821 
0.667825 0 0 0 
0.255182 0.0994328 0.0208713 0 
0.291281 0 0.194612 0 
0 0.209617 0.0181388 0.569141 
4
4
1 0 0 0 
1 1 0 0 
1 0 1 0 
1 0 0 1 

1 1 1 0.836025 
5
4
0.0472326 0 0 0.0400411 
0.333913 0 0 0 
0.187743 0.0497164 0.0104357 0 
0.242947 0 0.097306 0 
0.398449 0.104809 0.00906938 0.284571 

Sample_0 Sample_1 Sample_2 Sample_3 Sample_4 
0 5 4 1 

