1 #sols

4
8
0.460317 0.275488 0 0 0.0773931 0.016791 0.0716846 0.0216837 
0.512876 0.0185996 0 0 0.486316 0.420195 0.463415 0.442391 
0.301556 0.180435 0.123377 0 0.0412371 0.0231317 0.00436681 0.0304956 
0.354639 0 0.197531 0.234043 0.0912779 0.116541 0 0 

Sample_0 Sample_1 Sample_2 Sample_3 
71;72;73;74;75;76;77;78;79;80;81;82;83;84;85;86;87;88;89 0;1;2;3;4;5;6;7;8;9;10;11;90;91;92;96;97;98;99 93;94;95 12 13;16;17;21;23;24;25;26;30;32 14;18;19;20;22;27;28;29;31;33;34 50;57;60;62;65 15;35;36;37;38;39;40;41;42;43;44;45;46;47;48;49;51;52;53;54;55;56;58;59;61;63;64;66;67;68;69;70 

4
6
0.214873 0.111419 0.0433673 0 0 0.550976 
0 0.0780196 0.884781 0 0 0.0371991 
0 0.0103063 0.0609911 0 0.246753 0.36087 
0 0.124989 0 0.40881 0.256149 0 
6
6
1 0 0 0 0 0 
1 1 0 0 0 0 
1 1 1 0 0 0 
1 0 0 1 0 0 
1 0 0 0 1 0 
1 0 0 0 0 1 

1 0.826796 0.887003 0.952043 0.999973 1 
4
6
0.460317 0.0773931 0.0216837 0 0 0.275488 
0.5 0.4814 0.442391 0 0 0.0185996 
0.33946 0.0356487 0.0304956 0 0.123377 0.180435 
0.394974 0.0624945 0 0.204405 0.128075 0 

Sample_0 Sample_1 Sample_2 Sample_3 
0 4 7 3 2 1 

