1 #sols

4
7
0.288778 0.294347 0.058 0.207792 0 0 0 
0.095196 0.0220941 0 0.00431965 0.306502 0.0244898 0 
0.344985 0 0 0.12766 0 0.143198 0.139848 
0.422283 0.422771 0.43744 0 0 0 0 

Sample_0 Sample_1 Sample_2 Sample_3 
0;1;2;3;4;5;6;7;8;9;10;11;12;13;14;15;16;17;18;19;20;21;22;23;24;25;26;27;28;29;30;31;51 32;33;34;35;36;37;38;39;40;41;42 54;55;56;57;58;59;60;61;62;63 43;44;45;46;47;48;49;50;52 64;65;66 67;71;72;73;74;77;80;82;83;84;85;87;89;91;92;93;94;95;96;97;98;99 53;68;69;70;75;76;78;79;81;86;88;90 

4
4
0.161971 0 0 0.415584 
0.132773 0 0.0489796 0.00863931 
0 0.23133 0.248936 0.252912 
0.844566 0 0 0 
4
4
1 0 0 0 
1 1 0 0 
1 0 1 0 
1 0 0 1 

1 1 1 1 
4
4
0.288778 0 0 0.207792 
0.095196 0 0.0244898 0.00431965 
0.366589 0.115665 0.124468 0.126456 
0.422283 0 0 0 

Sample_0 Sample_1 Sample_2 Sample_3 
0 6 5 3 

