2 #sols

4
10
0.448816 0 0 0 0.0413586 0 0 0.0435003 0.0346679 0 
0.40708 0.064741 0.051974 0.0851703 0.339434 0.0882353 0.0384993 0.218996 0 0 
0.26089 0.210874 0 0.0487682 0.0466249 0 0 0 0 0.0417225 
0.421995 0 0.0683382 0.31303 0.401821 0.0648843 0.0847041 0 0.0157659 0.258217 

Sample_0 Sample_1 Sample_2 Sample_3 
63;64;65;66;67;68;69;70;71;72;73;74;75;76;77 78;79;80;81;82;83;99 86;89 0;1 46;47;48;49;50;51;52;53;54;55;56;57;58;59;60 90;91;92 84;85;87;88 61;62 2;3;4;5;6;7;8;9;10;11;12;13;14;15;16;17;18;19;20;21;22;23;24;25;26;27;28;29;30;31;32;33;34;35;36;37;38;39;40;41;42;43;44;45 93;94;95;96;97;98 

4
7
0.745578 0.0827173 0 0 0 0.0693359 0 
0.00581096 0.398449 0 0.176471 0.103948 0 0.129482 
0.00678215 0.00980469 0.083445 0 0 0 0.421747 
0.00881677 0.0207631 0.516433 0.129769 0.136676 0.0315317 0 
7
7
1 0 0 0 0 0 0 
1 1 0 0 0 0 0 
1 1 1 0 0 0 0 
1 1 0 1 0 0 0 
1 1 0 0 1 0 0 
1 0 0 0 0 1 0 
1 0 0 0 0 0 1 

1 0.999817 0.937342 1 1 1 1 
4
7
0.448816 0.0413586 0 0 0 0.0346679 0 
0.40708 0.339434 0 0.0882353 0.051974 0 0.064741 
0.26089 0.0466249 0.0417225 0 0 0 0.210874 
0.421995 0.401821 0.258217 0.0648843 0.0683382 0.0157659 0 

Sample_0 Sample_1 Sample_2 Sample_3 
0 4 9 5 2 8 1 

4
7
0.745578 0.0827173 0 0 0 0.0693359 0 
0.00581096 0.32145 0.0769985 0.176471 0.103948 0 0.129482 
0.00678215 0.0932497 0 0 0 0 0.421747 
0.00881677 0.367788 0.169408 0.129769 0.136676 0.0315317 0 
7
7
1 0 0 0 0 0 0 
1 1 0 0 0 0 0 
1 1 1 0 0 0 0 
1 1 0 1 0 0 0 
1 1 0 0 1 0 0 
1 0 0 0 0 1 0 
1 0 0 0 0 0 1 

1 0.999817 1 1 1 1 1 
4
7
0.448816 0.0413586 0 0 0 0.0346679 0 
0.40708 0.339434 0.0384993 0.0882353 0.051974 0 0.064741 
0.26089 0.0466249 0 0 0 0 0.210874 
0.421995 0.401821 0.0847041 0.0648843 0.0683382 0.0157659 0 

Sample_0 Sample_1 Sample_2 Sample_3 
0 4 6 5 2 8 1 

