1 #sols

4
7
0.486057 0.15493 0.0335366 0 0.000557724 0.0717833 0 
0.421254 0.404844 0.167388 0.16 0.180236 0.0040724 0.000460829 
0.480515 0.498361 0.289817 0.256684 0.179545 0.17692 0 
0.330385 0.146429 0.105337 0.0904255 0 0 0.0915002 

Sample_0 Sample_1 Sample_2 Sample_3 
60;61;62;63;64;65;66;67;68;69;70;71;72;73;74;75;76;77;78;79;80;81;82;83;84;85 97;98;99 2;3;4;5;6;7;8 0;1 9;36;37;38;39;40;41;42;86;87;88;89;90;91;92;93;94;95 32;33;34;35;43;44;45;46;47;48;49;50;51;52;53;54;55;56;57;58;59;96 10;11;12;13;14;15;16;17;18;19;20;21;22;23;24;25;26;27;28;29;30;31 

4
5
0.827433 0 0.143567 0.00111545 0 
0.15297 0.000921659 0.0081448 0.360472 0.32 
0 0 0.313867 0.314079 0.365048 
0.296918 0.183 0 0 0.180851 
5
5
1 0 0 0 0 
1 1 0 0 0 
1 0 1 0 0 
1 0 0 1 0 
1 0 0 0 1 

1 1 1 1 1 
4
5
0.486057 0 0.0717833 0.000557724 0 
0.421254 0.000460829 0.0040724 0.180236 0.16 
0.496497 0 0.156934 0.15704 0.182524 
0.330385 0.0915002 0 0 0.0904255 

Sample_0 Sample_1 Sample_2 Sample_3 
0 6 5 4 3 

