gene_id	Sample_0	Sample_0	Sample_1	Sample_1	Sample_2	Sample_2	Sample_3	Sample_3
60;61;62;63;64;65;66;67;68;69;70;71;72;73;74;75;76;77;78;79;80;81;82;83;84;85	1327	1255	1514	1102	1373	1270	1741	859
97;98;99	240	44	172	117	153	152	239	41
2;3;6;8	362	13	335	63	296	140	371	51
1;4;5;7	381	9	324	74	309	104	347	33
0	91	0	86	11	78	26	90	8
9;36;37;38;39;40;41;42;86;87;88;89;90;91;92;93;94;95	1792	1	1460	321	1444	316	1798	0
32;33;34;35;43;44;45;46;47;48;49;50;51;52;53;54;55;56;57;58;59;96	2056	159	2201	9	1833	394	2265	0
10;27	214	0	206	1	193	0	160	25
11;12;13;14;15;16;17;18;19;20;21;22;23;24;25;26;28;29;30;31	1983	0	1963	0	2031	0	1796	172
