2 #sols

6
12
0.0483539 0 0 0.00711462 0.236473 0.426598 0 0.323276 0 0.201923 0.0630229 0.209559 
0 0.228758 0.111062 0 0 0.394693 0.337714 0.447644 0.353982 0.326087 0 0.438127 
0 0 0 0 0 0.254448 0 0.262794 0 0.278689 0 0.214286 
0.024024 0 0 0 0 0.461049 0.230994 0.299301 0.266667 0.36 0.0651163 0.243636 
0 0.154982 0.130395 0 0 0.373913 0.207246 0.380451 0.333333 0.35 0 0.421769 
0 0 0 0.0402526 0.00957854 0.0876289 0.0162242 0.0390117 0.00970874 0.027027 0 0.019084 

Sample_0 Sample_1 Sample_2 Sample_3 Sample_4 Sample_5 
58;60;62;66;68;74;75;77;80;81 89;90;91;92;93 13;14;15;16;17;18;19;20;21;22;23;24;25;26;27;28;29;30;31;32;87;88 41;42;43;44;45;46;47;48;49;50;51;52;53 82;83;84;85;86 94;95;96;97;98;99 11;33;34;35;36;37;38 0;2;5;6;7;8;9 12;39;40 10 54;55;56;57;59;61;63;64;65;67;69;70;71;72;73;76;78;79 1;3;4 

6
7
0.143266 0 0 0.126046 0.472946 0.0142292 0.0967078 
0.0814218 0.485841 0.222124 0 0 0 0 
0.508897 0 0 0 0 0 0 
0.210485 0.533333 0 0.130233 0 0 0.048048 
0.0811594 0.405877 0.26079 0 0 0 0 
0.056178 0.0194175 0 0 0.0191571 0.0805051 0 
7
7
1 0 0 0 0 0 0 
1 1 0 0 0 0 0 
1 1 1 0 0 0 0 
1 0 0 1 0 0 0 
1 0 0 0 1 0 0 
1 0 0 0 0 1 0 
1 0 0 0 0 0 1 

1 0.880093 0.883203 1 1 0.999972 1 
6
7
0.426598 0 0 0.0630229 0.236473 0.00711462 0.0483539 
0.394693 0.353982 0.111062 0 0 0 0 
0.254448 0 0 0 0 0 0 
0.461049 0.266667 0 0.0651163 0 0 0.024024 
0.373913 0.333333 0.130395 0 0 0 0 
0.0876289 0.00970874 0 0 0.00957854 0.0402526 0 

Sample_0 Sample_1 Sample_2 Sample_3 Sample_4 Sample_5 
5 8 2 10 4 3 0 

6
7
0.143266 0 0 0.126046 0.472946 0.0142292 0.0967078 
0.33187 0.235393 0.222124 0 0 0 0 
0.508897 0 0 0 0 0 0 
0.743818 0 0 0.130233 0 0 0.048048 
0.437863 0.0491734 0.26079 0 0 0 0 
0.0755955 0 0 0 0.0191571 0.0805051 0 
7
7
1 0 0 0 0 0 0 
1 1 0 0 0 0 0 
1 1 1 0 0 0 0 
1 0 0 1 0 0 0 
1 0 0 0 1 0 0 
1 0 0 0 0 1 0 
1 0 0 0 0 0 1 

1 1 0.815419 1 1 0.999972 1 
6
7
0.426598 0 0 0.0630229 0.236473 0.00711462 0.0483539 
0.394693 0.228758 0.111062 0 0 0 0 
0.254448 0 0 0 0 0 0 
0.461049 0 0 0.0651163 0 0 0.024024 
0.373913 0.154982 0.130395 0 0 0 0 
0.0876289 0 0 0 0.00957854 0.0402526 0 

Sample_0 Sample_1 Sample_2 Sample_3 Sample_4 Sample_5 
5 1 2 10 4 3 0 

