gene_id	Sample_0	Sample_0	Sample_1	Sample_1	Sample_2	Sample_2	Sample_3	Sample_3	Sample_4	Sample_4	Sample_5	Sample_5
0;74;75;76	152	27	177	0	212	0	171	26	176	5	122	58
59;60;61;63;64;65;66;67	383	22	341	49	299	109	404	11	361	72	387	22
68;69;70;71;72;73	224	71	297	0	279	52	301	0	270	20	281	23
62	42	8	36	4	40	17	45	1	36	8	47	7
77;78;79;80;81;82;83;84;85;86;87;88;89;90	719	0	720	0	591	93	683	0	731	0	635	46
31;33;36;37;40;41;43;44;45;46;49;51;52;54;55;56;57;58	883	0	819	88	864	30	870	34	913	0	831	66
30;32;35;38;39;47;48;50	409	0	341	47	384	11	426	12	348	12	366	21
1;2;3;4;5;6;7;8;9;10;11;12;13;14;15;16;17;18;19;20;21;22;23;24;25;26;27;28;29;91;92;93;94;95;96;97;98;99	952	900	1073	809	1035	786	1578	331	1343	543	1055	899
34;42;53	163	0	125	31	159	10	152	4	136	1	112	7
