1 #sols

6
9
0.150838 0.054321 0.240678 0.16 0 0 0 0.485961 0 
0 0.125641 0 0.1 0 0.0970232 0.121134 0.429862 0.198718 
0 0.267157 0.1571 0.298246 0.135965 0.033557 0.0278481 0.431631 0.0591716 
0.13198 0.026506 0 0.0217391 0 0.0376106 0.0273973 0.173389 0.025641 
0.0276243 0.166282 0.0689655 0.181818 0 0 0.0333333 0.287911 0.00729927 
0.322222 0.0537897 0.0756579 0.12963 0.0675477 0.0735786 0.0542636 0.460082 0.0588235 

Sample_0 Sample_1 Sample_2 Sample_3 Sample_4 Sample_5 
0;74;75;76 59;60;61;63;64;65;66;67 68;69;70;71;72;73 62 77;78;79;80;81;82;83;84;85;86;87;88;89;90 31;33;36;37;40;41;43;44;45;46;49;51;52;54;55;56;57;58 30;32;35;38;39;47;48;50 1;2;3;4;5;6;7;8;9;10;11;12;13;14;15;16;17;18;19;20;21;22;23;24;25;26;27;28;29;91;92;93;94;95;96;97;98;99 34;42;53 

6
8
0 0 0 0 0.32 0.481356 0.186247 0 
0 0.397436 0.172992 0.148438 0.2 0 0 0 
0 0.118343 0.0556962 0.0671141 0.0961276 0.314199 0 0.27193 
0 0.0512821 0.0547945 0.0481493 0.00444669 0 0.234687 0 
0 0.0145985 0.0593552 0 0.363636 0.137931 0.0552486 0 
0 0.0436663 0.0615207 0.107554 0.0640074 0.0883531 0.478216 0.135095 
8
8
1 0 0 0 0 0 0 0 
1 1 0 0 0 0 0 0 
1 0 1 0 0 0 0 0 
1 0 0 1 0 0 0 0 
1 0 0 0 1 0 0 0 
1 0 0 0 0 1 0 0 
1 0 0 0 0 0 1 0 
1 0 0 0 1 0 0 1 

1 1 1 1 0.931553 1 0.924725 0.960363 
6
8
0.493801 0 0 0 0.16 0.240678 0.0931233 0 
0.459433 0.198718 0.0864962 0.074219 0.1 0 0 0 
0.461705 0.0591716 0.0278481 0.033557 0.184029 0.1571 0 0.135965 
0.19668 0.025641 0.0273973 0.0240746 0.00222335 0 0.117344 0 
0.315385 0.00729927 0.0296776 0 0.181818 0.0689655 0.0276243 0 
0.489206 0.0218332 0.0307603 0.053777 0.0995514 0.0441766 0.239108 0.0675477 

Sample_0 Sample_1 Sample_2 Sample_3 Sample_4 Sample_5 
7 8 6 5 3 2 0 4 

