gene_id	Sample_0	Sample_0	Sample_1	Sample_1	Sample_2	Sample_2	Sample_3	Sample_3	Sample_4	Sample_4	Sample_5	Sample_5
0;1;2;3;4;5;6;7;8	893	14	809	58	750	168	858	0	739	103	866	29
9;10;11;12;13;14;15;16;17;18;19;20;21;22;23;77	1272	330	1490	139	1324	297	1625	0	1406	210	1079	544
78;79;80;81;82;83;84;85;86;87;88;89;90;91;92;93;94;95;96;97;98;99	2153	0	2041	154	2175	0	2181	0	2131	0	2188	7
66;67;68;69;70;71;72;73;74;75;76	1086	0	819	324	1125	0	870	212	1154	0	1157	0
61;62;63;65	394	38	390	0	407	0	391	0	257	134	344	32
24;25;26;27;28;29;30	605	100	667	0	584	99	719	0	418	238	647	52
32;33;34;35;36;37;38;39;40;41;42;43;44;45;46;47;48;49;50;51;52;53;54;55;56	1833	791	1604	855	1318	1217	1894	575	1234	1215	1472	1037
31;64	149	38	187	0	189	0	210	0	135	88	180	5
57;58;59;60	411	2	384	0	380	0	402	0	385	41	362	0
