1 #sols

5
10
0 0 0 0 0.00225734 0 0 0.256281 0 0.2 
0 0.0298507 0 0.393728 0.0125571 0.0182768 0 0.38342 0 0 
0 0.274691 0.124072 0 0 0.00280899 0 0.391705 0.203704 0.208333 
0.135785 0.196667 0.0481283 0.090604 0 0 0.25731 0.329843 0 0.322581 
0.0305445 0.476974 0 0.00311526 0 0.125749 0.0446927 0.477273 0.363636 0.470588 

Sample_0 Sample_1 Sample_2 Sample_3 Sample_4 
30;33;35;36;37;39;41;42;43;45;46;47;48;49 0;1;2;3;4;5 50;51;52;53;54;55;56;57;58;59;60;61;62;63;64;65;66;67;68;69;70;71;72;73;74;75;76;77;78;79;80;81;82;83;84;85;86 23;24;25;26;27;28 6;7;8;9;10;11;12;13;14;15;16;17;18;19;20;21;22 93;94;95;96;97;98;99 29;31;32;34;38;40;44 88;90;91;92 89 87 

5
7
0.508048 0 0 0 0.00451467 0 0 
0.705172 0 0 0.0365535 0.0251142 0 0 
0.122241 0.407407 0 0.00561798 0 0.248144 0 
0 0 0.51462 0 0 0.0734468 0.211115 
0 0.666643 0.0464705 0.251497 0 0 0.03539 
7
7
1 0 0 0 0 0 0 
1 1 0 0 0 0 0 
1 0 1 0 0 0 0 
1 0 0 1 0 0 0 
1 0 0 0 1 0 0 
1 0 0 0 0 1 0 
1 0 0 0 0 0 1 

1 0.933095 0.962573 1 1 1 1 
5
7
0.256281 0 0 0 0.00225734 0 0 
0.38342 0 0 0.0182768 0.0125571 0 0 
0.391705 0.203704 0 0.00280899 0 0.124072 0 
0.399591 0 0.25731 0 0 0.0367234 0.105557 
0.5 0.333321 0.0232352 0.125749 0 0 0.017695 

Sample_0 Sample_1 Sample_2 Sample_3 Sample_4 
7 8 6 5 4 2 0 

