gene_id	Sample_0	Sample_0	Sample_1	Sample_1	Sample_2	Sample_2	Sample_3	Sample_3	Sample_4	Sample_4
30;33;35;36;37;39;41;42;43;45;46;47;48;49	681	0	685	0	732	0	611	96	730	23
0;1;2;3;4;5	308	0	260	8	235	89	241	59	159	145
50;51;52;53;54;55;56;57;58;59;60;61;62;63;64;65;66;67;68;69;70;71;72;73;74;75;76;77;78;79;80;81;82;83;84;85;86	1844	0	1899	0	1652	234	1780	90	1781	0
23;24;25;26;27;28	305	0	174	113	275	0	271	27	320	1
6;7;8;9;10;11;12;13;14;15;16;17;18;19;20;21;22	884	2	865	11	868	0	833	0	792	0
93;94;95;96;97;98;99	370	0	376	7	355	1	371	0	292	42
29;31;32;34;38;40;44	362	0	333	0	351	0	254	88	342	16
88;90;91;92	148	51	119	74	132	85	128	63	115	105
89	60	0	59	0	43	11	49	0	35	20
87	36	9	48	0	38	10	42	20	27	24
