1 #sols

4
8
0 0.0474632 0.30083 0.190769 0 0.461538 0.291421 0.1625 
0.0190931 0.00169779 0.0158103 0 0.327044 0.532258 0.080625 0.00806452 
0.144087 0 0 0.172414 0 0.454545 0.336985 0.0114943 
0 0.4375 0.384778 0 0 0.362069 0.420892 0 

Sample_0 Sample_1 Sample_2 Sample_3 
53;67;68;69;70;71;72;73;74;75;76;77;78;79;80;81;82;83;84;85;86;87;88;89;90;91;92;93;94;95;96;97;98;99 32;54;55;56;57;58;59;60;61;62;63 33;34;35;36;37;38;39;40;41;42 43;44;45;46;48;49;50 64;65;66 51 0;1;2;3;4;5;6;7;8;9;10;11;12;13;14;15;16;17;18;19;20;21;22;23;24;25;26;27;28;29;30;31 47;52 

4
5
0.216538 0.325 0 0.381538 0 
0.291597 0.016129 0.654088 0 0.0381862 
0.2531 0.0229885 0 0.344828 0.288175 
0.724138 0 0 0 0 
5
5
1 0 0 0 0 
1 1 0 0 0 
1 0 1 0 0 
1 0 0 1 0 
1 0 0 0 1 

1 0.99989 0.997388 0.999978 1 
4
5
0.461538 0.1625 0 0.190769 0 
0.5 0.00806452 0.327044 0 0.0190931 
0.454545 0.0114943 0 0.172414 0.144087 
0.362069 0 0 0 0 

Sample_0 Sample_1 Sample_2 Sample_3 
5 7 4 3 0 

