MultiBinom clustering
Convergence threshold: 1.000000
Initial num clusters: 20
kmeans: True

Time taken: 54.087886
Num active clusters: 4
Cluster assignments
1
2
2
3
0
2
3
1
3
1
1
2
3
3
3
2
3
1
1
2
Alpha posterior values
57014.0000 0.0000 287709.0000 152429.0000 0.0000 6587.0000 0.0000 0.0000 0.0000 0.0000 0.0000 0.0000 0.0000 0.0000 0.0000 0.0000 0.0000 0.0000 0.0000 0.0000
68604.0000 0.0000 305393.0000 158434.0000 0.0000 5207.0000 0.0000 0.0000 0.0000 0.0000 0.0000 0.0000 0.0000 0.0000 0.0000 0.0000 0.0000 0.0000 0.0000 0.0000
5183.0000 0.0000 218863.0000 22997.0000 0.0000 90123.0000 0.0000 0.0000 0.0000 0.0000 0.0000 0.0000 0.0000 0.0000 0.0000 0.0000 0.0000 0.0000 0.0000 0.0000
242.0000 0.0000 297306.0000 1031.0000 0.0000 169098.0000 0.0000 0.0000 0.0000 0.0000 0.0000 0.0000 0.0000 0.0000 0.0000 0.0000 0.0000 0.0000 0.0000 0.0000
321.0000 0.0000 293535.0000 920.0000 0.0000 182208.0000 0.0000 0.0000 0.0000 0.0000 0.0000 0.0000 0.0000 0.0000 0.0000 0.0000 0.0000 0.0000 0.0000 0.0000
Beta posterior values
19418.0000 0.0000 324130.0000 224342.0000 0.0000 371629.0000 0.0000 0.0000 0.0000 0.0000 0.0000 0.0000 0.0000 0.0000 0.0000 0.0000 0.0000 0.0000 0.0000 0.0000
12953.0000 0.0000 316031.0000 189147.0000 0.0000 329691.0000 0.0000 0.0000 0.0000 0.0000 0.0000 0.0000 0.0000 0.0000 0.0000 0.0000 0.0000 0.0000 0.0000 0.0000
46148.0000 0.0000 460095.0000 329352.0000 0.0000 275310.0000 0.0000 0.0000 0.0000 0.0000 0.0000 0.0000 0.0000 0.0000 0.0000 0.0000 0.0000 0.0000 0.0000 0.0000
90346.0000 0.0000 358202.0000 343774.0000 0.0000 200835.0000 0.0000 0.0000 0.0000 0.0000 0.0000 0.0000 0.0000 0.0000 0.0000 0.0000 0.0000 0.0000 0.0000 0.0000
100250.0000 0.0000 317557.0000 365247.0000 0.0000 188418.0000 0.0000 0.0000 0.0000 0.0000 0.0000 0.0000 0.0000 0.0000 0.0000 0.0000 0.0000 0.0000 0.0000 0.0000
Cluster phi posterior values
0.7459 0.4702 0.4046 0.0174
0.8412 0.4914 0.4558 0.0155
0.1010 0.3224 0.0653 0.2466
0.0027 0.4536 0.0030 0.4571
0.0032 0.4803 0.0025 0.4916
