gene_id	Sample_0	Sample_0	Sample_1	Sample_1	Sample_2	Sample_2	Sample_3	Sample_3	Sample_4	Sample_4
14	783	196	852	110	916	140	996	42	1022	0
76;77;78;79;80;81	4838	1080	4198	1756	4964	1086	5685	263	6105	0
93;94;95;96;97;98;99	7005	0	6552	472	6973	0	7007	0	6649	337
73;74;75	2781	264	2990	0	3032	0	2611	301	3000	0
0;25;26;29;30;32;33;36;37;38;40;41;43;44;45;47;48;50;51;52;54;55;57;58;59;82;83;84	27992	153	28110	0	26750	1301	24776	3031	27970	0
27;28;31;34;35;39;42;46;49;53;56	11025	130	11015	0	10219	626	9844	1132	10874	0
60;61;62;63;64;65;66;67;68;69;70;71;72	9287	3724	6999	6098	9804	3051	8380	4600	12567	631
85;86;87;88;89;90;91;92	7437	497	8213	0	7459	519	8024	0	7829	0
1;2;3;4;5;6;7;8;9;10;11;12;13;15;16;17;18;19;20;21;22;23;24	18555	4304	20486	2846	18977	4150	22055	974	22758	0
