1 #sols

6
7
0.130413 0 0 0 0.365473 0 0 
0 0 0.214043 0.0946266 0.407709 0.21808 0 
0 0 0.0784489 0.0510653 0.381241 0 0.065167 
0 0.140042 0 0.188604 0.449574 0 0.0378423 
0.0288806 0 0 0 0.373293 0 0 
0 0.0341701 0.197301 0 0.226383 0.193738 0 

Sample_0 Sample_1 Sample_2 Sample_3 Sample_4 Sample_5 
52;53;54;55;56;57;58;59;60;61;62;63 64;65;66;67;68;69;97;98;99 20;21;22;23;24;25;26;27;28;29 94;95;96 0;1;2;3;4;5;6;7;8;9;10;11;12 70;71;72;73;74;75;76;77;78;79;80;81;82;83;84;85;86;87;88;89;90;91;92;93 13;14;15;16;17;18;19;30;31;32;33;34;35;36;37;38;39;40;41;42;43;44;45;46;47;48;49;50;51 

6
6
0.470119 0 0 0 0 0.260827 
0.190005 0 0.43616 0.189253 0 0 
0.530018 0.130334 0 0.102131 0 0 
0.166172 0.0756847 0 0.377208 0.280084 0 
0.688824 0 0 0 0 0.0577611 
0 0 0.387477 0 0.0683402 0 
6
6
1 0 0 0 0 0 
1 1 0 0 0 0 
1 0 1 0 0 0 
1 0 0 1 0 0 
1 0 0 0 1 0 
1 0 0 0 0 1 

1 1 1 1 1 1 
6
6
0.365473 0 0 0 0 0.130413 
0.407709 0 0.21808 0.0946266 0 0 
0.381241 0.065167 0 0.0510653 0 0 
0.449574 0.0378423 0 0.188604 0.140042 0 
0.373293 0 0 0 0 0.0288806 
0.227908 0 0.193738 0 0.0341701 0 

Sample_0 Sample_1 Sample_2 Sample_3 Sample_4 Sample_5 
4 6 5 3 1 0 

