1 #sols

4
8
0.0394811 0.35 0.147268 0.202247 0.015528 0.441121 0.0819672 0.214286 
0.0227661 0.27451 0.283594 0.128713 0 0.460303 0.34 0 
0 0.157895 0.149026 0.0721649 0.133234 0.267934 0.246377 0.113208 
0.00407925 0.297297 0.0522088 0.292135 0.0484581 0.408326 0 0 

Sample_0 Sample_1 Sample_2 Sample_3 
3;4;5;6;7;33;34;35;36;37;38;61;62;63;64;65;66;67;68;69;70;71;72;73;74;75;91;92;93;94;95;96;97;98;99 1 8;9;10;11;12;13;14;15;16;17;18;19;20;21;22;23;24;26;27;28;29;30;31;32 0;2 77;78;79;80;81;82;83;84;85;86;87;88;89;90 39;40;41;42;43;44;45;46;47;48;49;50;51;52;53;54;55;56;57;58;59;60 25 76 

4
6
0 0.428571 0.0310559 0.225225 0.197084 0.0789622 
0.0959921 0 0 0.257426 0.521657 0.0455322 
0 0.078395 0.224941 0.0537013 0.248101 0 
0.0310483 0 0.0969163 0.58427 0.0962592 0.00815851 
6
6
1 0 0 0 0 0 
1 1 0 0 0 0 
1 0 1 0 0 0 
1 0 0 1 0 0 
1 0 0 0 1 0 
1 0 0 0 1 1 

1 0.994999 1 0.984376 1 1 
4
6
0.480449 0.214286 0.015528 0.112612 0.138023 0.0394811 
0.460303 0 0 0.128713 0.283594 0.0227661 
0.302569 0.0391975 0.11247 0.0268507 0.12405 0 
0.408326 0 0.0484581 0.292135 0.0522088 0.00407925 

Sample_0 Sample_1 Sample_2 Sample_3 
5 7 4 3 2 0 

