gene_id	Sample_0	Sample_0	Sample_1	Sample_1	Sample_2	Sample_2	Sample_3	Sample_3	Sample_4	Sample_4
0;1;2;3;4;5;6;14;15;16;17;18;19	336	317	476	234	319	331	358	240	303	299
7;8;9;10;11;12;13;20;21;22;23;88	561	34	547	84	529	56	496	122	585	7
46;47;49;52;53;54;55;56;57;59;60;63;65;66;68;70;71;73;74	629	359	902	31	740	186	973	0	558	373
45;48;50;51;58;61;62;64;67;69;72	318	213	561	2	397	124	535	4	310	245
89;90;91;92;93;94;95;96;97;98;99	387	163	588	0	433	143	569	0	540	15
30;32	100	10	110	0	99	0	108	2	81	22
24;25;26;27;28;29;31;33;34;35;36;37;75;76;77;78;79;80;81;82;83;84;85;86;87	1128	122	1273	0	1274	0	1226	5	734	499
38;39;40;41;42;43	290	9	292	0	326	1	270	0	311	0
44	60	0	45	0	54	0	46	0	41	0
