1 #sols

5
9
0.485452 0.0571429 0.36336 0.40113 0.296364 0.0909091 0.0976 0.0301003 0 
0.329577 0.133122 0.0332262 0.0035524 0 0 0 0 0 
0.509231 0.0957265 0.200864 0.238004 0.248264 0 0 0.0030581 0 
0.401338 0.197411 0 0.00742115 0 0.0181818 0.00406174 0 0 
0.496678 0.0118243 0.400644 0.441441 0.027027 0.213592 0.404704 0 0 

Sample_0 Sample_1 Sample_2 Sample_3 Sample_4 
0;1;2;3;4;5;6;14;15;16;17;18;19 7;8;9;10;11;12;13;20;21;22;23;88 46;47;49;52;53;54;55;56;57;59;60;63;65;66;68;70;71;73;74 45;48;50;51;58;61;62;64;67;69;72 89;90;91;92;93;94;95;96;97;98;99 30;32 24;25;26;27;28;29;31;33;34;35;36;37;75;76;77;78;79;80;81;82;83;84;85;86;87 38;39;40;41;42;43 44 

5
6
0.0820724 0.054085 0.0602007 0 0.181818 0.592727 
0.392911 0.266244 0 0 0 0 
0.312019 0.185337 0.00611621 0 0 0.496528 
0.37149 0.394822 0 0 0.0363636 0 
0.488468 0.0236486 0 0 0.427184 0.0540541 
6
6
1 0 0 0 0 0 
1 1 0 0 0 0 
1 1 1 0 0 0 
1 0 0 1 0 0 
1 0 0 0 1 0 
1 0 0 0 0 1 

1 1 0.960452 1 1 1 
5
6
0.485452 0.0571429 0.0301003 0 0.0909091 0.296364 
0.329577 0.133122 0 0 0 0 
0.5 0.0957265 0.0030581 0 0 0.248264 
0.401338 0.197411 0 0 0.0181818 0 
0.496678 0.0118243 0 0 0.213592 0.027027 

Sample_0 Sample_1 Sample_2 Sample_3 Sample_4 
0 1 7 8 5 4 

