1 #sols

4
10
0 0.15493 0.323232 0 0.000887311 0 0.0224719 0.486057 0.0600189 0.0260756 
0 0.404844 0.0789474 0.214784 0.156955 0.00483092 0.129032 0.421254 0 0.17 
0 0.498361 0 0 0.298113 0 0.398058 0.480515 0.186025 0.269412 
0.0873984 0.146429 0 0 0 0.135135 0.152381 0.330385 0 0.0955975 

Sample_0 Sample_1 Sample_2 Sample_3 
11;12;13;14;15;16;17;18;19;20;21;22;23;24;25;26;28;29;30;31 97;98;99 96 36;37;38;39;40;41;42 9;86;87;88;89;90;91;92;93;94;95 10;27 2 60;61;62;63;64;65;66;67;68;69;70;71;72;73;74;75;76;77;78;79;80;81;82;83;84;85 32;33;34;35;43;44;45;46;47;48;49;50;51;52;53;54;55;56;57;58;59 0;1;3;4;5;6;7;8 

4
7
0.203838 0.120038 0 0.00177462 0 0.646465 0 
0 0 0.000997292 0.304082 0.429568 0.157895 0 
0 0.372049 0 0.596226 0 0 0 
0.215702 0 0.27027 0 0 0 0.174797 
7
7
1 0 0 0 0 0 0 
1 1 0 0 0 0 0 
1 0 1 0 0 0 0 
1 0 0 1 0 0 0 
1 0 0 0 1 0 0 
1 0 0 0 0 1 0 
1 0 0 0 0 0 1 

1 1 1 1 1 0.999308 1 
4
7
0.486057 0.0600189 0 0.000887311 0 0.323232 0 
0.446271 0 0.000498646 0.152041 0.214784 0.0789474 0 
0.484138 0.186025 0 0.298113 0 0 0 
0.330385 0 0.135135 0 0 0 0.0873984 

Sample_0 Sample_1 Sample_2 Sample_3 
7 8 5 4 3 2 0 

