gene_id	Sample_0	Sample_0	Sample_1	Sample_1	Sample_2	Sample_2	Sample_3	Sample_3
11;12;13;14;15;16;17;18;19;20;21;22;23;24;25;26;28;29;30;31	1983	0	1963	0	2031	0	1796	172
97;98;99	240	44	172	117	153	152	239	41
96	67	32	105	9	109	0	93	0
36;37;38;39;40;41;42	666	0	563	154	700	0	707	0
9;86;87;88;89;90;91;92;93;94;95	1126	1	897	167	744	316	1091	0
10;27	214	0	206	1	193	0	160	25
2	87	2	81	12	62	41	89	16
60;61;62;63;64;65;66;67;68;69;70;71;72;73;74;75;76;77;78;79;80;81;82;83;84;85	1327	1255	1514	1102	1373	1270	1741	859
32;33;34;35;43;44;45;46;47;48;49;50;51;52;53;54;55;56;57;58;59	1989	127	2096	0	1724	394	2172	0
0;1;3;4;5;6;7;8	747	20	664	136	621	229	719	76
