1 #sols

4
9
7.35483e-05 0.0497818 0 0.452906 0.224975 0.290281 0 0.283858 0.191403 
0.00834513 0 0.316819 0.422732 0.0161128 0.0234497 0.0591963 0.0778713 0 
0.145815 0 0 0.498047 0 0 0.145915 0.337571 0.157497 
0 0.435731 0 0.410129 0 0.422196 0 0.421382 0 

Sample_0 Sample_1 Sample_2 Sample_3 
53;67;68;69;70;71;72;73;74;75;76;77;78;79;80;81;82;83;84;85;86;87;88;89;90;91;92 54;55;56;57;58;59;60;61;62;63 64;65;66 51 52 32;33;34;35;36;37;38;39;40;41;42 93;94;95;96;97;98;99 0;1;2;3;4;5;6;7;8;9;10;11;12;13;14;15;16;17;18;19;20;21;22;23;24;25;26;27;28;29;30;31 43;44;45;46;47;48;49;50 

4
6
0.0729083 0.382806 0 0.44995 0 0.000147097 
0.0445176 0 0.118393 0.0322256 0.633638 0.0166903 
0.0976393 0.314994 0.291831 0 0 0.29163 
0.820258 0 0 0 0 0 
6
6
1 0 0 0 0 0 
1 1 0 0 0 0 
1 0 1 0 0 0 
1 0 0 1 0 0 
1 0 0 0 1 0 
1 0 0 0 0 1 

1 1 1 1 1 1 
4
6
0.452906 0.191403 0 0.224975 0 7.35483e-05 
0.422732 0 0.0591963 0.0161128 0.316819 0.00834513 
0.498047 0.157497 0.145915 0 0 0.145815 
0.410129 0 0 0 0 0 

Sample_0 Sample_1 Sample_2 Sample_3 
3 8 6 4 2 0 

