1 #sols

4
9
0.202968 0 0.098119 0.210015 0.370123 0.0949153 0.284457 0.208333 0 
0.13857 0.0819009 0.183595 0.138799 0.408201 0.20928 0.148891 0.145325 0 
0.182406 0.107292 0 0 0.353046 0 0.177062 0.222993 0.183302 
0.0705965 0.00409836 0 0 0.480276 0 0.0673469 0.0610611 0.0670208 

Sample_0 Sample_1 Sample_2 Sample_3 
0;1;2;3;4;5;6;7;8;9;10;20;21;22;23;24;25;26;27;28;29;30;31;32;33;34;35;36;37;38;39;40;42;43;44;45;46 63 86;87;90;92;93;94;95;96 11;12;13;14;15;16;17;18;19;64;65;66;67 68;69;70;71;72;73;74;75;76;77;78;79;80;81;82;83;84;85;98;99 88;89;91 97 41 47;48;49;50;51;52;53;54;55;56;57;58;59;60;61;62 

4
5
0.123978 0 0.420029 0.196238 0 
0.00781286 0 0.277598 0.367189 0.163802 
0.124904 0.366605 0 0 0.214583 
0.818314 0.134042 0 0 0.00819672 
5
5
1 0 0 0 0 
1 1 0 0 0 
1 0 1 0 0 
1 0 0 1 0 
1 0 0 0 1 

1 1 1 1 1 
4
5
0.370123 0 0.210015 0.098119 0 
0.408201 0 0.138799 0.183595 0.0819009 
0.353046 0.183302 0 0 0.107292 
0.480276 0.0670208 0 0 0.00409836 

Sample_0 Sample_1 Sample_2 Sample_3 
4 8 3 2 1 

