gene_id	Sample_0	Sample_0	Sample_1	Sample_1	Sample_2	Sample_2	Sample_3	Sample_3
0;1;2;3;4;5;6;7;8;9;10;20;21;22;23;24;25;26;27;28;29;30;31;32;33;34;35;36;37;38;39;40;42;43;44;45;46	29436	7496	31748	5107	30076	6710	34387	2612
63	969	0	908	81	857	103	972	4
86;87;90;92;93;94;95;96	7096	772	6559	1475	8088	0	8086	0
11;12;13;14;15;16;17;18;19;64;65;66;67	10318	2743	11156	1798	12835	0	12992	0
68;69;70;71;72;73;74;75;76;77;78;79;80;81;82;83;84;85;98;99	12624	7418	11878	8193	13040	7116	10395	9606
88;89;91	2670	280	2471	654	3054	0	3022	0
97	732	291	806	141	818	176	914	66
41	798	210	841	143	784	225	938	61
47;48;49;50;51;52;53;54;55;56;57;58;59;60;61;62	15850	0	16055	0	13206	2964	15104	1085
