1 #sols

6
6
0.485961 0 0 0.0659341 0.150838 0.240678 
0.429862 0.114404 0 0.123256 0 0 
0.431631 0.0349794 0.135965 0.270968 0 0.1571 
0.173389 0.0333778 0 0.0260304 0.13198 0 
0.287911 0.00921986 0 0.167715 0.0276243 0.0689655 
0.460082 0.0669993 0.0675477 0.062635 0.322222 0.0756579 

Sample_0 Sample_1 Sample_2 Sample_3 Sample_4 Sample_5 
1;2;3;4;5;6;7;8;9;10;11;12;13;14;15;16;17;18;19;20;21;22;23;24;25;26;27;28;29;91;92;93;94;95;96;97;98;99 30;31;32;33;34;35;36;37;38;39;40;41;42;43;44;45;46;47;48;49;50;51;52;53;54;55;56;57;58 77;78;79;80;81;82;83;84;85;86;87;88;89;90 59;60;61;62;63;64;65;66;67 0;74;75;76 68;69;70;71;72;73 

6
5
0.18889 0.481356 0.301676 0 0 
0.630916 0 0 0 0.228808 
0.207174 0.314199 0 0.27193 0.0699588 
0.0160634 0 0.263959 0 0.0667557 
0.364202 0.137931 0.0552486 0 0.0184397 
0 0.0883531 0.636175 0.0925675 0.103068 
5
5
1 0 0 0 0 
1 1 0 0 0 
1 0 1 0 0 
1 0 0 1 0 
1 0 0 0 1 

1 1 0.924725 1 1 
6
5
0.485961 0.240678 0.150838 0 0 
0.429862 0 0 0 0.114404 
0.431631 0.1571 0 0.135965 0.0349794 
0.173389 0 0.13198 0 0.0333778 
0.287911 0.0689655 0.0276243 0 0.00921986 
0.460082 0.0441766 0.318087 0.0462837 0.0515342 

Sample_0 Sample_1 Sample_2 Sample_3 Sample_4 Sample_5 
0 5 4 2 1 

