1 #sols

4
9
0 0.0770108 0.0918316 0 0 0.413064 0.196571 0.0689655 0.133106 
0 0.167904 0 0.172798 0 0.371058 0.162919 0 0 
0.038835 0 0 0 0.0190871 0.411654 0.0203187 0 0.183801 
0.0512821 0.00571755 0 0.259343 0.134244 0.398789 0.13712 0.0108108 0 

Sample_0 Sample_1 Sample_2 Sample_3 
25 57;58;59;60;61;62;63;64;65;91;92;93;94;95;96;97;98;99 0;1;2;4;5;6;8;9;10;11;12;13;14;42;43;44;45;46;47 48;49;50;51;52;53;54;55;56 18;19;20;21;22;23;24;26;27;28;29;30 31;32;33;34;35;36;37;38;39;40;41 66;67;68;69;70;71;72;73;74;75;76;77;78;79;80;81;82;83;84;85;86;87;88;89;90 3;7 15;16;17 

4
8
0.0127535 0.0825485 0.183663 0.255211 0.137931 0 0.154022 0 
0.0804687 0 0 0.325838 0 0 0.335808 0 
0.299225 0.367601 0 0.0406375 0 0.0381743 0 0.0776699 
0.140851 0 0 0.252618 0.0216216 0.268489 0.0114351 0.102564 
8
8
1 0 0 0 0 0 0 0 
1 1 0 0 0 0 0 0 
1 1 1 0 0 0 0 0 
1 0 0 1 0 0 0 0 
1 0 0 1 1 0 0 0 
1 0 0 0 0 1 0 0 
1 0 0 0 0 0 1 0 
1 0 0 0 0 0 0 1 

1 1 0.858166 1 0.979925 1 1 1 
4
8
0.413064 0.133106 0.0918316 0.196571 0.0689655 0 0.0770108 0 
0.371058 0 0 0.162919 0 0 0.167904 0 
0.411654 0.183801 0 0.0203187 0 0.0190871 0 0.038835 
0.398789 0 0 0.13712 0.0108108 0.134244 0.00571755 0.0512821 

Sample_0 Sample_1 Sample_2 Sample_3 
5 8 2 6 7 4 1 0 

