1 #sols

5
6
0.455751 0.109089 0.00571261 0.0839965 0 0.202331 
0.370711 0.275206 0.213356 0.0650624 0.142857 0 
0.433461 0.28386 0.0854164 0 0.0873786 0 
0.141992 0.081925 0.0969317 0.0645077 0 0 
0.41073 0.133031 0.110105 0 0 0.212737 

Sample_0 Sample_1 Sample_2 Sample_3 Sample_4 
39;40;41;42;43;44;45;46;47;48;49;50;51;52;53;54;55;56;57;58;59;60;61;62;63;64;65;66;67;68;69 25;26;27;28;29;30;31;32;33;34;35;36;37;38;94;95 23;24;70;71;72;73;74 0;1;2;3;4;5;6;7;8;9;10;11;12;13;14;15;16;17;18;19;20;21;22 99 75;76;77;78;79;80;81;82;83;84;85;86;87;88;89;90;91;92;93;96;97;98 

5
5
0.288662 0.0501842 0 0.167993 0.404663 
0.191012 0.134572 0.285714 0.130125 0 
0.299202 0.392963 0.174757 0 0 
0.120133 0.0348347 0 0.129015 0 
0.129925 0.266062 0 0 0.425474 
5
5
1 0 0 0 0 
1 1 0 0 0 
1 1 1 0 0 
1 1 0 1 0 
1 0 0 0 1 

1 1 1 1 1 
5
5
0.455751 0.109089 0 0.0839965 0.202331 
0.370711 0.275206 0.142857 0.0650624 0 
0.433461 0.28386 0.0873786 0 0 
0.141992 0.081925 0 0.0645077 0 
0.41073 0.133031 0 0 0.212737 

Sample_0 Sample_1 Sample_2 Sample_3 Sample_4 
0 1 4 3 5 

