1 #sols

4
8
0.24548 0 0 0.0435003 0 0 0 0.0346679 
0.372973 0.0851703 0.064741 0.218996 0 0.0882353 0.0429347 0 
0.154569 0.0487682 0.210874 0 0.0417225 0 0 0 
0.411808 0.31303 0 0 0.258217 0.0648843 0.0792533 0.0157659 

Sample_0 Sample_1 Sample_2 Sample_3 
46;47;48;49;50;51;52;53;54;55;56;57;58;59;60;63;64;65;66;67;68;69;70;71;72;73;74;75;76;77 0;1 78;79;80;81;82;83;99 61;62 93;94;95;96;97;98 90;91;92 84;85;86;87;88;89 2;3;4;5;6;7;8;9;10;11;12;13;14;15;16;17;18;19;20;21;22;23;24;25;26;27;28;29;30;31;32;33;34;35;36;37;38;39;40;41;42;43;44;45 

4
6
0.334623 0.0693359 0 0 0 0.0870005 
0.0456142 0 0.0858694 0.176471 0 0.437992 
0.225693 0 0 0 0.083445 0 
0 0.0315317 0.158507 0.129769 0.516433 0 
6
6
1 0 0 0 0 0 
1 1 0 0 0 0 
1 0 1 0 0 0 
1 0 0 1 0 0 
1 0 0 0 1 0 
1 0 0 0 0 1 

1 1 1 1 1 1 
4
6
0.24548 0.0346679 0 0 0 0.0435003 
0.372973 0 0.0429347 0.0882353 0 0.218996 
0.154569 0 0 0 0.0417225 0 
0.41812 0.0157659 0.0792533 0.0648843 0.258217 0 

Sample_0 Sample_1 Sample_2 Sample_3 
0 7 6 5 4 3 

