1 #sols

5
9
0 0 0 0 0.0469799 0 0.0652174 0.0428477 0 
0 0.308462 0 0 0.341373 0.399123 0 0.361533 0 
0.0497409 0 0.257108 0.0122137 0.323095 0 0 0.0149611 0 
0 0.0368664 0 0.137584 0.232544 0.0564636 0 0.255556 0.0726817 
0.105514 0 0.0246575 0 0.450796 0 0.299145 0.343577 0.0232019 

Sample_0 Sample_1 Sample_2 Sample_3 Sample_4 
0;1;2;3;4;5;6;7;8;9;10;11;12;13;14;15;16;17;18;19;20;21;22;23;24;25;26;27;44;45 47;48;50;51;54;56;58;60;62;63;64 65;66;67;68;69;70;71;72 94;95;96;97;98;99 73;74;75;76;77;78;79;80;81;82;83;84;85;86;87;88;89 49;52;53;55;57;59;61 46 28;29;30;31;32;33;34;35;36;37;38;39;40;41;42;43 90;91;92;93 

5
6
0.0939597 0 0 0 0 0 
0.0658213 0 0 0 0.616924 0 
0.00806577 0 0.0244275 0.514215 0 0.0994819 
0 0.145363 0.275168 0 0.0737327 0 
0.594844 0.0464037 0 0.0493151 0 0.211028 
6
6
1 0 0 0 0 0 
1 1 0 0 0 0 
1 0 1 0 0 0 
1 0 0 1 0 0 
1 0 0 0 1 0 
1 0 0 0 0 1 

1 1 1 0.999638 0.963403 1 
5
6
0.0469799 0 0 0 0 0 
0.341373 0 0 0 0.308462 0 
0.323095 0 0.0122137 0.257108 0 0.0497409 
0.247132 0.0726817 0.137584 0 0.0368664 0 
0.450796 0.0232019 0 0.0246575 0 0.105514 

Sample_0 Sample_1 Sample_2 Sample_3 Sample_4 
4 8 3 2 1 0 

