1 #sols

6
7
0.485961 0.0792079 0.150838 0.240678 0.0394737 0 0 
0.429862 0.117216 0 0 0.133758 0.114404 0 
0.431631 0.292605 0 0.1571 0.227273 0.0349794 0.135965 
0.173389 0.0227273 0.13198 0 0.0326797 0.0333778 0 
0.287911 0.208054 0.0276243 0.0689655 0.100559 0.00921986 0 
0.460082 0.0810811 0.322222 0.0756579 0.0299401 0.0669993 0.0675477 

Sample_0 Sample_1 Sample_2 Sample_3 Sample_4 Sample_5 
1;2;3;4;5;6;7;8;9;10;11;12;13;14;15;16;17;18;19;20;21;22;23;24;25;26;27;28;29;91;92;93;94;95;96;97;98;99 59;60;61;62;66;67 0;74;75;76 68;69;70;71;72;73 63;64;65 30;31;32;33;34;35;36;37;38;39;40;41;42;43;44;45;46;47;48;49;50;51;52;53;54;55;56;57;58 77;78;79;80;81;82;83;84;85;86;87;88;89;90 

6
6
0.109943 0 0 0.0789474 0.481356 0.301676 
0.3634 0 0.228808 0.267516 0 0 
0 0.27193 0.0486574 0.30221 0.240465 0 
0 0 0.0667557 0.0201883 0 0.259834 
0.163085 0 0.0184397 0.201117 0.137931 0.0552486 
0 0.135095 0.103068 0.0598802 0.143904 0.478216 
6
6
1 0 0 0 0 0 
1 1 0 0 0 0 
1 0 1 0 0 0 
1 0 0 1 0 0 
1 0 0 0 1 0 
1 0 0 0 0 1 

1 1 1 1 1 0.924725 
6
6
0.485961 0 0 0.0394737 0.240678 0.150838 
0.429862 0 0.114404 0.133758 0 0 
0.431631 0.135965 0.0243287 0.151105 0.120232 0 
0.173389 0 0.0333778 0.0100941 0 0.129917 
0.287911 0 0.00921986 0.100559 0.0689655 0.0276243 
0.460082 0.0675477 0.0515342 0.0299401 0.0719519 0.239108 

Sample_0 Sample_1 Sample_2 Sample_3 Sample_4 Sample_5 
0 6 5 4 3 2 

