gene_id	Sample_0	Sample_0	Sample_1	Sample_1	Sample_2	Sample_2	Sample_3	Sample_3
0;1;2;3;4;5;6;7;8;9;10;90;91;92;97;99	527	239	752	11	639	148	782	0
14;18;19;20;22;27;28;29;31;33;34	527	9	356	258	549	13	470	62
15;35;36;37;38;39;40;41;42;43;44;45;46;47;48;49;50;51;52;53;54;55;56;57;58;59;60;62;63;64;65;66;67;68;69;70	1742	54	997	813	1697	46	1801	0
12;93;94;95	194	0	233	0	195	19	166	43
13;16;17;21;23;24;25;26;30;32	453	38	244	231	465	20	448	45
81;89	71	37	40	61	88	31	68	42
61	51	0	40	19	57	3	49	0
71;72;73;74;75;76;77;78;79;80;82;83;84;85;86;87;88	439	398	414	417	630	279	558	302
11;96;98	141	15	145	6	115	18	143	0
