1 #sols

5
5
0.0656188 0.00734387 0 0 0 
0.213033 0.0163075 0.0223472 0 0 
0.204174 0 0.00127101 0 0.121724 
0.202214 0 0 0.205555 0.0430168 
0.297149 0 0.120097 0.0407199 0 

Sample_0 Sample_1 Sample_2 Sample_3 Sample_4 
0;1;2;3;4;5;23;24;25;26;27;28;87;88;89;90;91;92 6;7;8;9;10;11;12;13;14;15;16;17;18;19;20;21;22 93;94;95;96;97;98;99 29;30;31;32;33;34;35;36;37;38;39;40;41;42;43;44;45;46;47;48;49 50;51;52;53;54;55;56;57;58;59;60;61;62;63;64;65;66;67;68;69;70;71;72;73;74;75;76;77;78;79;80;81;82;83;84;85;86 

5
4
0.11655 0 0 0.0146877 
0.348757 0 0.0446943 0.032615 
0.162359 0.243447 0.00254201 0 
0.318394 0.0860337 0 0 
0.354104 0 0.240193 0 
4
4
1 0 0 0 
1 1 0 0 
1 0 1 0 
1 0 0 1 

1 1 1 1 
5
4
0.0656188 0 0 0.00734387 
0.213033 0 0.0223472 0.0163075 
0.204174 0.121724 0.00127101 0 
0.202214 0.0430168 0 0 
0.297149 0 0.120097 0 

Sample_0 Sample_1 Sample_2 Sample_3 Sample_4 
0 4 2 1 

