1 #sols

4
6
0.384226 0.207737 0.230769 0.176249 0.0322581 0 
0.413511 0.131367 0.171429 0.154255 0.108434 0.00116144 
0.34098 0.200323 0.0212766 0 0 0.188107 
0.484375 0.0708144 0.0833333 0 0 0.0480549 

Sample_0 Sample_1 Sample_2 Sample_3 
68;69;70;71;72;73;74;75;76;77;78;79;80;81;82;83;84;85;98;99 0;1;2;3;4;5;6;7;8;9;10;20;21;22;23;24;25;26;27;29;30;31;32;33;34;35;36;37;38;39;40;41;42;43;44;45;46;97 28 11;12;13;14;15;16;17;18;19;64;65;66;67;86;87;89;90;91;92;93;94;95 88;96 47;48;49;50;51;52;53;54;55;56;57;58;59;60;61;62;63 

4
5
0 0.397022 0.0645161 0 0.352498 
0.173331 0.12599 0.216867 0.00232288 0.308511 
0.263194 0.0425532 0 0.376214 0 
0.705973 0.166667 0 0.0961098 0 
5
5
1 0 0 0 0 
1 1 0 0 0 
1 1 1 0 0 
1 0 0 1 0 
1 0 0 0 1 

1 0.972703 0.840768 1 1 
4
5
0.407018 0.230769 0.0322581 0 0.176249 
0.413511 0.171429 0.108434 0.00116144 0.154255 
0.34098 0.0212766 0 0.188107 0 
0.484375 0.0833333 0 0.0480549 0 

Sample_0 Sample_1 Sample_2 Sample_3 
0 2 4 5 3 

