1 #sols

5
7
0.177158 0.0431034 0.0737705 0 0 0 0.0705957 
0.221325 0.134831 0.165331 0 0 0.0645995 0.0975839 
0.328544 0.243902 0.222222 0.0328947 0.0645963 0 0 
0.347094 0.166667 0.0724206 0.128776 0.0246835 0 0.00890937 
0.496549 0.288889 0.230465 0.168717 0.11335 0.241975 0 

Sample_0 Sample_1 Sample_2 Sample_3 Sample_4 
57;58;59;60;61;62;63;64;65;66;67;68;69;70;71;72;73;74;75;76;77;78;79;80;81;82;83;84;85;86;87 13 11;12;14;15;16;17;18;19;20;21 49;50;51;52;53;54 0;1;2;3;4;5;6;7;8;9;10;91;92;93;94;95 96;97;98;99 22;23;24;25;26;27;28;29;30;31;32;33;34;35;36;37;38;39;40;41;42;43;44;45;46;47;48;55;56;88;89;90 

5
6
0.126917 0.0862069 0 0 0.141191 0 
0 0.140464 0.129199 0 0.195168 0 
0.103494 0.358612 0 0.129193 0 0.0657895 
0.0854849 0.283966 0 0.0493671 0.0178187 0.257552 
0.077887 0 0.389278 0.1885 0 0.337434 
6
6
1 0 0 0 0 0 
1 1 0 0 0 0 
1 1 1 0 0 0 
1 1 0 1 0 0 
1 0 0 0 1 0 
1 0 0 0 0 1 

1 0.943833 0.833206 0.999996 1 1 
5
6
0.177158 0.0431034 0 0 0.0705957 0 
0.232415 0.134831 0.0645995 0 0.0975839 0 
0.328544 0.243902 0 0.0645963 0 0.0328947 
0.347094 0.166667 0 0.0246835 0.00890937 0.128776 
0.496549 0.288889 0.194639 0.0942498 0 0.168717 

Sample_0 Sample_1 Sample_2 Sample_3 Sample_4 
0 1 5 4 6 3 

