gene_id	Sample_0	Sample_0	Sample_1	Sample_1	Sample_2	Sample_2	Sample_3	Sample_3	Sample_4	Sample_4
0;1;2;3;4;5;6;7;8;9;10;11;12;13;14	618	101	731	44	782	0	718	26	770	0
72;99	115	0	67	22	98	5	115	4	89	2
26;28;31;37	181	14	145	46	167	59	190	15	158	29
59	26	24	38	12	27	19	40	4	22	27
81;86;92	125	21	135	0	130	0	139	0	111	31
25;27;29;30;32;33;34;35;36;38	435	60	314	155	338	177	464	43	446	81
15;16;17;18;19;20;21;22	404	0	392	21	450	0	340	40	404	0
57	18	31	37	12	33	21	47	5	33	15
75;76;77;78;79;80;82;83;84;85;87;88;89;90;91;93;96;97;98	734	232	973	0	864	0	948	0	700	200
94;95	83	9	79	9	80	24	90	0	93	0
23;24;70;71;73;74	329	1	231	61	261	25	286	29	256	47
39;43;45;48;54;60	167	133	159	118	190	131	240	51	158	164
55	40	19	28	16	21	31	40	0	37	26
40;67	60	45	51	43	37	54	61	24	69	41
41;42;44;46;47;49;50;51;52;53;56;58;61;62;63;64;65;66;68;69	518	473	690	368	532	487	886	127	616	364
