MultiBinom clustering
Convergence threshold: 1.000000
Initial num clusters: 50
kmeans: True

Time taken: 5.121061
ARI: 0.673756
Cluster freq error: 0.008712
Num active clusters: 15
Cluster assignments
0
0
0
0
0
0
0
0
0
0
0
0
0
0
0
6
6
6
6
6
6
6
6
10
10
5
2
5
2
5
5
2
5
5
5
5
5
2
5
11
13
14
14
11
14
11
14
14
11
14
14
14
14
14
11
12
14
7
14
3
11
14
14
14
14
14
14
13
14
14
10
10
1
10
10
8
8
8
8
8
8
4
8
8
8
8
4
8
8
8
8
8
4
8
9
9
8
8
8
1
Alpha posterior values
101.0000 0.0000 0.0000 20.4845 0.9984 22.5363 0.0000 76.4524 53.5156 0.0000 30.9997 175.5492 9.0000 1.0000 129.7450 0.0000 19.0478 42.1380 458.8059 0.0000 0.0000 0.0000 0.0000 21.7272 0.0000 0.0000 0.0000 0.0000 0.0000 0.0000 0.0000 0.0000 0.0000 0.0000 0.0000 0.0000 0.0000 0.0000 0.0000 0.0000 0.0000 0.0000 0.0000 0.0000 0.0000 0.0000 0.0000 0.0000 0.0000 0.0000 0.0000 0.0000 0.0000 0.0000 0.0000 0.0000 0.0000 0.0000 0.0000 0.0000 0.0000 0.0000 0.0000 0.0000 0.0000 0.0000 0.0000 0.0000 0.0000 0.0000 0.0000 0.0000 0.0000 0.0000 0.0000 0.0000 0.0000 0.0000 0.0000 0.0000 0.0000 0.0000 0.0000 0.0000 0.0000 0.0000 0.0000 0.0000 0.0000 0.0000 0.0000 0.0000 0.0000 0.0000 0.0000 0.0000 0.0000 0.0000 0.0000 0.0000
44.1493 0.0000 24.3019 57.7673 0.0000 12.8774 0.0000 0.0000 143.2379 20.8507 13.1469 0.0000 9.0000 58.6929 114.2398 0.0000 16.0445 40.1624 353.5405 0.0000 0.0000 0.0000 0.0000 18.9884 0.0000 0.0000 0.0000 0.0000 0.0000 0.0000 0.0000 0.0000 0.0000 0.0000 0.0000 0.0000 0.0000 0.0000 0.0000 0.0000 0.0000 0.0000 0.0000 0.0000 0.0000 0.0000 0.0000 0.0000 0.0000 0.0000 0.0000 0.0000 0.0000 0.0000 0.0000 0.0000 0.0000 0.0000 0.0000 0.0000 0.0000 0.0000 0.0000 0.0000 0.0000 0.0000 0.0000 0.0000 0.0000 0.0000 0.0000 0.0000 0.0000 0.0000 0.0000 0.0000 0.0000 0.0000 0.0000 0.0000 0.0000 0.0000 0.0000 0.0000 0.0000 0.0000 0.0000 0.0000 0.0000 0.0000 0.0000 0.0000 0.0000 0.0000 0.0000 0.0000 0.0000 0.0000 0.0000 0.0000
0.0000 0.0000 6.7609 81.3309 0.0000 19.3924 0.0000 0.0000 154.6712 0.0000 21.8241 0.0000 23.9999 23.2371 129.6800 0.0000 31.0558 50.4749 466.4616 0.0000 0.0000 0.0000 0.0000 24.1112 0.0000 0.0000 0.0000 0.0000 0.0000 0.0000 0.0000 0.0000 0.0000 0.0000 0.0000 0.0000 0.0000 0.0000 0.0000 0.0000 0.0000 0.0000 0.0000 0.0000 0.0000 0.0000 0.0000 0.0000 0.0000 0.0000 0.0000 0.0000 0.0000 0.0000 0.0000 0.0000 0.0000 0.0000 0.0000 0.0000 0.0000 0.0000 0.0000 0.0000 0.0000 0.0000 0.0000 0.0000 0.0000 0.0000 0.0000 0.0000 0.0000 0.0000 0.0000 0.0000 0.0000 0.0000 0.0000 0.0000 0.0000 0.0000 0.0000 0.0000 0.0000 0.0000 0.0000 0.0000 0.0000 0.0000 0.0000 0.0000 0.0000 0.0000 0.0000 0.0000 0.0000 0.0000 0.0000 0.0000
26.1047 0.0000 4.3754 19.9245 0.0000 4.3628 0.0000 0.0000 38.0771 39.8953 5.0045 0.0000 0.0000 28.6230 48.4209 0.0000 0.0296 22.3359 126.4386 0.0000 0.0000 0.0000 0.0000 4.4077 0.0000 0.0000 0.0000 0.0000 0.0000 0.0000 0.0000 0.0000 0.0000 0.0000 0.0000 0.0000 0.0000 0.0000 0.0000 0.0000 0.0000 0.0000 0.0000 0.0000 0.0000 0.0000 0.0000 0.0000 0.0000 0.0000 0.0000 0.0000 0.0000 0.0000 0.0000 0.0000 0.0000 0.0000 0.0000 0.0000 0.0000 0.0000 0.0000 0.0000 0.0000 0.0000 0.0000 0.0000 0.0000 0.0000 0.0000 0.0000 0.0000 0.0000 0.0000 0.0000 0.0000 0.0000 0.0000 0.0000 0.0000 0.0000 0.0000 0.0000 0.0000 0.0000 0.0000 0.0000 0.0000 0.0000 0.0000 0.0000 0.0000 0.0000 0.0000 0.0000 0.0000 0.0000 0.0000 0.0000
0.0000 0.0000 2.9751 38.4936 1.0354 25.5784 0.0000 77.1656 71.5093 0.0000 14.8192 152.7991 0.0000 46.0220 156.7817 0.0000 26.0094 38.2062 357.0339 0.0000 0.0000 0.0000 0.0000 18.5712 0.0000 0.0000 0.0000 0.0000 0.0000 0.0000 0.0000 0.0000 0.0000 0.0000 0.0000 0.0000 0.0000 0.0000 0.0000 0.0000 0.0000 0.0000 0.0000 0.0000 0.0000 0.0000 0.0000 0.0000 0.0000 0.0000 0.0000 0.0000 0.0000 0.0000 0.0000 0.0000 0.0000 0.0000 0.0000 0.0000 0.0000 0.0000 0.0000 0.0000 0.0000 0.0000 0.0000 0.0000 0.0000 0.0000 0.0000 0.0000 0.0000 0.0000 0.0000 0.0000 0.0000 0.0000 0.0000 0.0000 0.0000 0.0000 0.0000 0.0000 0.0000 0.0000 0.0000 0.0000 0.0000 0.0000 0.0000 0.0000 0.0000 0.0000 0.0000 0.0000 0.0000 0.0000 0.0000 0.0000
Beta posterior values
619.7136 0.0000 130.5725 220.8140 2.9071 24.8713 0.0000 291.6912 395.2156 402.2856 20.8788 564.4017 83.0001 313.3986 155.1809 0.0000 39.9967 56.0528 503.4507 0.0000 0.0000 0.0000 0.0000 28.5688 0.0000 0.0000 0.0000 0.0000 0.0000 0.0000 0.0000 0.0000 0.0000 0.0000 0.0000 0.0000 0.0000 0.0000 0.0000 0.0000 0.0000 0.0000 0.0000 0.0000 0.0000 0.0000 0.0000 0.0000 0.0000 0.0000 0.0000 0.0000 0.0000 0.0000 0.0000 0.0000 0.0000 0.0000 0.0000 0.0000 0.0000 0.0000 0.0000 0.0000 0.0000 0.0000 0.0000 0.0000 0.0000 0.0000 0.0000 0.0000 0.0000 0.0000 0.0000 0.0000 0.0000 0.0000 0.0000 0.0000 0.0000 0.0000 0.0000 0.0000 0.0000 0.0000 0.0000 0.0000 0.0000 0.0000 0.0000 0.0000 0.0000 0.0000 0.0000 0.0000 0.0000 0.0000 0.0000 0.0000
733.3768 0.0000 75.5064 176.5180 3.9584 36.4702 0.0000 373.0020 282.4994 389.6221 37.6068 731.0397 79.0001 222.4772 160.5705 0.0000 28.1389 47.7848 658.3819 0.0000 0.0000 0.0000 0.0000 34.0470 0.0000 0.0000 0.0000 0.0000 0.0000 0.0000 0.0000 0.0000 0.0000 0.0000 0.0000 0.0000 0.0000 0.0000 0.0000 0.0000 0.0000 0.0000 0.0000 0.0000 0.0000 0.0000 0.0000 0.0000 0.0000 0.0000 0.0000 0.0000 0.0000 0.0000 0.0000 0.0000 0.0000 0.0000 0.0000 0.0000 0.0000 0.0000 0.0000 0.0000 0.0000 0.0000 0.0000 0.0000 0.0000 0.0000 0.0000 0.0000 0.0000 0.0000 0.0000 0.0000 0.0000 0.0000 0.0000 0.0000 0.0000 0.0000 0.0000 0.0000 0.0000 0.0000 0.0000 0.0000 0.0000 0.0000 0.0000 0.0000 0.0000 0.0000 0.0000 0.0000 0.0000 0.0000 0.0000 0.0000
784.8825 0.0000 108.2226 196.6753 3.1649 27.3747 0.0000 337.7206 308.3463 447.1163 32.8678 653.1145 80.0002 250.7569 187.9415 0.0000 21.1027 34.5851 509.2487 0.0000 0.0000 0.0000 0.0000 26.8795 0.0000 0.0000 0.0000 0.0000 0.0000 0.0000 0.0000 0.0000 0.0000 0.0000 0.0000 0.0000 0.0000 0.0000 0.0000 0.0000 0.0000 0.0000 0.0000 0.0000 0.0000 0.0000 0.0000 0.0000 0.0000 0.0000 0.0000 0.0000 0.0000 0.0000 0.0000 0.0000 0.0000 0.0000 0.0000 0.0000 0.0000 0.0000 0.0000 0.0000 0.0000 0.0000 0.0000 0.0000 0.0000 0.0000 0.0000 0.0000 0.0000 0.0000 0.0000 0.0000 0.0000 0.0000 0.0000 0.0000 0.0000 0.0000 0.0000 0.0000 0.0000 0.0000 0.0000 0.0000 0.0000 0.0000 0.0000 0.0000 0.0000 0.0000 0.0000 0.0000 0.0000 0.0000 0.0000 0.0000
720.2744 0.0000 125.8909 238.9948 3.2268 38.9226 0.0000 378.7334 415.0287 337.7246 48.0591 705.0398 90.0001 275.0864 232.7443 0.0000 40.1289 57.1996 852.3523 0.0000 0.0000 0.0000 0.0000 44.5932 0.0000 0.0000 0.0000 0.0000 0.0000 0.0000 0.0000 0.0000 0.0000 0.0000 0.0000 0.0000 0.0000 0.0000 0.0000 0.0000 0.0000 0.0000 0.0000 0.0000 0.0000 0.0000 0.0000 0.0000 0.0000 0.0000 0.0000 0.0000 0.0000 0.0000 0.0000 0.0000 0.0000 0.0000 0.0000 0.0000 0.0000 0.0000 0.0000 0.0000 0.0000 0.0000 0.0000 0.0000 0.0000 0.0000 0.0000 0.0000 0.0000 0.0000 0.0000 0.0000 0.0000 0.0000 0.0000 0.0000 0.0000 0.0000 0.0000 0.0000 0.0000 0.0000 0.0000 0.0000 0.0000 0.0000 0.0000 0.0000 0.0000 0.0000 0.0000 0.0000 0.0000 0.0000 0.0000 0.0000
772.4886 0.0000 100.1800 206.1061 2.3981 22.9362 0.0000 279.1038 397.9169 401.5102 33.1188 529.4981 93.0001 244.7981 153.6703 0.0000 37.0668 64.2865 591.9319 0.0000 0.0000 0.0000 0.0000 31.9894 0.0000 0.0000 0.0000 0.0000 0.0000 0.0000 0.0000 0.0000 0.0000 0.0000 0.0000 0.0000 0.0000 0.0000 0.0000 0.0000 0.0000 0.0000 0.0000 0.0000 0.0000 0.0000 0.0000 0.0000 0.0000 0.0000 0.0000 0.0000 0.0000 0.0000 0.0000 0.0000 0.0000 0.0000 0.0000 0.0000 0.0000 0.0000 0.0000 0.0000 0.0000 0.0000 0.0000 0.0000 0.0000 0.0000 0.0000 0.0000 0.0000 0.0000 0.0000 0.0000 0.0000 0.0000 0.0000 0.0000 0.0000 0.0000 0.0000 0.0000 0.0000 0.0000 0.0000 0.0000 0.0000 0.0000 0.0000 0.0000 0.0000 0.0000 0.0000 0.0000 0.0000 0.0000 0.0000 0.0000
Cluster phi posterior values
0.1392 0.0000 0.0820 0.4749 0.2063 0.1177 0.0000 0.5995 0.2366 0.0919 0.0005 0.4551 0.3195 0.4282 0.4768
0.0557 0.2399 0.2447 0.2561 0.0000 0.3358 0.0488 0.2541 0.0000 0.0962 0.2070 0.4152 0.3600 0.4560 0.3491
0.0000 0.0534 0.2913 0.4128 0.0000 0.3334 0.0000 0.3971 0.0000 0.2273 0.0822 0.4078 0.5973 0.5949 0.4780
0.0338 0.0286 0.0742 0.0915 0.0000 0.0824 0.1038 0.0864 0.0000 0.0000 0.0920 0.1702 0.0000 0.2772 0.1285
0.0000 0.0224 0.1550 0.5278 0.2152 0.1510 0.0000 0.3050 0.2232 0.0000 0.1562 0.5050 0.4109 0.3711 0.3760
