gene_id	Sample_0	Sample_0	Sample_1	Sample_1	Sample_2	Sample_2	Sample_3	Sample_3	Sample_4	Sample_4	Sample_5	Sample_5
6;7;8;9;10;11;12;13;14;15;16	10634	228	10581	332	10970	0	9858	1253	10876	0	11057	0
17;18;19;20;21;22;23;24;25	6306	2691	7971	1058	9003	0	8554	328	9079	0	8037	952
31;32;33;34;35;36;37;38;39;40;41	10990	0	11098	0	10054	757	11028	0	10870	0	9398	1666
0;1;2;3;4;5	5031	901	5910	0	5921	0	4821	1223	6101	0	6055	0
93;94;95;96;97;98;99	6911	0	6264	792	7116	0	6712	255	6959	0	7088	0
92	1053	0	906	152	939	2	965	23	892	90	932	74
57;58;59;60;61;62;63;64;65;66;67;68;69;70;71;72;73;74;75;76;77;78;79;80;81;82;83;84;85;86;87;88;89;90;91	28553	6225	34052	1100	30816	4059	23996	10800	35041	0	34939	0
42;43;44;45;46;47;48;49;50;51;52;53;54;55;56	7742	7203	7868	7045	8854	6205	9378	5625	13839	1168	9665	5082
27;28;29;30	4140	0	2765	1339	2916	1147	3890	113	3632	331	2957	942
26	1024	0	643	345	679	311	938	19	902	48	747	256
