1 #sols

4
6
0.208204 0 0.384226 0.176249 0.0322581 0 
0.132105 0 0.413511 0.154255 0.108434 0.0188679 
0.195903 0.193506 0.34098 0 0 0.111111 
0.0711111 0.0496368 0.484375 0 0 0.0208333 

Sample_0 Sample_1 Sample_2 Sample_3 
0;1;2;3;4;5;6;7;8;9;10;20;21;22;23;24;25;26;27;28;29;30;31;32;33;34;35;36;37;38;39;40;41;42;43;44;45;46;97 47;48;49;50;51;52;53;54;55;56;57;58;59;60;61;62 68;69;70;71;72;73;74;75;76;77;78;79;80;81;82;83;84;85;98;99 11;12;13;14;15;16;17;18;19;64;65;66;67;86;87;89;90;91;92;93;94;95 88;96 63 

4
6
0 0.0645161 0.352498 0 0.370521 0 
0.0374329 0.216867 0.308511 0 0.226475 0.0377358 
0 0 0 0.335146 0.124592 0.222222 
0.727254 0 0 0.0992736 0.100556 0.0416667 
6
6
1 0 0 0 0 0 
1 1 0 0 0 0 
1 0 1 0 0 0 
1 0 0 1 0 0 
1 0 0 0 1 0 
1 0 0 0 1 1 

1 1 1 1 1 0.871176 
4
6
0.393767 0.0322581 0.176249 0 0.18526 0 
0.413511 0.108434 0.154255 0 0.132105 0.0188679 
0.34098 0 0 0.167573 0.173407 0.111111 
0.484375 0 0 0.0496368 0.0711111 0.0208333 

Sample_0 Sample_1 Sample_2 Sample_3 
2 4 3 1 0 5 

