1 #sols

5
9
0.00179211 0.181818 0 0.264151 0 0.0166534 0 0.262779 0.246016 
0 0.222222 0.157285 0.494888 0.00242718 0.0669676 0.149738 0.271698 0.185622 
0 0.377778 0.0252525 0.253219 0.148718 0 0.164343 0.268882 0.274244 
0 0.32 0.323577 0.4371 0 0 0.31219 0.334609 0.363111 
0.13876 0.0707071 0 0.263473 0 0 0 0.144385 0.129407 

Sample_0 Sample_1 Sample_2 Sample_3 Sample_4 
59;60;61;62;63;64;65;66;67;68;69;70;71;72;73;74;75;76;77;78;79;80 54 19;20;21;22;23;26 95;96;97;98;99 0;1;2;3 81;82;83;84;85;86;87;88;89;90;91;92;93 24;25;27;28;29;30;31;32;33;34 4;8;9;12;43;44;45;47;48;49;51;52;94 5;6;7;10;11;13;14;15;16;17;18;35;36;37;38;39;40;41;42;46;50;53;55;56;57;58 

5
5
0.491411 0.0333069 0 0 0.00358423 
0.536416 0.133935 0.00485437 0.31457 0 
0.158497 0 0.297436 0.0505051 0 
0.227046 0 0 0.647154 0 
0.249425 0 0 0 0.277521 
5
5
1 0 0 0 0 
1 1 0 0 0 
1 0 1 0 0 
1 0 0 1 0 
1 0 0 0 1 

1 1 0.999925 0.999934 1 
5
5
0.264151 0.0166534 0 0 0.00179211 
0.494888 0.0669676 0.00242718 0.157285 0 
0.253219 0 0.148718 0.0252525 0 
0.4371 0 0 0.323577 0 
0.263473 0 0 0 0.13876 

Sample_0 Sample_1 Sample_2 Sample_3 Sample_4 
3 5 4 2 0 

