3 #sols

6
9
0 0 0.0261994 0.132032 0.270244 0.133565 0 0.100111 0.118667 
0 0 0 0.208166 0.293313 0.0747296 0.0456954 0 0 
0.315418 0 0 0.326261 0.426142 0.109609 0.312406 0.109368 0.115084 
0.12014 0.079922 0 0.338342 0.39323 0 0.237894 0 0 
0 0 0 0 0.032477 0.029354 0 0 0 
0 0.254581 0.000328839 0.245375 0.33057 0.000561395 0 0 0 

Sample_0 Sample_1 Sample_2 Sample_3 Sample_4 Sample_5 
52;53;54;55;56;57;58;59;60;61;62;63;64;65;66;67;68;69;70;71;72;73;74;75;76;77 86 0;1;2;3;4;5 48;49;50;51 6;7 8;9;10;11;12;13;14;15;16;17;18;19;20;21;22;23;24;78;79;80;81;82;83;84;85;93;94;95;96;97;98;99 87;88;89;90;91;92 25;26;27;29;30;31;32;34;35;36;37;38;40;41;43;45;46;47 28;33;39;42;44 

6
5
0.0207363 0.200222 0.267131 0.0523988 0 
0.437167 0 0.149459 0 0 
0.41433 0.218736 0.219218 0 0 
0.626617 0 0 0 0.159844 
0.0062459 0 0.058708 0 0 
0.150199 0 0.00112279 0.000657678 0.509161 
5
5
1 0 0 0 0 
1 1 0 0 0 
1 0 1 0 0 
1 0 0 1 0 
1 0 0 0 1 

1 1 0.808332 1 0.999994 
6
5
0.270244 0.100111 0.133565 0.0261994 0 
0.293313 0 0.0747296 0 0 
0.426142 0.109368 0.109609 0 0 
0.39323 0 0 0 0.079922 
0.032477 0 0.029354 0 0 
0.33057 0 0.000561395 0.000328839 0.254581 

Sample_0 Sample_1 Sample_2 Sample_3 Sample_4 Sample_5 
4 7 5 2 1 

6
5
0.287867 0.200222 0.0523988 0 0 
0.586626 0 0 0 0 
0.00271098 0.218736 0 0 0.630837 
0.386337 0 0 0.159844 0.24028 
0.064954 0 0 0 0 
0.151322 0 0.000657678 0.509161 0 
5
5
1 0 0 0 0 
1 1 0 0 0 
1 0 1 0 0 
1 0 0 1 0 
1 0 0 0 1 

1 1 1 0.999994 1 
6
5
0.270244 0.100111 0.0261994 0 0 
0.293313 0 0 0 0 
0.426142 0.109368 0 0 0.315418 
0.39323 0 0 0.079922 0.12014 
0.032477 0 0 0 0 
0.33057 0 0.000328839 0.254581 0 

Sample_0 Sample_1 Sample_2 Sample_3 Sample_4 Sample_5 
4 7 2 1 0 

6
5
0.220958 0.267131 0.0523988 0 0 
0.437167 0.149459 0 0 0 
0.00222944 0.219218 0 0 0.630837 
0.386337 0 0 0.159844 0.24028 
0.0062459 0.058708 0 0 0 
0.150199 0.00112279 0.000657678 0.509161 0 
5
5
1 0 0 0 0 
1 1 0 0 0 
1 0 1 0 0 
1 0 0 1 0 
1 0 0 0 1 

1 0.808332 1 0.999994 1 
6
5
0.270244 0.133565 0.0261994 0 0 
0.293313 0.0747296 0 0 0 
0.426142 0.109609 0 0 0.315418 
0.39323 0 0 0.079922 0.12014 
0.032477 0.029354 0 0 0 
0.33057 0.000561395 0.000328839 0.254581 0 

Sample_0 Sample_1 Sample_2 Sample_3 Sample_4 Sample_5 
4 5 2 1 0 

