1 #sols

4
10
0 0.0319672 0.472222 0 0 0 0.0469484 0.448637 0.0413749 0.0627063 
0.0994475 0 0.307692 0.0752394 0 0.062635 0.207729 0.406968 0.355422 0 
0.0593607 0 0.171717 0.214182 0.0610561 0 0 0.263372 0.0527009 0 
0.322115 0.0180534 0.263158 0 0.240924 0.0739477 0 0.385053 0.406472 0.0015748 

Sample_0 Sample_1 Sample_2 Sample_3 
0;1 2;3;6;8;9;11;12;13;14;15;16;17;18;19;20;22;23;24;25;26;27;28;29;30;31;32;33;34;36;37;38;39;40;41;42;43;44;45 75 78;79;80;81;82;83;99 93;94;95;96;97;98 84;85;86;87;88;89;90;91;92 61;62 63;64;65;66;67;68;69;70;71;72;73;74;76;77 46;47;48;49;50;51;52;53;54;55;56;57;58;59;60 4;5;7;10;21;35 

4
7
0.614031 0.125413 0.0938967 0 0 0 0.0639344 
0.122729 0 0.415459 0.12527 0 0.150479 0 
0 0 0 0 0.122112 0.428365 0 
0.101107 0.00314961 0 0.147895 0.481848 0 0.0361068 
7
7
1 0 0 0 0 0 0 
1 1 0 0 0 0 0 
1 0 1 0 0 0 0 
1 0 0 1 0 0 0 
1 0 0 0 1 0 0 
1 0 0 0 0 1 0 
1 0 0 0 0 0 1 

1 1 1 1 1 0.993407 1 
4
7
0.448637 0.0627063 0.0469484 0 0 0 0.0319672 
0.406968 0 0.207729 0.062635 0 0.0752394 0 
0.275238 0 0 0 0.0610561 0.214182 0 
0.385053 0.0015748 0 0.0739477 0.240924 0 0.0180534 

Sample_0 Sample_1 Sample_2 Sample_3 
7 9 6 5 4 3 1 

