1 #sols

4
8
0 0.496928 0.227273 0.233614 0 0 0.276596 0.441011 
0.232353 0.464893 0 0.163825 0 0.0318182 0.026738 0.48827 
0.0298595 0.368996 0.385113 0 0 0 0.292079 0.452381 
0 0.505271 0 0 0.0197368 0.17052 0.26601 0.441894 

Sample_0 Sample_1 Sample_2 Sample_3 
58;59;60;61;62;63;64;65;66;67;68;69;70;71;72;73;74;75;76;77;78;79;80;81;82;83;84;85;86;87;88;89;90;91 35;36;38;39;41;42;43;44;47;51;52;53;54;55 30;31;32;33;34;56 0;1;2;3;4;5;6;7;8;9;10;11;12;13;14;15;16;17;18;19;20;21;22;23;24;25;26 27;28;29 57;92;93;94;95;96;97 98;99 37;40;45;46;48;49;50 

4
6
0 0.553191 0 0 0.440665 0 
0.0203174 0.0534759 0 0.0636364 0.32765 0.464706 
0.0941139 0.584158 0 0 0 0.059719 
0.12694 0.492546 0.0394737 0.34104 0 0 
6
6
1 0 0 0 0 0 
1 1 0 0 0 0 
1 1 1 0 0 0 
1 0 0 1 0 0 
1 0 0 0 1 0 
1 0 0 0 0 1 

1 0.983348 0.997039 1 1 1 
4
6
0.496928 0.276596 0 0 0.220333 0 
0.464893 0.026738 0 0.0318182 0.163825 0.232353 
0.368996 0.292079 0 0 0 0.0298595 
0.5 0.26601 0.0197368 0.17052 0 0 

Sample_0 Sample_1 Sample_2 Sample_3 
1 6 4 5 3 0 

