1 #sols

4
10
0.47864 0.276596 0.227273 0 0 0.235227 0.194444 0 0 0 
0.472727 0.026738 0 0.0333333 0.0315789 0.159126 0.3 0.232353 0 0 
0.39751 0.292079 0.385113 0 0 0 0 0.0298595 0 0 
0.484434 0.26601 0 0.340206 0.142857 0 0 0 0.0295567 0 

Sample_0 Sample_1 Sample_2 Sample_3 
35;36;37;38;39;40;41;42;43;44;45;46;47;48;49;50;51;52;53;54;55 98;99 30;31;32;33;34;56 57 92;93;94;95;96;97 0;1;2;3;4;5;6;8;9;10;11;12;13;14;15;16;17;18;19;20;21;22;23;24;25;26 7 58;59;60;61;62;63;64;65;66;67;68;69;70;71;72;73;74;75;76;77;78;79;80;81;82;83;84;85;86;87;88;89;90;91 28;29 27 

4
7
0.486827 0 0 0 0.470454 0 0 
0.0326726 0 0 0.464706 0.318252 0.0631579 0.0666667 
0.7353 0 0 0.059719 0 0 0 
0 0 0.0591133 0 0 0.285714 0.62404 
7
7
1 0 0 0 0 0 0 
1 1 0 0 0 0 0 
1 0 1 0 0 0 0 
1 0 0 1 0 0 0 
1 0 0 0 1 0 0 
1 0 0 0 0 1 0 
1 0 0 0 0 0 1 

1 1 1 1 1 1 0.997342 
4
7
0.47864 0 0 0 0.235227 0 0 
0.472727 0 0 0.232353 0.159126 0.0315789 0.0333333 
0.39751 0 0 0.0298595 0 0 0 
0.484434 0 0.0295567 0 0 0.142857 0.31202 

Sample_0 Sample_1 Sample_2 Sample_3 
0 9 8 7 5 4 3 

