1 #sols

4
7
0 0.145075 0.00631413 0.155347 0.294938 0.484878 0.509124 
0.0171756 0 0 0.135176 0.0276364 0.207317 0.141831 
0 0 0.196124 0 0 0.401 0.223608 
0.201887 0.00526316 0 0.214341 0 0.258359 0.201843 

Sample_0 Sample_1 Sample_2 Sample_3 
71;72;73;74;75 43;44;45;46;47;48;49;50;51;52;53;54;55;56;57;58;59;60;62;63;64 0;1;2;20;21;22;23;24;25;26;27;28;29;30;31;32;33;34;35;36;37;38;39;40;41;42 87;88;89;90;91;92;93;94;95;96;97;98;99 3;4;5;6;7;8;9;10;11;12;13;14;15;61 16;17;18;19;65;66;67;68;69;70 76;77;78;79;80;81;82;83;84;85;86 

4
5
0.0771022 0.589875 0.0126283 0.29015 0 
0.32501 0.0552727 0 0 0.0343511 
0.409752 0 0.392248 0 0 
0.102417 0 0 0.0105263 0.403774 
5
5
1 0 0 0 0 
1 1 0 0 0 
1 0 1 0 0 
1 0 0 1 0 
1 0 0 0 1 

1 1 1 1 0.993171 
4
5
0.484878 0.294938 0.00631413 0.145075 0 
0.207317 0.0276364 0 0 0.0171756 
0.401 0 0.196124 0 0 
0.258359 0 0 0.00526316 0.201887 

Sample_0 Sample_1 Sample_2 Sample_3 
5 4 2 1 0 

