1 #sols

4
8
0 0.472179 0.0743879 0.00184843 0 0.1875 0.27907 0.00928074 
0.000912409 0.428241 0 0.172881 0.224719 0.311258 0.0847458 0.162047 
0 0.485807 0.208571 0.309645 0 0.474453 0 0.334129 
0.0997204 0.332291 0 0 0 0.101911 0 0.113839 

Sample_0 Sample_1 Sample_2 Sample_3 
10;11;12;13;14;15;16;17;18;19;20;21;22;23;24;25;26;27;28;29;30;31 60;61;62;63;64;65;66;67;68;69;70;71;72;73;74;75;76;77;78;79;80;81;82;83;84;85 32;33;34;35;43;44;45;46;47;48;49;50;51;52;53;54;55;56;57;58;59 9;86;87;88;89;90;91;92;93;94;95 36;37;38;39;40;41;42 97;98;99 96 0;1;2;3;4;5;6;7;8 

4
6
0.233746 0.55814 0 0.00369686 0.148776 0 
0 0.169492 0.449438 0.30868 0 0.000188764 
0 0 0 0.554471 0.417143 0 
0.465141 0 0 0 0 0.199441 
6
6
1 0 0 0 0 0 
1 1 0 0 0 0 
1 0 1 0 0 0 
1 0 0 1 0 0 
1 0 0 0 1 0 
1 0 0 0 0 1 

1 0.993811 1 1 1 1 
4
6
0.472179 0.27907 0 0.00184843 0.0743879 0 
0.463899 0.0847458 0.224719 0.15434 0 9.43818e-05 
0.485807 0 0 0.277236 0.208571 0 
0.332291 0 0 0 0 0.0997204 

Sample_0 Sample_1 Sample_2 Sample_3 
1 6 4 3 2 0 

