MultiBinom clustering
Convergence threshold: 1.000000
Initial num clusters: 57
kmeans: True

Time taken: 19.765847
Num active clusters: 20
Cluster assignments
18
7
7
7
7
7
8
7
6
2
2
17
7
15
7
7
7
11
9
9
19
13
13
14
2
1
17
2
2
7
2
6
7
7
16
17
7
1
1
1
4
3
3
3
5
12
0
0
0
0
0
12
12
12
12
10
10
Alpha posterior values
0.0000 0.0000 846.0000 1074.9685 554.0000 0.0000 0.0000 453.9982 2209.8179 0.0000 0.0000 0.0000 162.0000 279.0000 0.0000 0.0000 0.0000 64.0000 0.0000 0.0000 179.0000 0.0000 148.0000 179.1451 215.0000 534.0702 142.0000 128.0000 0.0000 0.0000 0.0000 0.0000 0.0000 0.0000 0.0000 0.0000 0.0000 0.0000 0.0000 0.0000 0.0000 0.0000 0.0000 0.0000 0.0000 0.0000 0.0000 0.0000 0.0000 0.0000 0.0000 0.0000 0.0000 0.0000 0.0000 0.0000 0.0000
0.0000 0.0000 1038.0000 1480.9613 0.0000 0.0000 201.0000 564.9972 2865.6662 0.0000 0.0000 0.0000 242.0000 356.0000 0.0000 0.0000 0.0000 130.0000 0.0000 0.0000 525.0000 0.0000 206.0000 186.1514 265.0000 755.2239 385.0000 256.0000 0.0000 0.0000 0.0000 0.0000 0.0000 0.0000 0.0000 0.0000 0.0000 0.0000 0.0000 0.0000 0.0000 0.0000 0.0000 0.0000 0.0000 0.0000 0.0000 0.0000 0.0000 0.0000 0.0000 0.0000 0.0000 0.0000 0.0000 0.0000 0.0000
0.0000 0.0000 455.0000 614.9808 0.0000 0.0000 80.0000 242.9993 1378.1619 0.0000 0.0000 0.0000 121.0000 162.0000 0.0000 0.0000 0.0000 66.0000 0.0000 0.0000 223.0000 0.0000 79.0000 109.1165 199.0000 333.7415 136.0000 112.0000 0.0000 0.0000 0.0000 0.0000 0.0000 0.0000 0.0000 0.0000 0.0000 0.0000 0.0000 0.0000 0.0000 0.0000 0.0000 0.0000 0.0000 0.0000 0.0000 0.0000 0.0000 0.0000 0.0000 0.0000 0.0000 0.0000 0.0000 0.0000 0.0000
0.0000 0.0000 776.0000 735.9789 1.0000 22.0000 1.0000 315.9985 1977.3472 0.0000 0.0000 0.0000 196.0000 179.0000 0.0000 0.0000 0.0000 97.0000 17.0000 0.0000 316.0000 0.0000 137.0000 111.1977 106.0000 365.4777 206.0000 113.0000 0.0000 0.0000 0.0000 0.0000 0.0000 0.0000 0.0000 0.0000 0.0000 0.0000 0.0000 0.0000 0.0000 0.0000 0.0000 0.0000 0.0000 0.0000 0.0000 0.0000 0.0000 0.0000 0.0000 0.0000 0.0000 0.0000 0.0000 0.0000 0.0000
0.0000 0.0000 806.0000 1025.9715 0.0000 17.0000 0.0000 387.9990 1996.5772 0.0000 0.0000 0.0000 162.0000 186.0000 0.0000 0.0000 0.0000 84.0000 0.0000 0.0000 404.0000 0.0000 137.0000 148.0998 173.0000 496.3525 246.0000 99.0000 0.0000 0.0000 0.0000 0.0000 0.0000 0.0000 0.0000 0.0000 0.0000 0.0000 0.0000 0.0000 0.0000 0.0000 0.0000 0.0000 0.0000 0.0000 0.0000 0.0000 0.0000 0.0000 0.0000 0.0000 0.0000 0.0000 0.0000 0.0000 0.0000
0.0000 470.0000 779.0000 1147.9634 0.0000 11.0000 0.0000 536.9956 2396.9380 0.0000 0.0000 0.0000 230.0000 356.0000 0.0000 0.0000 0.0000 78.0000 0.0000 0.0000 503.0000 0.0000 183.0000 197.1283 203.0000 591.9747 298.0000 158.0000 0.0000 0.0000 0.0000 0.0000 0.0000 0.0000 0.0000 0.0000 0.0000 0.0000 0.0000 0.0000 0.0000 0.0000 0.0000 0.0000 0.0000 0.0000 0.0000 0.0000 0.0000 0.0000 0.0000 0.0000 0.0000 0.0000 0.0000 0.0000 0.0000
0.0000 0.0000 1008.0000 1231.9644 0.0000 166.0000 0.0000 419.9985 2653.9584 0.0000 0.0000 0.0000 245.0000 144.0000 0.0000 0.0000 0.0000 60.0000 125.0000 0.0000 455.0000 0.0000 127.0000 218.1925 121.0000 659.8862 159.0000 211.0000 0.0000 0.0000 0.0000 0.0000 0.0000 0.0000 0.0000 0.0000 0.0000 0.0000 0.0000 0.0000 0.0000 0.0000 0.0000 0.0000 0.0000 0.0000 0.0000 0.0000 0.0000 0.0000 0.0000 0.0000 0.0000 0.0000 0.0000 0.0000 0.0000
0.0000 0.0000 770.0000 996.9697 0.0000 170.0000 0.0000 436.9974 2247.0776 0.0000 0.0000 0.0000 206.0000 150.0000 0.0000 0.0000 0.0000 64.0000 321.0000 0.0000 356.0000 0.0000 85.0000 175.1310 119.0000 485.8242 114.0000 173.0000 0.0000 0.0000 0.0000 0.0000 0.0000 0.0000 0.0000 0.0000 0.0000 0.0000 0.0000 0.0000 0.0000 0.0000 0.0000 0.0000 0.0000 0.0000 0.0000 0.0000 0.0000 0.0000 0.0000 0.0000 0.0000 0.0000 0.0000 0.0000 0.0000
0.0000 0.0000 568.0000 390.9878 0.0000 0.0000 0.0000 210.9980 1753.2024 0.0000 0.0000 0.0000 132.0000 95.0000 0.0000 257.0000 0.0000 32.0000 0.0000 0.0000 322.0000 0.0000 117.0000 131.0989 145.0000 354.7129 76.0000 66.0000 0.0000 0.0000 0.0000 0.0000 0.0000 0.0000 0.0000 0.0000 0.0000 0.0000 0.0000 0.0000 0.0000 0.0000 0.0000 0.0000 0.0000 0.0000 0.0000 0.0000 0.0000 0.0000 0.0000 0.0000 0.0000 0.0000 0.0000 0.0000 0.0000
Beta posterior values
0.0000 3928.0000 1464.0000 4400.8861 1769.0000 0.0000 685.0000 1807.9903 9316.5698 0.0000 0.0000 0.0000 581.0000 1059.0000 0.0000 2083.0000 0.0000 276.0000 4772.0000 0.0000 1534.0000 0.0000 704.0000 822.6153 901.0000 2302.9384 1185.0000 753.0000 0.0000 0.0000 0.0000 0.0000 0.0000 0.0000 0.0000 0.0000 0.0000 0.0000 0.0000 0.0000 0.0000 0.0000 0.0000 0.0000 0.0000 0.0000 0.0000 0.0000 0.0000 0.0000 0.0000 0.0000 0.0000 0.0000 0.0000 0.0000 0.0000
0.0000 3262.0000 1016.0000 3850.8914 2236.0000 882.0000 493.0000 1753.9900 8126.0266 0.0000 0.0000 0.0000 403.0000 931.0000 0.0000 2045.0000 0.0000 257.0000 4422.0000 0.0000 1446.0000 0.0000 640.0000 660.5131 680.0000 1799.5789 905.0000 715.0000 0.0000 0.0000 0.0000 0.0000 0.0000 0.0000 0.0000 0.0000 0.0000 0.0000 0.0000 0.0000 0.0000 0.0000 0.0000 0.0000 0.0000 0.0000 0.0000 0.0000 0.0000 0.0000 0.0000 0.0000 0.0000 0.0000 0.0000 0.0000 0.0000
0.0000 3201.0000 1138.0000 3660.8953 1854.0000 559.0000 468.0000 1571.9948 8099.0254 0.0000 0.0000 0.0000 621.0000 947.0000 0.0000 1508.0000 0.0000 375.0000 3830.0000 0.0000 1337.0000 0.0000 618.0000 666.5837 777.0000 1794.5008 832.0000 694.0000 0.0000 0.0000 0.0000 0.0000 0.0000 0.0000 0.0000 0.0000 0.0000 0.0000 0.0000 0.0000 0.0000 0.0000 0.0000 0.0000 0.0000 0.0000 0.0000 0.0000 0.0000 0.0000 0.0000 0.0000 0.0000 0.0000 0.0000 0.0000 0.0000
0.0000 3618.0000 1460.0000 4438.8837 2226.0000 699.0000 716.0000 1871.9896 9771.0909 0.0000 0.0000 0.0000 657.0000 1120.0000 0.0000 1845.0000 0.0000 446.0000 4609.0000 0.0000 1497.0000 0.0000 712.0000 687.0029 769.0000 2186.0329 947.0000 900.0000 0.0000 0.0000 0.0000 0.0000 0.0000 0.0000 0.0000 0.0000 0.0000 0.0000 0.0000 0.0000 0.0000 0.0000 0.0000 0.0000 0.0000 0.0000 0.0000 0.0000 0.0000 0.0000 0.0000 0.0000 0.0000 0.0000 0.0000 0.0000 0.0000
0.0000 4337.0000 2063.0000 6046.8260 2915.0000 1053.0000 859.0000 2756.9861 12392.3183 0.0000 0.0000 0.0000 867.0000 1373.0000 0.0000 2587.0000 0.0000 513.0000 6311.0000 0.0000 2047.0001 0.0000 879.0000 1005.7797 1153.0000 2846.0898 1629.0000 1088.0000 0.0000 0.0000 0.0000 0.0000 0.0000 0.0000 0.0000 0.0000 0.0000 0.0000 0.0000 0.0000 0.0000 0.0000 0.0000 0.0000 0.0000 0.0000 0.0000 0.0000 0.0000 0.0000 0.0000 0.0000 0.0000 0.0000 0.0000 0.0000 0.0000
0.0000 1943.0000 733.0000 2552.9278 1629.0000 571.0000 568.0000 1231.9895 5427.6063 0.0000 0.0000 0.0000 226.0000 498.0000 0.0000 1299.0000 0.0000 326.0000 3467.0000 0.0000 1046.0000 0.0000 493.0000 321.2432 480.0000 1231.2332 505.0000 419.0000 0.0000 0.0000 0.0000 0.0000 0.0000 0.0000 0.0000 0.0000 0.0000 0.0000 0.0000 0.0000 0.0000 0.0000 0.0000 0.0000 0.0000 0.0000 0.0000 0.0000 0.0000 0.0000 0.0000 0.0000 0.0000 0.0000 0.0000 0.0000 0.0000
0.0000 3504.0000 1171.0000 3824.8894 2313.0000 520.0000 703.0000 1898.9882 8842.5852 0.0000 0.0000 0.0000 516.0000 846.0000 0.0000 2013.0000 0.0000 382.0000 4619.0000 0.0000 1539.0000 0.0000 684.0000 591.6280 872.0000 2065.9091 1055.0000 763.0000 0.0000 0.0000 0.0000 0.0000 0.0000 0.0000 0.0000 0.0000 0.0000 0.0000 0.0000 0.0000 0.0000 0.0000 0.0000 0.0000 0.0000 0.0000 0.0000 0.0000 0.0000 0.0000 0.0000 0.0000 0.0000 0.0000 0.0000 0.0000 0.0000
0.0000 3235.0000 1111.0000 3703.8881 2108.0000 536.0000 722.0000 1523.9912 8114.3481 0.0000 0.0000 0.0000 491.0000 896.0000 0.0000 1689.0000 0.0000 429.0000 4003.0000 0.0000 1435.0000 0.0000 655.0000 491.4609 757.0000 1835.3117 887.0000 585.0000 0.0000 0.0000 0.0000 0.0000 0.0000 0.0000 0.0000 0.0000 0.0000 0.0000 0.0000 0.0000 0.0000 0.0000 0.0000 0.0000 0.0000 0.0000 0.0000 0.0000 0.0000 0.0000 0.0000 0.0000 0.0000 0.0000 0.0000 0.0000 0.0000
0.0000 3256.0000 1436.0000 4078.8803 1955.0000 706.0000 643.0000 1798.9916 8949.9359 0.0000 0.0000 0.0000 590.0000 936.0000 0.0000 1497.0000 0.0000 383.0000 4558.0000 0.0000 1415.0000 0.0000 561.0000 691.4620 823.0000 2052.7302 1144.0000 787.0000 0.0000 0.0000 0.0000 0.0000 0.0000 0.0000 0.0000 0.0000 0.0000 0.0000 0.0000 0.0000 0.0000 0.0000 0.0000 0.0000 0.0000 0.0000 0.0000 0.0000 0.0000 0.0000 0.0000 0.0000 0.0000 0.0000 0.0000 0.0000 0.0000
Cluster phi posterior values
0.0000 0.3661 0.1962 0.2383 0.5000 0.0000 0.2005 0.1917 0.2177 0.2082 0.0000 0.1873 0.0000 0.1042 0.1733 0.1785 0.1924 0.1881 0.1067 0.1449
0.0000 0.5054 0.2777 0.0000 0.0000 0.2893 0.2435 0.2607 0.3750 0.2764 0.0000 0.3355 0.0000 0.2662 0.2432 0.2195 0.2802 0.2955 0.2983 0.2634
0.0000 0.2854 0.1437 0.0000 0.0000 0.1453 0.1336 0.1453 0.1626 0.1457 0.0000 0.1489 0.0000 0.1426 0.1128 0.1402 0.2036 0.1566 0.1401 0.1385
0.0000 0.3469 0.1421 0.0001 0.0299 0.0007 0.1442 0.1683 0.2295 0.1374 0.0000 0.1780 0.0035 0.1741 0.1610 0.1389 0.1207 0.1430 0.1784 0.1112
0.0000 0.2808 0.1450 0.0000 0.0154 0.0000 0.1232 0.1387 0.1571 0.1190 0.0000 0.1401 0.0000 0.1646 0.1345 0.1280 0.1302 0.1483 0.1310 0.0831
0.1946 0.5152 0.3101 0.0000 0.0181 0.0000 0.3034 0.3063 0.5044 0.4167 0.0000 0.1923 0.0000 0.3246 0.2704 0.3801 0.2969 0.3245 0.3709 0.2734
0.0000 0.4626 0.2435 0.0000 0.2416 0.0000 0.1809 0.2308 0.3217 0.1450 0.0000 0.1349 0.0262 0.2280 0.1562 0.2691 0.1215 0.2419 0.1307 0.2163
0.0000 0.4093 0.2120 0.0000 0.2404 0.0000 0.2227 0.2168 0.2953 0.1429 0.0000 0.1291 0.0741 0.1985 0.1143 0.2624 0.1354 0.2091 0.1135 0.2279
0.0000 0.2833 0.0873 0.0000 0.0000 0.0000 0.1047 0.1637 0.1824 0.0916 0.1463 0.0761 0.0000 0.1851 0.1721 0.1590 0.1494 0.1471 0.0619 0.0769
