gene_id	Sample_0	Sample_0	Sample_1	Sample_1	Sample_2	Sample_2	Sample_3	Sample_3
39	44	0	45	3	58	0	48	0
9;86;87;88;89;90;91;92;93;94;95	540	1	488	102	408	183	525	0
60;61;62;63;64;65;66;67;68;69;70;71;72;73;74;75;76;77;78;80;81;82;83;84	638	571	693	494	577	560	781	403
32;33;34;35;43;44;45;46;47;48;49;50;51;52;53;54;55;56;57;58;59	983	79	979	0	831	219	995	0
36;37;38;40;41;42	318	0	231	77	301	0	299	0
97;98;99	130	30	104	47	72	65	141	16
0;1;2;3;4;5;6;7;8	427	4	393	76	279	140	397	51
96	31	12	54	5	48	0	53	0
79;85	45	40	48	61	57	39	73	22
10;11;12;13;14;15;16;17;18;19;20;21;22;23;24;25;26;27;28;29;30;31	1050	0	1095	1	1088	0	966	107
