1 #sols

5
10
0 0.232558 0 0.00486618 0.0228571 0 0.415094 0.379747 0.17608 0.027027 
0 0.0888889 0.121609 0 0 0 0.225462 0.367424 0 0 
0.0291262 0 0 0 0.0326409 0.0638298 0 0.0460251 0 0 
0.161404 0 0.183271 0 0.301676 0.207792 0 0.471774 0 0.107143 
0 0.210526 0 0.06 0.0758427 0.0510949 0.163528 0.297414 0.194805 0 

Sample_0 Sample_1 Sample_2 Sample_3 Sample_4 
1;8;9;97;98;99 72 10;11;12;13;14;15;16;17;18;19;20;21;22;23;24;25;26;27;28;29;30;31 88;89;90;91;92;93;94;95 0;74;75;77;78;79;81 76;80;82 32;33;34;35;36;37;38;39;40;41;42;43;44;45;46;47;48;49;50;51;52;53;54;55;56;57;58;59;60;61;62;63;64;65;66;67;68;69;70;71;73 83;84;85;86;87 2;3;4;5;6;7 96 

5
7
0 0.0540541 0.352159 0 0.455384 0 0.00973236 
0.313853 0 0 0.243218 0.177778 0 0 
0.0337978 0 0 0 0 0.0582524 0 
0.0399143 0.214286 0 0.366541 0 0.322807 0 
0 0 0.285081 0 0.301053 0 0.12 
7
7
1 0 0 0 0 0 0 
1 1 0 0 0 0 0 
1 0 1 0 0 0 0 
1 0 0 1 0 0 0 
1 0 0 0 1 0 0 
1 0 0 0 0 1 0 
1 0 0 0 1 0 1 

1 0.92953 0.997085 1 0.896804 0.852614 0.866667 
5
7
0.435665 0.027027 0.17608 0 0.232558 0 0.00486618 
0.367424 0 0 0.121609 0.0888889 0 0 
0.0460251 0 0 0 0 0.0291262 0 
0.471774 0.107143 0 0.183271 0 0.161404 0 
0.353067 0 0.142541 0 0.210526 0 0.06 

Sample_0 Sample_1 Sample_2 Sample_3 Sample_4 
7 9 8 2 1 0 3 

