1 #sols

4
8
0.166311 0.00310559 0.0714286 0.483539 0.292208 0 0.506329 0.164114 
0 0 0.132353 0.195312 0.0277008 0.0255319 0.157088 0.130337 
0 0.196787 0 0.465028 0 0 0.226236 0 
0.00622407 0 0.217877 0.295181 0 0.184426 0.2358 0.220807 

Sample_0 Sample_1 Sample_2 Sample_3 
43;44;45;46;47;48;49;50;52;53;55;56;57;58;59;60;61;62;63;64 0;1;2;20;21;22;23;24;25;26;27;28;29;30;31;32;33;34;35;36;37;38;39;40;41;42 91;92;93;95 16;17;18;19;65;66;67;68;69;70 3;4;5;6;7;8;9;10;11;12;13;14;15;51;54 71;72;73;74;75 76;77;78;79;80;81;82;83;84;85;86 87;88;89;90;94;96;97;98;99 

4
6
0 0 0.584416 0.0767506 0.00621118 0.332623 
0.0194536 0.0510638 0.0554017 0.264706 0 0 
0.536482 0 0 0 0.393574 0 
0 0.256173 0 0.329958 0 0.00423116 
6
6
1 0 0 0 0 0 
1 1 0 0 0 0 
1 0 1 0 0 0 
1 0 0 1 0 0 
1 0 0 0 1 0 
1 0 0 0 0 1 

1 0.999466 1 0.97633 1 1 
4
6
0.5 0 0.292208 0.0383753 0.00310559 0.166311 
0.195312 0.0255319 0.0277008 0.132353 0 0 
0.465028 0 0 0 0.196787 0 
0.295181 0.128086 0 0.164979 0 0.00211558 

Sample_0 Sample_1 Sample_2 Sample_3 
3 5 4 2 1 0 

