1 #sols

4
9
0.408117 0.139382 0.185362 0 0 0.0785032 0.0787402 0 0.0953441 
0.343472 0 0.154482 0.191991 0.180451 0.154341 0.15382 7.76458e-05 0.000522913 
0.424648 0.177977 0.020417 0 0 0 0 0.0224125 0 
0.374689 0 0.130876 0.251011 0.227411 0 0.0196014 0.108352 0.000382026 

Sample_0 Sample_1 Sample_2 Sample_3 
31;32;33;34;35;36;37;38;39;40;41 15;16;17 66;67;68;69;70;71;72;73;74;75;76;77;78;79;80;81;82;83;84;85;86;87;88;89;90 48;49;50;51;52;53;54;56 55 91;92;93;94;95;96;97;98;99 57;58;59;60;61;62;63;64;65 18;19;20;21;22;23;24;25;26;27;28;29;30 0;1;2;3;4;5;6;7;8;9;10;11;12;13;14;42;43;44;45;46;47 

4
6
0.0092653 0.180036 0.190688 0 0.15748 0.278764 
0.0701849 0.307918 0.00104583 0.000155292 0.307641 0 
0.407681 0.0408341 0 0.0448249 0 0.355955 
0.231718 0.260988 0.000764051 0.216704 0.0392027 0 
6
6
1 0 0 0 0 0 
1 1 0 0 0 0 
1 1 1 0 0 0 
1 0 0 1 0 0 
1 0 0 0 1 0 
1 0 0 0 0 1 

1 1 1 1 1 1 
4
6
0.408117 0.185362 0.0953441 0 0.0787402 0.139382 
0.343472 0.154482 0.000522913 7.76458e-05 0.15382 0 
0.424648 0.020417 0 0.0224125 0 0.177977 
0.374689 0.130876 0.000382026 0.108352 0.0196014 0 

Sample_0 Sample_1 Sample_2 Sample_3 
0 2 8 7 6 1 

