gene_id	Sample_0	Sample_0	Sample_1	Sample_1	Sample_2	Sample_2	Sample_3	Sample_3
0;2	71	18	88	13	90	7	63	26
89	41	2	46	0	39	6	38	6
9;13;14;15;16;18;19;20;21;23;32	484	93	414	138	436	82	539	18
76	33	9	60	0	47	6	40	0
39;40;41;42;43;44;45;46;47;48;49;50;51;52;53;54;55;56;57;58;59;60	598	472	605	516	847	310	668	461
3;4;35;37;38;63;66;67;69;70;71;72;95	657	15	633	3	643	0	620	2
8;10;11;12;17;22;24;26;27;28;29;30;31	593	93	455	206	569	94	641	47
5;6;7;33;34;36;61;62;64;65;68;73;74;75;91;92;93;94;96;97;98;99	1046	55	1084	37	1181	0	1089	5
77;78;79;80;81;82;83;84;85;86;87;88;90	593	8	639	0	540	83	610	27
25	56	5	33	17	52	17	52	0
1	26	14	37	14	32	6	26	11
