1 #sols

5
17
0 0 0.29 0.00182983 0 0 0 0.147368 0 0 0 0.307947 0 0 0 0.0158479 0 
0 0 0.484848 0.0256176 0.0478589 0.3888 0 0.00884956 0 0 0.0330579 0.41115 0 0.0131579 0 0.00350263 0.0181452 
0.0658228 0 0.25 0 0.00824176 0 0.27 0.217822 0.134047 0 0.180851 0.455939 0.168224 0 0.0853659 0 0.253086 
0.0354223 0.153409 0.336842 0 0 0.111285 0 0.255102 0.0460195 0.240099 0.222222 0.303704 0 0 0.0102041 0 0.163306 
0 0.032 0.475806 0 0.120283 0.00175439 0.365217 0.428571 0 0.0405522 0.547368 0.549296 0 0.0888889 0 0 0.456967 

Sample_0 Sample_1 Sample_2 Sample_3 Sample_4 
66;72;78;81 31;32;36;37;40;41;42;44;47 88 8;10;13;14;16;17;18;19;20;21;22 94;95;97;98 23;24;25;26;27;28 89 87 50;51;52;54;55;56;57;58;59;60;61;62;63;64;65;67;68;69;70;71;73;74;75;76;77;79;80;82;83;85;86 29;30;33;34;35;38;39;43;45;46;48;49 1 90;91;92 84 93;96;99 53 6;7;9;11;12;15 0;2;3;4;5 

5
11
0.285802 0.0316957 0 0 0 0.294737 0 0.00365965 0 0 0 
0.624326 0.00700525 0 0.0263158 0 0.0176991 0.0957179 0.0512351 0 0 0 
0 0 0.170732 0 0.336449 0 0.0164835 0 0.268095 0 0.131646 
0.0767952 0 0.0204082 0 0 0.0405022 0 0 0.092039 0.306818 0.0708447 
0 0 0 0.177778 0 0.541306 0.216916 0 0 0.064 0 
11
11
1 0 0 0 0 0 0 0 0 0 0 
1 1 0 0 0 0 0 0 0 0 0 
1 0 1 0 0 0 0 0 0 0 0 
1 0 0 1 0 0 0 0 0 0 0 
1 0 0 0 1 0 0 0 0 0 0 
1 0 0 0 0 1 0 0 0 0 0 
1 0 0 0 0 0 1 0 0 0 0 
1 0 0 0 0 0 0 1 0 0 0 
1 0 0 0 0 1 0 0 1 0 0 
1 0 0 0 0 1 0 0 0 1 0 
1 0 0 0 0 1 0 0 0 0 1 

1 1 1 1 1 0.809345 1 1 0.990938 0.986295 0.952633 
5
11
0.307947 0.0158479 0 0 0 0.147368 0 0.00182983 0 0 0 
0.41115 0.00350263 0 0.0131579 0 0.00884956 0.0478589 0.0256176 0 0 0 
0.461702 0 0.0853659 0 0.168224 0.19987 0.00824176 0 0.134047 0 0.0658228 
0.303704 0 0.0102041 0 0 0.255102 0 0 0.0460195 0.153409 0.0354223 
0.5 0 0 0.0888889 0 0.302653 0.108458 0 0 0.032 0 

Sample_0 Sample_1 Sample_2 Sample_3 Sample_4 
11 15 14 13 12 7 4 3 8 1 0 

