gene_id	Sample_0	Sample_0	Sample_1	Sample_1	Sample_2	Sample_2	Sample_3	Sample_3	Sample_4	Sample_4	Sample_5	Sample_5
93;95;96;98;99	145	105	109	114	229	6	122	116	140	135	130	122
13;14;15;16;17;18;19;20;21;22;23;24;25;26;27;28	760	101	789	0	813	0	842	0	704	88	617	205
29;30;31;32;33;34;35;36;37;38;39;40;41;42;57;58;59;60;61;62;63;64;65;66;67;68;69;70	1344	91	1422	0	1290	96	1039	286	1428	0	1360	6
71;72;73;74;75;76;77;78;79;80;81;82;83;84;85;86;87;88;89;90	834	140	661	276	966	0	1000	0	820	171	754	249
43;44	109	0	77	22	92	0	105	0	79	4	110	0
45;46;47;48;49;50;51;52;53;54;55;56	570	0	530	51	590	0	595	0	587	0	489	113
91;92;94;97	135	64	111	83	169	16	124	85	97	95	119	83
0;8;9;11;12	199	28	151	108	255	0	207	21	119	119	186	59
1;2;3;4;5;6;7;10	310	69	229	166	407	0	341	96	204	186	277	109
