1 #sols

6
9
0.42 0.117305 0.0634146 0.143737 0 0 0.321608 0.123348 0.182058 
0.511211 0 0 0.294557 0.222222 0.0877797 0.427835 0.416988 0.420253 
0.0255319 0 0.0692641 0 0 0 0.0864865 0 0 
0.487395 0 0.215849 0 0 0 0.406699 0.0921053 0.21968 
0.490909 0.111111 0 0.172553 0.0481928 0 0.494792 0.5 0.476923 
0.484127 0.249392 0.00439239 0.248255 0 0.187708 0.410891 0.240816 0.282383 

Sample_0 Sample_1 Sample_2 Sample_3 Sample_4 Sample_5 
93;95;96;98;99 13;14;15;16;17;18;19;20;21;22;23;24;25;26;27;28 29;30;31;32;33;34;35;36;37;38;39;40;41;42;57;58;59;60;61;62;63;64;65;66;67;68;69;70 71;72;73;74;75;76;77;78;79;80;81;82;83;84;85;86;87;88;89;90 43;44 45;46;47;48;49;50;51;52;53;54;55;56 91;92;94;97 0;8;9;11;12 1;2;3;4;5;6;7;10 

6
5
0.281776 0 0 0.126829 0.234611 
0.235666 0.175559 0.444444 0 0 
0.0344448 0 0 0.138528 0 
0.381699 0 0 0.431698 0 
0.670976 0 0.0963855 0 0.222222 
0 0.375415 0 0.00878477 0.498783 
5
5
1 0 0 0 0 
1 1 0 0 0 
1 0 1 0 0 
1 0 0 1 0 
1 0 0 0 1 

1 1 0.999215 0.829844 0.999996 
6
5
0.321608 0 0 0.0634146 0.117305 
0.427835 0.0877797 0.222222 0 0 
0.0864865 0 0 0.0692641 0 
0.406699 0 0 0.215849 0 
0.494792 0 0.0481928 0 0.111111 
0.441492 0.187708 0 0.00439239 0.249392 

Sample_0 Sample_1 Sample_2 Sample_3 Sample_4 Sample_5 
6 5 4 2 1 

