gene_id	Sample_0	Sample_0	Sample_1	Sample_1	Sample_2	Sample_2	Sample_3	Sample_3	Sample_4	Sample_4	Sample_5	Sample_5
31;61;62;63;64;65	5353	744	5893	0	6074	0	5985	0	3682	2221	5697	353
66;68;69;73;75;76	5974	0	4446	1570	6042	0	4576	1453	5949	0	6025	0
0;1;2;3;4;5;6;7;8	8992	152	8203	753	7273	1674	8907	0	7813	1042	8618	329
57;58;59;60	3898	55	3995	0	3952	0	4017	0	3457	440	4045	0
16;17;19	2535	520	2812	304	2407	540	3015	0	2736	327	1936	1063
9;10;11;12;13;14;15;18;20;21;22;23;77	10588	2420	12038	1040	10661	2327	12820	0	11386	1606	8398	4566
67;70;71;72;74	5028	0	3649	1383	5027	0	3960	1058	4990	0	4953	0
32;33;34;35;36;37;38;39;40;41;42;43;44;45;46;47;48;49;50;51;52;53;54;55;56	17469	7821	16392	8649	12805	11957	19246	5736	12561	12555	14042	10654
78;79;80;81;82;83;84;85;86;87;88;89;90;91;92;93;94;95;96;97;98;99	21916	0	20383	1773	22020	0	22075	0	22042	0	21730	71
24;25;26;27;28;29;30	6126	866	7084	0	6257	829	7116	0	4508	2612	6506	539
