1 #sols

5
14
0 0 0 0.0143198 0.303483 0 0.147368 0 0 0 0 0 0 0 
0 0 0 0.00904393 0.430052 0.0478589 0.00884956 0 0 0.0131579 0 0.0210697 0.3888 0.0258427 
0.138578 0.27 0 0 0.405797 0.00824176 0.217822 0 0.0787802 0 0.168224 0.241379 0 0 
0.0481523 0 0.14202 0 0.312329 0 0.255102 0.233499 0.0288336 0 0 0.172355 0.111285 0 
0 0.365217 0.0350877 0 0.526961 0.120283 0.428571 0.0377778 0 0.0888889 0 0.471698 0.00175439 0 

Sample_0 Sample_1 Sample_2 Sample_3 Sample_4 
50;51;52;54;55;56;58;59;60;61;62;64;67;68;69;70;71;73;74;75;76;77;79;80;82;83;85;86 89 32;36;37;40;41;42;44 6;7;9;11;12;15;17;21 88;90;91;92 94;95;97;98 87 29;30;31;33;34;35;38;39;43;45;46;47;48;49 53;57;63;65;66;72;78;81 93;96;99 84 0;1;2;3;4;5 23;24;25;26;27;28 8;10;13;14;16;18;19;20;22 

5
11
0.283589 0.294737 0 0 0 0 0 0 0 0 0.0286396 
0 0.0176991 0 0 0 0.0516854 0.7776 0 0.0263158 0.0957179 0.0180879 
0.0230185 0.000926947 0.15756 0 0.277156 0 0 0.336449 0 0.0164835 0 
0 0.0721914 0.0576671 0.284041 0.0963046 0 0.222571 0 0 0 0 
0 0.58234 0 0.0701754 0 0 0.000362788 0 0.177778 0.169343 0 
11
11
1 0 0 0 0 0 0 0 0 0 0 
1 1 0 0 0 0 0 0 0 0 0 
1 1 1 0 0 0 0 0 0 0 0 
1 1 0 1 0 0 0 0 0 0 0 
1 1 0 0 1 0 0 0 0 0 0 
1 0 0 0 0 1 0 0 0 0 0 
1 0 0 0 0 0 1 0 0 0 0 
1 0 0 0 0 0 0 1 0 0 0 
1 0 0 0 0 0 0 0 1 0 0 
1 0 0 0 0 0 0 0 0 1 0 
1 0 0 0 0 0 0 0 0 0 1 

1 0.856549 0.984563 0.978188 0.986706 1 0.903065 0.999998 1 1 1 
5
11
0.303483 0.147368 0 0 0 0 0 0 0 0 0.0143198 
0.493553 0.00884956 0 0 0 0.0258427 0.3888 0 0.0131579 0.0478589 0.00904393 
0.405797 0.217822 0.0787802 0 0.138578 0 0 0.168224 0 0.00824176 0 
0.366387 0.255102 0.0288336 0.14202 0.0481523 0 0.111285 0 0 0 0 
0.5 0.326258 0 0.0350877 0 0 0.000181394 0 0.0888889 0.0846717 0 

Sample_0 Sample_1 Sample_2 Sample_3 Sample_4 
4 6 8 2 0 13 12 10 9 5 3 

