1 #sols

6
8
0.333131 0 0 0 0 0.00711462 0.236473 0.0578662 
0.421502 0.342727 0.228758 0.0933735 0.114122 0 0 0 
0.252478 0 0 0 0 0 0 0 
0.353112 0.241486 0 0 0 0 0 0.0500184 
0.383721 0.245187 0.154982 0.200627 0.118343 0 0 0 
0.0516241 0.0141844 0 0 0 0.0402526 0.00957854 0 

Sample_0 Sample_1 Sample_2 Sample_3 Sample_4 Sample_5 
0;1;2;3;4;5;6;7;8;9;10;94;95;96;97;98;99 11;12;33;34;35;36;37;38;39;40 89;90;91;92;93 18;22;26 13;14;15;16;17;19;20;21;23;24;25;27;28;29;30;31;32;87;88 41;42;43;44;45;46;47;48;49;50;51;52;53 82;83;84;85;86 54;55;56;57;58;59;60;61;62;63;64;65;66;67;68;69;70;71;72;73;74;75;76;77;78;79;80;81 

6
7
0.0633554 0.115732 0.472946 0.0142292 0 0 0 
0 0 0 0 0.228244 0.186747 0.457516 
0.504956 0 0 0 0 0 0 
0.606188 0.100037 0 0 0 0 0 
0 0 0 0 0.236686 0.296887 0.296574 
0.00358604 0 0.0191571 0.0805051 0 0 0 
7
7
1 0 0 0 0 0 0 
1 1 0 0 0 0 0 
1 0 1 0 0 0 0 
1 0 0 1 0 0 0 
1 0 0 0 1 0 0 
1 0 0 0 0 1 0 
1 0 0 0 0 0 1 

1 1 0.999983 0.9255 1 1 1 
6
7
0.333131 0.0578662 0.236473 0.00711462 0 0 0 
0.436254 0 0 0 0.114122 0.0933735 0.228758 
0.252478 0 0 0 0 0 0 
0.353112 0.0500184 0 0 0 0 0 
0.415074 0 0 0 0.118343 0.148444 0.148287 
0.0516241 0 0.00957854 0.0402526 0 0 0 

Sample_0 Sample_1 Sample_2 Sample_3 Sample_4 Sample_5 
0 7 6 5 4 3 2 

