1 #sols

5
7
0.405737 0.387973 0.0154909 0.00242007 0.165934 0 0.0115651 
0.355276 0.219523 0 0 0 0.136517 0 
0.0387879 0 0.0411745 0.0206596 0 0 0 
0.461405 0 0.294308 0.162264 0 0.166796 0 
0.258077 0.16327 0.0712946 0 0.152556 0 0.0641758 

Sample_0 Sample_1 Sample_2 Sample_3 Sample_4 
83;84;85;86;87 32;33;34;35;36;37;38;39;40;41;42;43;44;45;46;47;48;49;50;51;52;53;54;55;56;57;58;59;60;61;62;63;64;65;66;67;68;69;70;71;72;73 74;75;76;77;78;79;80;81;82 0;1;8;9;96;97;98;99 2;3;4;5;6;7 10;11;12;13;14;15;16;17;18;19;20;21;22;23;24;25;26;27;28;29;30;31 88;89;90;91;92;93;94;95 

5
5
0.451636 0.0231301 0 0.331868 0.00484015 
0.437519 0 0.273034 0 0 
0.0362565 0 0 0 0.0413192 
0.264689 0 0.333593 0 0.324527 
0.0826905 0.128352 0 0.305113 0 
5
5
1 0 0 0 0 
1 1 0 0 0 
1 0 1 0 0 
1 0 0 1 0 
1 0 0 0 1 

1 1 1 1 1 
5
5
0.405737 0.0115651 0 0.165934 0.00242007 
0.355276 0 0.136517 0 0 
0.0387879 0 0 0 0.0206596 
0.461405 0 0.166796 0 0.162264 
0.258077 0.0641758 0 0.152556 0 

Sample_0 Sample_1 Sample_2 Sample_3 Sample_4 
0 6 5 4 3 

