1 #sols

4
9
0.31201 0.016791 0.0300668 0 0.0773931 0.342593 0 0.475508 0.0961538 
0.0144168 0.420195 0.449171 0 0.486316 0.60396 0.322034 0.501805 0.0397351 
0.188056 0.0231317 0.0263913 0.088785 0.0412371 0.260504 0.05 0.306931 0.135338 
0 0.116541 0 0.205742 0.0912779 0.381818 0 0.351163 0 

Sample_0 Sample_1 Sample_2 Sample_3 
0;1;2;3;4;5;6;7;8;9;10;90;91;92;97;99 14;18;19;20;22;27;28;29;31;33;34 15;35;36;37;38;39;40;41;42;43;44;45;46;47;48;49;50;51;52;53;54;55;56;57;58;59;60;62;63;64;65;66;67;68;69;70 12;93;94;95 13;16;17;21;23;24;25;26;30;32 81;89 61 71;72;73;74;75;76;77;78;79;80;82;83;84;85;86;87;88 11;96;98 

4
5
0.338091 0.0946525 0.0601336 0.192308 0 
0 0.074289 0.898343 0.0273684 0 
0 0.0296917 0.0527826 0.260964 0.17757 
0.169597 0.182556 0 0 0.411483 
5
5
1 0 0 0 0 
1 1 0 0 0 
1 1 1 0 0 
1 0 0 1 0 
1 0 0 0 1 

1 0.983942 0.926042 0.993705 0.999579 
4
5
0.342593 0.0773931 0.0300668 0.0961538 0 
0.5 0.486316 0.449171 0.0136842 0 
0.260504 0.0412371 0.0263913 0.130482 0.088785 
0.381818 0.0912779 0 0 0.205742 

Sample_0 Sample_1 Sample_2 Sample_3 
5 4 2 8 3 

