1 #sols

5
11
0.178347 0.0601966 0.132911 0.296588 0.00616765 0.12945 0.161905 0.0230415 0.257576 0 0.202454 
0.121564 0 0.29703 0.469725 0 0 0.111111 0 0.422222 0.068917 0.330097 
0.185343 0.0652174 0.195804 0.267422 0.0461496 0 0.154639 0.114754 0.284314 0 0.192661 
0.0446927 0 0.0214724 0.365258 0.110254 0.101307 0.0104167 0.145631 0.328042 0 0.0555556 
0 0 0 0.0445076 0 0 0 0 0.11399 0.0431373 0 

Sample_0 Sample_1 Sample_2 Sample_3 Sample_4 
2;3;4;5;6;7;8;9;10;11;12;13;14;15;16;17;18;19;20;21;22;23;24 85;86;87;88;89;90;91;92 77;79;80 60;62;63;64;65;66;67;68;69;70;72 0;25;26;27;28;29;30;31;32;33;34;35;36;37;38;39;40;42;43;44;45;46;47;48;50;51;52;53;54;55;56;57;58;59;82;83;84 73;74;75 1 41;49 61;71 93;94;95;96;97;98;99 76;78;81 

5
8
0 0.055248 0.120393 0 0.00187819 0.17415 0.32362 0.0123353 
0.241261 0.222222 0 0.137834 0 0 0.243127 0 
0 0.0302811 0.130435 0 0.0392422 0 0.330926 0.0922993 
0.0519893 0.0208333 0 0 0.070755 0.202614 0.0893855 0.220507 
0.141705 0 0 0.0862745 0 0 0 0 
8
8
1 0 0 0 0 0 0 0 
1 1 0 0 0 0 0 0 
1 1 1 0 0 0 0 0 
1 0 0 1 0 0 0 0 
1 0 0 0 1 0 0 0 
1 0 0 0 0 1 0 0 
1 0 0 0 0 0 1 0 
1 0 0 0 1 0 0 1 

1 0.970464 0.885316 0.999813 0.999985 0.999857 0.99653 0.945359 
5
8
0.343813 0.0878206 0.0601966 0 0.00710674 0.0870752 0.16181 0.00616765 
0.422222 0.111111 0 0.068917 0 0 0.121564 0 
0.311592 0.080358 0.0652174 0 0.0657707 0 0.165463 0.0461496 
0.328042 0.0104167 0 0 0.145631 0.101307 0.0446927 0.110254 
0.11399 0 0 0.0431373 0 0 0 0 

Sample_0 Sample_1 Sample_2 Sample_3 Sample_4 
8 6 1 9 7 5 0 4 

