gene_id	Sample_0	Sample_0	Sample_1	Sample_1	Sample_2	Sample_2	Sample_3	Sample_3
2;3;4;5;6;7;8;9;10;11;12;13;14;15;16;17;18;19;20;21;22;23;24;25;26;27;28;29;30;31;32;33;34;35;36;37;38;39;40;41;42;43;44;45	42603	1530	44253	0	44304	0	43450	696
93;94;95;96;97;98	6008	0	5891	0	5719	249	4559	1587
84;85;86;87;88;89	5927	0	5818	261	5985	0	5623	484
46;47;48;49;50;51;52;53;54;55;56;57;58;59;60	14394	621	9962	5119	14293	699	9133	6135
90;91;92	2985	0	2697	261	3030	0	2868	199
63;64;65;66;67;68;69;70;71;72;73;74;75;76;77	8308	6765	8793	6037	11250	3971	8651	6316
0;1	1948	0	1826	170	1892	97	1376	627
61;62	1891	86	1587	445	2032	0	2092	0
78;79;80;81;82;83;99	6886	0	6573	455	5501	1470	7172	0
