gene_id	Sample_0	Sample_0	Sample_1	Sample_1	Sample_2	Sample_2	Sample_3	Sample_3	Sample_4	Sample_4	Sample_5	Sample_5
31;39;42	330	0	274	32	296	2	286	10	321	11	275	17
4;13;14;16;22;23;97	369	330	319	304	385	319	551	129	500	169	433	248
59;60;61;62;63;64;65;66;67	876	58	759	109	620	228	889	24	724	150	814	58
0;74;75;76	346	41	418	0	404	0	360	61	377	16	276	127
1;2;3;5;6;7;8;9;10;12;15;17;18;20;21;24;25;26;27;28;29;91;92;93;94;95;96;98;99	1547	1319	1641	1266	1621	1214	2354	547	2096	843	1506	1401
30;32;33;34;35;36;37;38;40;41;43;44;45;46;47;48;49;50;51;52;53;54;55;56;57;58	2627	0	2209	294	2458	64	2587	69	2682	23	2488	161
77;78;79;80;81;82;83;84;85;86;87;88;89;90	1390	0	1450	0	1179	218	1414	0	1375	0	1289	89
11;19	108	117	98	92	139	76	182	24	143	64	113	114
68;69;70;71;72;73	447	144	607	0	483	90	595	0	564	33	601	53
