2 #sols

4
8
0.1532 0.0059499 0.497376 0 0.297179 0.49505 0.497853 0.155673 
0 0 0.14427 0.0221574 0.0248284 0.255989 0.155418 0.128919 
0 0.200662 0.440806 0 0 0.467412 0.234875 0 
0.00369728 0 0.23056 0.196503 0 0.248039 0.21228 0.204099 

Sample_0 Sample_1 Sample_2 Sample_3 
43;44;45;46;47;48;49;50;51;52;53;54;55;56;57;58;59;60;61;62;63;64 0;1;2;20;21;22;23;24;25;26;27;28;29;30;31;32;33;34;35;36;37;38;39;40;41;42 16;17;18;19 71;72;73;74;75 3;4;5;6;7;8;9;10;11;12;13;14;15 65;66;67;68;69;70 76;77;78;79;80;81;82;83;84;85;86 87;88;89;90;91;92;93;94;95;96;97;98;99 

4
5
0.0774416 0.594357 0 0.0118998 0.306401 
0.418007 0.0496569 0.0443149 0 0 
0.5335 0 0 0.401324 0 
0.0956767 0 0.393006 0 0.00739456 
5
5
1 0 0 0 0 
1 1 0 0 0 
1 0 1 0 0 
1 0 0 1 0 
1 0 0 0 1 

1 1 1 1 1 
4
5
0.49505 0.297179 0 0.0059499 0.1532 
0.255989 0.0248284 0.0221574 0 0 
0.467412 0 0 0.200662 0 
0.248039 0 0.196503 0 0.00369728 

Sample_0 Sample_1 Sample_2 Sample_3 
5 4 3 1 0 

4
5
0.0830484 0.594357 0 0.0118998 0.306401 
0.216865 0.0496569 0.0443149 0 0 
0.0684257 0 0 0.401324 0 
0.02416 0 0.393006 0 0.00739456 
5
5
1 0 0 0 0 
1 1 0 0 0 
1 0 1 0 0 
1 0 0 1 0 
1 0 0 0 1 

1 1 0.988991 1 1 
4
5
0.497853 0.297179 0 0.0059499 0.1532 
0.155418 0.0248284 0.0221574 0 0 
0.234875 0 0 0.200662 0 
0.21228 0 0.196503 0 0.00369728 

Sample_0 Sample_1 Sample_2 Sample_3 
6 4 3 1 0 

