gene_id	Sample_0	Sample_0	Sample_1	Sample_1	Sample_2	Sample_2	Sample_3	Sample_3	Sample_4	Sample_4	Sample_5	Sample_5
28;30;42;43	185	12	213	0	177	21	221	0	234	0	190	0
6;49;50;51	167	45	128	45	137	68	116	69	205	0	134	45
53;75;89;92	210	0	222	2	126	83	161	48	184	0	211	0
8;11;13;17;21;78;79;80;83	346	72	442	17	425	54	482	0	438	19	436	0
25;27;29;33;34;36;37;39;45;46;47;94	519	74	596	0	535	37	644	0	622	0	622	0
52;54;55;56;57;58;59;60;61;62;63;64;65;66;67;68;69;70;71;72;73;74;76;77;87	1217	0	1281	0	874	372	1116	141	1230	0	1252	0
9;10;12;14;15;16;18;19;20;22;23;24;81;82;84;85;93;95;96;97;98;99	873	128	1013	115	989	117	1031	0	1109	30	1119	0
86	47	0	51	0	45	0	41	6	58	0	27	11
7;48	96	16	77	17	72	40	75	38	113	3	46	45
26;31;32;35;38;40;41;44	300	40	417	0	337	61	376	0	369	0	398	0
0;1;2;3;4;5	340	7	278	0	298	0	311	0	294	0	283	0
88;90;91	168	0	139	8	115	38	107	49	136	0	147	0
