gene_id	Sample_0	Sample_0	Sample_1	Sample_1	Sample_2	Sample_2	Sample_3	Sample_3	Sample_4	Sample_4
1;8;9;97;98;99	301	0	283	0	300	9	239	46	262	0
72	33	10	41	4	55	0	48	0	45	12
10;11;12;13;14;15;16;17;18;19;20;21;22;23;24;25;26;27;28;29;30;31	1095	0	939	130	1114	0	869	195	1123	0
88;89;90;91;92;93;94;95	409	2	377	0	363	0	385	0	376	24
0;74;75;77;78;79;81	342	8	319	0	326	11	250	108	329	27
76;80;82	169	0	165	0	132	9	122	32	130	7
32;33;34;35;36;37;38;39;40;41;42;43;44;45;46;47;48;49;50;51;52;53;54;55;56;57;58;59;60;61;62;63;64;65;66;67;68;69;70;71;73	1209	858	1594	464	2109	0	2000	0	1688	330
83;84;85;86;87	147	90	167	97	228	11	131	117	163	69
2;3;4;5;6;7	248	53	313	0	294	0	315	0	248	60
96	36	1	48	0	57	0	50	6	43	0
