1 #sols

5
9
0.177606 0 0 0.0601966 0.12945 0.00734694 0.28363 0.373832 0.168224 
0.121137 0 0.068917 0 0 0 0.453152 0.583333 0.313725 
0.184124 0.0612245 0 0.0652174 0 0.049106 0.270983 0.257426 0.194127 
0.0433347 0.0365854 0 0 0.101307 0.113806 0.370757 0.238095 0.0379747 
0 0 0.0431373 0 0 0 0.0581597 0.0206186 0 

Sample_0 Sample_1 Sample_2 Sample_3 Sample_4 
1;2;3;4;5;6;7;8;9;10;11;12;13;14;15;16;17;18;19;20;21;22;23;24 54 93;94;95;96;97;98;99 85;86;87;88;89;90;91;92 73;74;75 0;25;26;27;28;29;30;31;32;33;34;35;36;37;38;39;40;41;42;43;44;45;46;47;48;49;50;51;52;53;55;56;57;58;59;82;83;84 60;61;62;63;64;65;66;67;68;69;71;72 70 76;77;78;79;80;81 

5
7
0 0.00885151 0.17415 0.0834054 0 0 0.31604 
0.526195 0 0 0 0.137834 0 0.242274 
0 0.0813798 0 0.130435 0 0.0420086 0.354885 
0.151448 0.227612 0.202614 0 0 0.0731707 0.0866694 
0.0300449 0 0 0 0.0862745 0 0 
7
7
1 0 0 0 0 0 0 
1 1 0 0 0 0 0 
1 0 1 0 0 0 0 
1 0 0 1 0 0 0 
1 0 0 0 1 0 0 
1 0 0 0 0 1 0 
1 0 0 0 0 0 1 

1 1 1 1 0.923729 0.995609 1 
5
7
0.291224 0.00442576 0.0870752 0.0417027 0 0 0.15802 
0.453152 0 0 0 0.068917 0 0.121137 
0.304354 0.0406899 0 0.0652174 0 0.0210043 0.177442 
0.370757 0.113806 0.101307 0 0 0.0365854 0.0433347 
0.0581597 0 0 0 0.0431373 0 0 

Sample_0 Sample_1 Sample_2 Sample_3 Sample_4 
6 5 4 3 2 1 0 

