gene_id	Sample_0	Sample_0	Sample_1	Sample_1	Sample_2	Sample_2	Sample_3	Sample_3	Sample_4	Sample_4
1;2;3;4;5;6;7;8;9;10;11;12;13;14;15;16;17;18;19;20;21;22;23;24	1917	414	2133	294	1994	450	2318	105	2361	0
54	109	0	114	0	92	6	79	3	92	0
93;94;95;96;97;98;99	694	0	662	49	753	0	723	0	732	33
85;86;87;88;89;90;91;92	765	49	816	0	731	51	817	0	825	0
73;74;75	269	40	268	0	313	0	275	31	318	0
0;25;26;27;28;29;30;31;32;33;34;35;36;37;38;39;40;41;42;43;44;45;46;47;48;49;50;51;52;53;55;56;57;58;59;82;83;84	3648	27	3782	0	3563	184	3325	427	3751	0
60;61;62;63;64;65;66;67;68;69;71;72	884	350	642	532	912	339	723	426	1085	67
70	67	40	40	56	75	26	80	25	95	2
76;77;78;79;80;81	534	108	420	192	494	119	608	24	586	0
