1 #sols

5
9
0 0 0 0.0428477 0 0.0652174 0 0 0.0469799 
0 0.336905 0 0.361533 0 0 0.446602 0 0.341373 
0.0122137 0 0.0497409 0.0149611 0.257108 0 0 0 0.323095 
0.137584 0.0423472 0 0.255556 0 0 0.0761905 0.0726817 0.232544 
0 0 0.105514 0.343577 0.0246575 0.299145 0 0.0232019 0.450796 

Sample_0 Sample_1 Sample_2 Sample_3 Sample_4 
94;95;96;97;98;99 47;48;49;50;51;52;53;54;55;56;58;59;60;61;62;63;64 0;1;2;3;4;5;6;7;8;9;10;11;12;13;14;15;16;17;18;19;20;21;22;23;24;25;26;27;44;45 28;29;30;31;32;33;34;35;36;37;38;39;40;41;42;43 65;66;67;68;69;70;71;72 46 57 90;91;92;93 73;74;75;76;77;78;79;80;81;82;83;84;85;86;87;88;89 

5
5
0.0939597 0 0 0 0 
0.682746 0 0 0 0 
0.00806577 0 0.514215 0.0994819 0.0244275 
0.0445576 0.145363 0 0 0.275168 
0.594844 0.0464037 0.0493151 0.211028 0 
5
5
1 0 0 0 0 
1 1 0 0 0 
1 0 1 0 0 
1 0 0 1 0 
1 0 0 0 1 

1 1 0.999638 1 1 
5
5
0.0469799 0 0 0 0 
0.341373 0 0 0 0 
0.323095 0 0.257108 0.0497409 0.0122137 
0.232544 0.0726817 0 0 0.137584 
0.450796 0.0232019 0.0246575 0.105514 0 

Sample_0 Sample_1 Sample_2 Sample_3 Sample_4 
8 7 4 2 0 

