gene_id	Sample_0	Sample_0	Sample_1	Sample_1	Sample_2	Sample_2	Sample_3	Sample_3	Sample_4	Sample_4
94;95;96;97;98;99	580	0	588	0	647	8	514	82	601	0
47;48;49;50;51;52;53;54;55;56;58;59;60;61;62;63;64	1756	0	1114	566	1701	0	1583	70	1712	0
0;1;2;3;4;5;6;7;8;9;10;11;12;13;14;15;16;17;18;19;20;21;22;23;24;25;26;27;44;45	2920	0	3015	0	2751	144	3030	0	2628	310
28;29;30;31;32;33;34;35;36;37;38;39;40;41;42;43	1452	65	966	547	1646	25	1206	414	1068	559
65;66;67;68;69;70;71;72	773	0	814	0	601	208	805	0	712	18
46	86	6	95	0	97	0	97	0	82	35
57	116	0	57	46	107	0	97	8	86	0
90;91;92;93	426	0	420	0	387	0	370	29	421	10
73;74;75;76;77;78;79;80;81;82;83;84;85;86;87;88;89	1562	77	1065	552	1146	547	1297	393	932	765
