gene_id	Sample_0	Sample_0	Sample_1	Sample_1	Sample_2	Sample_2	Sample_3	Sample_3	Sample_4	Sample_4	Sample_5	Sample_5
58;60;62;66;68;74;75;77;80;81	925	47	976	0	1014	0	975	24	978	0	967	0
89;90;91;92;93	500	0	354	105	499	0	497	0	458	84	505	0
13;14;15;16;17;18;19;20;21;22;23;24;25;26;27;28;29;30;31;32;87;88	2241	0	2001	250	2260	0	2199	0	1894	284	2257	0
41;42;43;44;45;46;47;48;49;50;51;52;53	1256	9	1304	0	1284	0	1309	0	1332	0	1216	51
82;83;84;85;86	381	118	496	0	464	0	470	0	481	0	517	5
94;95;96;97;98;99	332	247	365	238	419	143	339	290	360	215	531	51
11;33;34;35;36;37;38	668	0	504	257	694	0	526	158	547	143	667	11
0;2;5;6;7;8;9	471	225	422	342	533	190	501	214	412	253	739	30
12;39;40	291	0	219	120	298	0	209	76	198	99	306	3
10	83	21	62	30	88	34	64	36	65	35	108	3
54;55;56;57;59;61;63;64;65;67;69;70;71;72;73;76;78;79	1680	113	1814	0	1840	0	1608	112	1797	0	1825	0
1;3;4	215	57	168	131	242	66	208	67	170	124	257	5
