gene_id	Sample_0	Sample_0	Sample_1	Sample_1	Sample_2	Sample_2	Sample_3	Sample_3	Sample_4	Sample_4	Sample_5	Sample_5
0;1;2;3;4;5;6;7;8;9;10;11;12	509	97	380	274	662	0	548	117	323	305	463	168
29;30;31;32;33;34;35;36;38;39;40;41;42;57;59;60;61;62;64;65;66;67;68;69;70	1171	86	1265	0	1164	79	925	268	1280	0	1207	6
91;92;93;94;95;96;97;98;99	280	169	220	197	398	22	246	201	237	230	249	205
37;58;63	173	5	157	0	126	17	114	18	148	0	153	0
13;14;15;16;17;18;19;20;21;22;23;24;25;26;27;28	760	101	789	0	813	0	842	0	704	88	617	205
45;46;47;48;49;50;51;52;53;54;55;56	570	0	530	51	590	0	595	0	587	0	489	113
75;78;82;83;87;88	261	52	178	107	299	0	294	0	262	47	215	78
71;72;73;74;76;77;79;80;81;84;85;86;89;90	573	88	483	169	667	0	706	0	558	124	539	171
43;44	109	0	77	22	92	0	105	0	79	4	110	0
