MultiBinom clustering
Convergence threshold: 1.000000
Initial num clusters: 16
kmeans: True

Time taken: 0.456709
Num active clusters: 4
Cluster assignments
0
0
0
3
0
3
1
3
0
1
0
0
2
0
0
0
Alpha posterior values
172.9911 36.0000 0.0000 0.0000 0.0000 0.0000 16.0089 0.0000 0.0000 0.0000 0.0000 0.0000 0.0000 0.0000 0.0000 0.0000
168.9924 34.0000 0.0000 1.0000 0.0000 0.0000 23.0076 0.0000 0.0000 0.0000 0.0000 0.0000 0.0000 0.0000 0.0000 0.0000
167.9873 36.0000 0.0000 1.0000 0.0000 0.0000 32.0127 0.0000 0.0000 0.0000 0.0000 0.0000 0.0000 0.0000 0.0000 0.0000
177.9898 35.0000 0.0000 4.0000 0.0000 0.0000 37.0102 0.0000 0.0000 0.0000 0.0000 0.0000 0.0000 0.0000 0.0000 0.0000
220.9829 44.0000 0.0000 1.0000 0.0000 0.0000 44.0171 0.0000 0.0000 0.0000 0.0000 0.0000 0.0000 0.0000 0.0000 0.0000
Beta posterior values
243.9803 3.0000 0.0000 35.0000 0.0000 0.0000 116.0197 0.0000 0.0000 0.0000 0.0000 0.0000 0.0000 0.0000 0.0000 0.0000
225.9797 3.0000 0.0000 36.0000 0.0000 0.0000 102.0203 0.0000 0.0000 0.0000 0.0000 0.0000 0.0000 0.0000 0.0000 0.0000
220.9765 0.0000 0.0000 23.0000 0.0000 0.0000 71.0235 0.0000 0.0000 0.0000 0.0000 0.0000 0.0000 0.0000 0.0000 0.0000
224.9822 3.0000 0.0000 26.0000 0.0000 0.0000 79.0178 0.0000 0.0000 0.0000 0.0000 0.0000 0.0000 0.0000 0.0000 0.0000
235.9810 1.0000 0.0000 49.0000 0.0000 0.0000 78.0190 0.0000 0.0000 0.0000 0.0000 0.0000 0.0000 0.0000 0.0000 0.0000
Cluster phi posterior values
0.4145 0.9381 0.0000 0.1169
0.4275 0.9346 0.0139 0.1802
0.4316 1.0192 0.0217 0.3079
0.4414 0.9364 0.1207 0.3166
0.4835 0.9924 0.0102 0.3590
