1 #sols

4
8
0.03215 0.148428 0.010989 0.435897 0.298077 0.0330579 0.013087 0.271478 
0.0257191 0.291501 0 0.475737 0 0.0186757 0 0.170648 
0 0.153293 0.029703 0.275847 0.0873786 0 0.153092 0.0918367 
0 0.052421 0.0291262 0.419104 0 0.0120482 0.0606287 0.375 

Sample_0 Sample_1 Sample_2 Sample_3 
3;4;5;6;7;34;37;38;61;62;64;66;67;68;69;70;72;73;74;75;91;92;93;94;95;96;97;98;99 8;9;10;11;12;13;14;15;16;17;18;19;20;21;22;23;24;25;26;27;28;29;30;31;32 89 39;40;41;42;43;44;45;46;47;48;49;50;51;52;53;54;55;56;57;58;59;60 76 33;35;36;63;65;71 77;78;79;80;81;82;83;84;85;86;87;88;90 0;1;2 

4
7
0 0.368562 0.0661157 0.021978 0.0643001 0.0138019 0.391019 
0.610178 0.252507 0.0373514 0 0.0514382 0 0 
0 0.124268 0 0.0594059 0 0.258268 0.159795 
0 0.664571 0.0240964 0.0582524 0 0.0912885 0 
7
7
1 0 0 0 0 0 0 
1 1 0 0 0 0 0 
1 1 1 0 0 0 0 
1 1 0 1 0 0 0 
1 1 0 0 1 0 0 
1 0 0 0 0 1 0 
1 0 0 0 0 0 1 

1 0.931892 1 0.978659 1 1 0.997398 
4
7
0.462888 0.260478 0.0330579 0.010989 0.03215 0.00690095 0.19551 
0.475737 0.170648 0.0186757 0 0.0257191 0 0 
0.300868 0.0918367 0 0.029703 0 0.129134 0.0798973 
0.419104 0.37346 0.0120482 0.0291262 0 0.0456443 0 

Sample_0 Sample_1 Sample_2 Sample_3 
3 7 5 2 0 6 4 

