1 #sols

5
8
0 0.454842 0.064934 0 0.0691947 0.0717059 0.137688 0.072031 
0.126984 0.357875 0.0993219 0.00310352 0.136742 0 0.239806 0 
0.0425424 0.439992 0.0258515 0.264329 0.0500712 0.0111847 0.0759319 0.111803 
0 0.15195 0 0.149113 0 0 0 0 
0 0.36149 0.147394 0 0.174423 0.159445 0.325821 0.0499537 

Sample_0 Sample_1 Sample_2 Sample_3 Sample_4 
0;1;2;3 76;77;78;79;80;81;82;83;84;94;95;96;97;98;99 64;65;66;67;68;69;70;71;72;73;74;75 85;86;87;88;89;90;91;92;93 4;5;6;7;8 9;10;11;12;13;14;15;16;17;57;58;59;60;61;62;63 49;50;51;52;53;54;55;56 18;19;20;21;22;23;24;25;26;27;28;29;30;31;32;33;34;35;36;37;38;39;40;41;42;43;44;45;46;47;48 

5
5
0.492343 0.144062 0.143412 0.129868 0 
0.263138 0 0 0.198644 0.253968 
0.49722 0.223607 0.0223694 0.0517029 0.0850848 
0.3039 0 0 0 0 
0.00939631 0.0999073 0.31889 0.294787 0 
5
5
1 0 0 0 0 
1 1 0 0 0 
1 0 1 0 0 
1 0 0 1 0 
1 0 0 0 1 

1 1 1 1 1 
5
5
0.454842 0.072031 0.0717059 0.064934 0 
0.357875 0 0 0.0993219 0.126984 
0.439992 0.111803 0.0111847 0.0258515 0.0425424 
0.15195 0 0 0 0 
0.36149 0.0499537 0.159445 0.147394 0 

Sample_0 Sample_1 Sample_2 Sample_3 Sample_4 
1 7 5 2 0 

