gene_id	Sample_0	Sample_0	Sample_1	Sample_1	Sample_2	Sample_2	Sample_3	Sample_3	Sample_4	Sample_4
11;12;13;14;15;16;17;18;19;20;21	493	45	444	84	427	123	507	29	411	113
58;60;61;62;63;65;66;69;70;71;73;74;75;76;77;78;79;81;82;84;85;86;87	957	209	829	269	770	365	755	411	597	596
22;23;24;25;26;27;28;29;30;31;32;33;34;35;36;37;38;39;40;41;42;43;44;45;46;47;48;89	1308	93	1229	127	1405	0	1377	0	1421	0
0;1;2;3;4;5;6;7;8;9;10;97	576	0	636	0	595	24	611	0	504	94
57;59;64;67;68;72;80;83	297	59	318	58	256	119	241	141	249	158
55;56;88;90	177	7	209	6	184	0	189	19	178	0
91;92;93;94;95	253	0	256	0	201	36	246	18	264	0
96;98;99	170	0	149	12	149	0	139	0	92	33
49;50;51;52;53;54	306	0	319	0	293	9	277	28	260	37
