1 #sols

4
8
0.373106 0.171289 0 0 0 0.0567929 0.126667 0.0974212 
0.344507 0.150928 0.181818 0 0.173077 0.163472 0 0.00191571 
0.434034 0.0165746 0 0.0268139 0 0 0.137681 0 
0.390625 0.135385 0.284238 0.12462 0.0909091 0.00327154 0 0 

Sample_0 Sample_1 Sample_2 Sample_3 
31;32;33;34;35;36;37;38;39;40;41 66;67;68;69;70;71;72;73;74;75;76;77;78;79;80;81;82;83;84;85;86;87;88;89;90 48;49;50;52;53;54;55;56 18;19;20;21;22;23;24;25;26;27;28;29;30 51 57;58;59;60;61;62;63;64;65;91;92;93;94;95;96;97;98;99 15;16;17 0;1;2;3;4;5;6;7;8;9;10;11;12;13;14;42;43;44;45;46;47 

4
7
0.0367156 0.147735 0.194842 0.253333 0.113586 0 0 
0 0.298025 0.00383142 0 0.267384 0.228296 0 
0.50593 0.0331492 0 0.275362 0 0 0.0536278 
0.0728794 0.270769 0 0 0.00654308 0.181818 0.24924 
7
7
1 0 0 0 0 0 0 
1 1 0 0 0 0 0 
1 1 1 0 0 0 0 
1 0 0 1 0 0 0 
1 0 0 0 1 0 0 
1 0 0 0 0 1 0 
1 0 0 0 0 0 1 

1 1 0.999999 1 1 0.994576 1 
4
7
0.373106 0.171289 0.0974212 0.126667 0.0567929 0 0 
0.398768 0.150928 0.00191571 0 0.133692 0.114148 0 
0.434034 0.0165746 0 0.137681 0 0 0.0268139 
0.390625 0.135385 0 0 0.00327154 0.0909091 0.12462 

Sample_0 Sample_1 Sample_2 Sample_3 
0 1 7 6 5 4 3 

