gene_id	Sample_0	Sample_0	Sample_1	Sample_1	Sample_2	Sample_2	Sample_3	Sample_3	Sample_4	Sample_4
36;37;38;39;40;41;42;43;44;45;46;47;48;49;50;51;52;53	1372	455	1783	0	1834	0	1568	226	1842	0
30;31;87;91;92;95;96	570	159	559	164	584	135	624	47	447	281
14;15;16;17;18;19;20;21;22;23;24;25	1144	49	1145	30	1189	0	1103	139	1162	0
5;6;7;8;9;10;11;12;13	441	404	695	249	635	272	439	405	558	322
72;73;74;75;76;77;78;79;80;81;82;83;84;85	1374	0	1393	0	1321	76	1037	346	1316	0
54;55;56;57;59;60;61;62	718	32	828	0	738	0	783	0	608	164
63;64;65;66;67;68;69;70;71	915	0	928	21	829	79	877	0	831	63
0;1;2;3	362	49	344	44	387	0	386	2	391	33
86;88;89;90;93;94;97;98;99	640	185	671	233	620	230	765	117	583	300
58	103	2	105	0	128	0	105	0	57	29
26;28;29;34;35	389	131	413	89	458	41	445	47	318	161
27;32;33	265	56	248	68	299	22	234	44	201	120
4	99	0	79	10	93	11	95	0	91	0
