1 #sols

5
13
0.249042 0.218107 0.0410729 0.478107 0 0.0426667 0 0.119221 0.224242 0.0190476 0.251923 0.174455 0 
0 0.226833 0.0255319 0.263771 0 0 0.0221286 0.113402 0.257743 0 0.177291 0.21519 0.11236 
0 0.187761 0 0.29989 0.0544023 0 0.0870044 0 0.270588 0 0.0821643 0.0685358 0.105769 
0.125975 0.0700447 0.111916 0.479858 0.250181 0 0 0.00515464 0.132653 0 0.0955285 0.158273 0 
0 0.385989 0 0.365909 0 0.212435 0.0704698 0.0778302 0.339751 0.337209 0.336117 0.373832 0 

Sample_0 Sample_1 Sample_2 Sample_3 Sample_4 
36;37;38;39;40;41;42;43;44;45;46;47;48;49;50;51;52;53 30;31;87;91;92;95;96 14;15;16;17;18;19;20;21;22;23;24;25 5;6;7;8;9;10;11;12;13 72;73;74;75;76;77;78;79;80;81;82;83;84;85 54;55;56;57;59;60;61;62 63;64;65;66;67;68;69;70;71 0;1;2;3 86;88;89;90;93;94;97;98;99 58 26;28;29;34;35 27;32;33 4 

5
9
0 0.128091 0.238443 0.0853333 0 0 0 0.0567559 0.44759 
0 0.0474821 0.226804 0 0.196634 0.0249464 0 0.031676 0 
0 0.148496 0 0 0.211538 0.130941 0.108805 0 0 
0 0.121682 0.0103093 0 0 0 0.442513 0.181312 0.213985 
0 0.049094 0.15566 0.42487 0 0.102193 0 0 0 
9
9
1 0 0 0 0 0 0 0 0 
1 1 0 0 0 0 0 0 0 
1 1 1 0 0 0 0 0 0 
1 1 0 1 0 0 0 0 0 
1 0 0 0 1 0 0 0 0 
1 0 0 0 0 1 0 0 0 
1 0 0 0 0 0 1 0 0 
1 0 0 0 0 0 0 1 0 
1 0 0 0 0 0 0 0 1 

1 0.862232 0.996076 0.999999 0.999502 1 1 1 1 
5
9
0.478107 0.225934 0.119221 0.0426667 0 0 0 0.028378 0.223795 
0.263771 0.137143 0.113402 0 0.0983169 0.0124732 0 0.015838 0 
0.29989 0.0742479 0 0 0.105769 0.0654703 0.0544023 0 0 
0.484901 0.0659957 0.00515464 0 0 0 0.221256 0.090656 0.106992 
0.365909 0.314812 0.0778302 0.212435 0 0.0510967 0 0 0 

Sample_0 Sample_1 Sample_2 Sample_3 Sample_4 
3 10 7 5 12 6 4 2 0 

