1 #sols

6
8
0.172556 0.487179 0 0.274933 0.0239977 0 0.169682 0 
0 0.138757 0 0.149641 0 0.153665 0 0 
0.0109365 0.4068 0.027065 0.287883 0 0.308366 0.0105384 0.0270425 
0.0151536 0.335335 0.0163542 0 0.163169 0 0 0.0119471 
0.251911 0.241632 0 0 0 0 0.141789 0 
0 0.476905 0 0.101733 0.0140315 0 0 0.177266 

Sample_0 Sample_1 Sample_2 Sample_3 Sample_4 Sample_5 
38;39;40;41;42;54;55;56;57;58;59;60;61;62;63;64;65;66;67;68;69;70;71;72;73;74;75;76;77;78;79;80;81;82;83;84;85;86;87;88;89;90;91;92 0;1;2;3;17 18;19;20;21;22 50;51;52;53 93;94;95;96;97;98;99 23;24;25;26;27;28;29;30;31;32;33;34;35;36;37 4;5;6;7;8;9;10;11;12;13;14;15;16 43;44;45;46;47;48;49 

6
5
0.587 0 0.339363 0.0479955 0 
0.277514 0 0 0 0 
0.684309 0.054085 0.0210767 0 0.0541299 
0.28773 0.0238942 0 0.326338 0.0327084 
0.199687 0 0.283577 0 0 
0.571214 0.354532 0 0.0280631 0 
5
5
1 0 0 0 0 
1 1 0 0 0 
1 0 1 0 0 
1 0 0 1 0 
1 0 0 0 1 

1 1 1 1 1 
6
5
0.487179 0 0.169682 0.0239977 0 
0.138757 0 0 0 0 
0.4068 0.0270425 0.0105384 0 0.027065 
0.335335 0.0119471 0 0.163169 0.0163542 
0.241632 0 0.141789 0 0 
0.476905 0.177266 0 0.0140315 0 

Sample_0 Sample_1 Sample_2 Sample_3 Sample_4 Sample_5 
1 7 6 4 2 

