MultiBinom clustering
Convergence threshold: 1.000000
Initial num clusters: 126
kmeans: True

Time taken: 78.370301
Num active clusters: 24
Cluster assignments
2
13
13
13
13
13
16
13
4
13
13
13
12
13
2
22
8
4
8
8
10
10
5
23
18
17
23
18
18
17
18
18
9
9
19
11
0
0
0
0
0
0
0
0
0
0
0
0
21
20
20
20
20
20
20
20
20
20
20
20
20
20
7
7
7
7
7
7
15
3
3
6
3
6
6
3
15
6
3
3
6
15
3
3
15
14
1
1
14
14
14
1
1
1
14
14
14
14
1
14
1
14
14
14
14
14
1
14
14
1
14
14
1
14
19
19
19
19
19
19
19
19
19
19
19
19
Alpha posterior values
4867.0000 0.0000 1688.0368 0.0000 0.0000 0.0000 0.0000 0.0000 0.0000 787.1720 0.0000 0.0000 0.0000 0.0000 0.0000 0.0000 0.0000 0.0000 0.0000 0.0000 1460.9714 0.0000 0.0000 0.0000 0.0000 0.0000 0.0000 0.0000 962.0000 0.0000 0.0000 1319.0421 0.0000 3746.7776 0.0000 0.0000 1105.0001 0.0000 0.0000 0.0000 0.0000 0.0000 0.0000 0.0000 0.0000 0.0000 0.0000 0.0000 0.0000 0.0000 176.0000 0.0000 0.0000 0.0000 117.0000 0.0000 0.0000 0.0000 0.0000 0.0000 0.0000 0.0000 0.0000 0.0000 0.0000 0.0000 0.0000 0.0000 0.0000 0.0000 0.0000 0.0000 0.0000 0.0000 0.0000 0.0000 0.0000 0.0000 0.0000 0.0000 0.0000 0.0000 0.0000 0.0000 0.0000 0.0000 0.0000 0.0000 0.0000 0.0000 0.0000 0.0000 0.0000 0.0000 0.0000 0.0000 0.0000 0.0000 0.0000 0.0000 0.0000 0.0000 0.0000 0.0000 0.0000 0.0000 0.0000 0.0000 0.0000 0.0000 0.0000 0.0000 0.0000 0.0000 0.0000 0.0000 0.0000 0.0000 0.0000 0.0000 0.0000 0.0000 0.0000 0.0000 0.0000 0.0000
0.0000 0.0000 521.0104 0.0000 0.0000 0.0000 0.0000 0.0000 0.0000 288.7437 0.0000 0.0000 0.0000 0.0000 0.0000 0.0000 0.0000 0.0000 0.0000 0.0000 472.9956 0.0000 0.0000 0.0000 0.0000 0.0000 0.0000 0.0000 235.0000 0.0000 0.0000 322.0115 0.0000 1100.2388 0.0000 0.0000 478.0000 0.0000 0.0000 0.0000 0.0000 0.0000 0.0000 0.0000 0.0000 5.0000 1693.0000 0.0000 0.0000 0.0000 0.0000 0.0000 0.0000 0.0000 29.0000 0.0000 0.0000 0.0000 0.0000 0.0000 0.0000 0.0000 0.0000 0.0000 0.0000 0.0000 0.0000 0.0000 0.0000 0.0000 0.0000 0.0000 0.0000 0.0000 0.0000 0.0000 0.0000 0.0000 0.0000 0.0000 0.0000 0.0000 0.0000 0.0000 0.0000 0.0000 0.0000 0.0000 0.0000 0.0000 0.0000 0.0000 0.0000 0.0000 0.0000 0.0000 0.0000 0.0000 0.0000 0.0000 0.0000 0.0000 0.0000 0.0000 0.0000 0.0000 0.0000 0.0000 0.0000 0.0000 0.0000 0.0000 0.0000 0.0000 0.0000 0.0000 0.0000 0.0000 0.0000 0.0000 0.0000 0.0000 0.0000 0.0000 0.0000 0.0000
0.0000 0.0000 2018.1363 0.0000 0.0000 0.0000 0.0000 0.0000 0.0000 1122.5461 0.0000 0.0000 0.0000 0.0000 256.0000 0.0000 0.0000 0.0000 0.0000 0.0000 1640.8614 0.0000 0.0000 0.0000 0.0000 0.0000 0.0000 0.0000 926.0000 0.0000 0.0000 1362.0699 0.0000 4815.3858 0.0000 0.0000 1334.0006 0.0000 0.0000 0.0000 0.0000 0.0000 0.0000 0.0000 0.0000 0.0000 0.0000 0.0000 0.0000 0.0000 0.0000 0.0000 0.0000 0.0000 91.0000 0.0000 0.0000 0.0000 0.0000 0.0000 0.0000 0.0000 0.0000 0.0000 0.0000 0.0000 0.0000 0.0000 0.0000 0.0000 0.0000 0.0000 0.0000 0.0000 0.0000 0.0000 0.0000 0.0000 0.0000 0.0000 0.0000 0.0000 0.0000 0.0000 0.0000 0.0000 0.0000 0.0000 0.0000 0.0000 0.0000 0.0000 0.0000 0.0000 0.0000 0.0000 0.0000 0.0000 0.0000 0.0000 0.0000 0.0000 0.0000 0.0000 0.0000 0.0000 0.0000 0.0000 0.0000 0.0000 0.0000 0.0000 0.0000 0.0000 0.0000 0.0000 0.0000 0.0000 0.0000 0.0000 0.0000 0.0000 0.0000 0.0000 0.0000 0.0000
0.0000 0.0000 596.0126 0.0000 0.0000 877.5205 0.0000 0.0000 0.0000 468.3149 0.0000 0.0000 0.0000 0.0000 119.0000 0.0000 1242.4256 0.0000 0.0000 0.0000 468.9912 0.0000 0.0000 0.0000 0.0000 45.0000 0.0000 0.0000 0.0000 0.0000 437.0000 772.0257 0.0000 1732.6556 0.0000 1154.0539 154.0000 229.0267 0.0000 0.0000 0.0000 0.0000 0.0000 0.0000 1085.0000 0.0000 0.0000 0.0000 0.0000 0.0000 0.0000 0.0000 0.0000 0.0000 25.0000 0.0000 129.9733 0.0000 0.0000 0.0000 0.0000 0.0000 0.0000 0.0000 0.0000 0.0000 0.0000 0.0000 0.0000 0.0000 0.0000 0.0000 0.0000 0.0000 0.0000 0.0000 0.0000 0.0000 0.0000 0.0000 0.0000 0.0000 0.0000 0.0000 0.0000 0.0000 0.0000 0.0000 0.0000 0.0000 0.0000 0.0000 0.0000 0.0000 0.0000 0.0000 0.0000 0.0000 0.0000 0.0000 0.0000 0.0000 0.0000 0.0000 0.0000 0.0000 0.0000 0.0000 0.0000 0.0000 0.0000 0.0000 0.0000 0.0000 0.0000 0.0000 0.0000 0.0000 0.0000 0.0000 0.0000 0.0000 0.0000 0.0000 0.0000 0.0000
0.0000 380.7756 473.0056 0.0000 0.0000 3.0000 0.0000 0.0000 0.0000 15.9211 0.0000 0.0000 0.0000 0.0000 28.0000 0.0000 0.0000 0.0000 0.0000 0.0000 0.0000 0.0000 0.0000 0.0000 0.0000 68.0000 0.0000 0.0000 0.0000 0.0000 0.0000 219.0133 0.0000 847.0599 1609.2244 7.0000 116.0000 93.0209 0.0000 0.0000 0.0000 0.0000 0.0000 0.0000 312.0000 24.0000 0.0000 0.0000 0.0000 0.0000 0.0000 0.0000 0.0000 0.0000 39.0000 0.0000 55.9791 0.0000 0.0000 0.0000 0.0000 0.0000 0.0000 0.0000 0.0000 0.0000 0.0000 0.0000 0.0000 0.0000 0.0000 0.0000 0.0000 0.0000 0.0000 0.0000 0.0000 0.0000 0.0000 0.0000 0.0000 0.0000 0.0000 0.0000 0.0000 0.0000 0.0000 0.0000 0.0000 0.0000 0.0000 0.0000 0.0000 0.0000 0.0000 0.0000 0.0000 0.0000 0.0000 0.0000 0.0000 0.0000 0.0000 0.0000 0.0000 0.0000 0.0000 0.0000 0.0000 0.0000 0.0000 0.0000 0.0000 0.0000 0.0000 0.0000 0.0000 0.0000 0.0000 0.0000 0.0000 0.0000 0.0000 0.0000 0.0000 0.0000
0.0000 0.0000 604.0091 0.0000 0.0000 0.0000 0.0000 0.0000 0.0000 672.1276 0.0000 0.0000 0.0000 0.0000 181.0000 0.0000 0.0000 0.0000 0.0000 0.0000 513.9978 0.0000 0.0000 0.0000 0.0000 0.0000 0.0000 0.0000 0.0000 0.0000 335.0000 385.0241 0.0000 2918.8414 0.0000 5.0000 738.0000 837.0575 0.0000 0.0000 0.0000 0.0000 0.0000 0.0000 1667.0000 2736.9977 0.0000 0.0000 0.0000 0.0000 0.0000 0.0000 0.0000 0.0000 0.0000 0.0000 174.9448 0.0000 0.0000 0.0000 0.0000 0.0000 0.0000 0.0000 0.0000 0.0000 0.0000 0.0000 0.0000 0.0000 0.0000 0.0000 0.0000 0.0000 0.0000 0.0000 0.0000 0.0000 0.0000 0.0000 0.0000 0.0000 0.0000 0.0000 0.0000 0.0000 0.0000 0.0000 0.0000 0.0000 0.0000 0.0000 0.0000 0.0000 0.0000 0.0000 0.0000 0.0000 0.0000 0.0000 0.0000 0.0000 0.0000 0.0000 0.0000 0.0000 0.0000 0.0000 0.0000 0.0000 0.0000 0.0000 0.0000 0.0000 0.0000 0.0000 0.0000 0.0000 0.0000 0.0000 0.0000 0.0000 0.0000 0.0000 0.0000 0.0000
Beta posterior values
11762.0000 11571.4918 3206.1068 0.0000 0.0000 10895.0169 0.0000 0.0000 0.0000 1829.1956 0.0000 0.0000 0.0000 0.0000 754.0000 0.0000 8648.4645 0.0000 0.0000 11712.9607 3277.9054 0.0000 0.0000 0.0000 0.0000 1017.0000 0.0000 0.0000 1919.0000 0.0000 2762.0000 2383.0841 0.0000 8184.7076 30752.5475 4087.5186 2872.0004 3253.3776 0.0000 0.0000 0.0000 0.0000 0.0000 0.0000 5784.0001 17735.9937 17427.0000 0.0000 0.0000 0.0000 1770.0000 0.0000 0.0000 0.0000 299.0000 0.0000 992.6286 0.0000 0.0000 0.0000 0.0000 0.0000 0.0000 0.0000 0.0000 0.0000 0.0000 0.0000 0.0000 0.0000 0.0000 0.0000 0.0000 0.0000 0.0000 0.0000 0.0000 0.0000 0.0000 0.0000 0.0000 0.0000 0.0000 0.0000 0.0000 0.0000 0.0000 0.0000 0.0000 0.0000 0.0000 0.0000 0.0000 0.0000 0.0000 0.0000 0.0000 0.0000 0.0000 0.0000 0.0000 0.0000 0.0000 0.0000 0.0000 0.0000 0.0000 0.0000 0.0000 0.0000 0.0000 0.0000 0.0000 0.0000 0.0000 0.0000 0.0000 0.0000 0.0000 0.0000 0.0000 0.0000 0.0000 0.0000 0.0000 0.0000
5178.0000 3697.2278 1058.0265 0.0000 0.0000 3515.3564 0.0000 0.0000 0.0000 668.1326 0.0000 0.0000 0.0000 0.0000 243.0000 0.0000 2894.5024 0.0000 0.0000 4271.9847 1084.9802 0.0000 0.0000 0.0000 0.0000 300.0000 0.0000 0.0000 771.0000 0.0000 597.0000 741.0213 0.0000 2432.8393 9410.7874 1302.1412 652.0001 924.1218 0.0000 0.0000 0.0000 0.0000 0.0000 0.0000 1748.0000 5556.9981 3793.0000 0.0000 0.0000 0.0000 520.0000 0.0000 0.0000 0.0000 81.0000 0.0000 332.8800 0.0000 0.0000 0.0000 0.0000 0.0000 0.0000 0.0000 0.0000 0.0000 0.0000 0.0000 0.0000 0.0000 0.0000 0.0000 0.0000 0.0000 0.0000 0.0000 0.0000 0.0000 0.0000 0.0000 0.0000 0.0000 0.0000 0.0000 0.0000 0.0000 0.0000 0.0000 0.0000 0.0000 0.0000 0.0000 0.0000 0.0000 0.0000 0.0000 0.0000 0.0000 0.0000 0.0000 0.0000 0.0000 0.0000 0.0000 0.0000 0.0000 0.0000 0.0000 0.0000 0.0000 0.0000 0.0000 0.0000 0.0000 0.0000 0.0000 0.0000 0.0000 0.0000 0.0000 0.0000 0.0000 0.0000 0.0000 0.0000 0.0000
20718.0000 13803.0686 4123.2363 0.0000 0.0000 12128.3184 0.0000 0.0000 0.0000 2489.7762 0.0000 0.0000 0.0000 0.0000 579.0000 0.0000 9058.1270 0.0000 0.0000 13246.9506 3695.7713 0.0000 0.0000 0.0000 0.0000 1226.0000 0.0000 0.0000 1901.0000 0.0000 2980.0000 2643.1155 0.0000 9281.0999 34425.9807 4996.5546 2553.0010 4064.2886 0.0000 0.0000 0.0000 0.0000 0.0000 0.0000 5744.0001 20192.9932 20302.0000 0.0000 0.0000 0.0000 1791.0000 0.0000 0.0000 0.0000 210.0000 0.0000 1322.7181 0.0000 0.0000 0.0000 0.0000 0.0000 0.0000 0.0000 0.0000 0.0000 0.0000 0.0000 0.0000 0.0000 0.0000 0.0000 0.0000 0.0000 0.0000 0.0000 0.0000 0.0000 0.0000 0.0000 0.0000 0.0000 0.0000 0.0000 0.0000 0.0000 0.0000 0.0000 0.0000 0.0000 0.0000 0.0000 0.0000 0.0000 0.0000 0.0000 0.0000 0.0000 0.0000 0.0000 0.0000 0.0000 0.0000 0.0000 0.0000 0.0000 0.0000 0.0000 0.0000 0.0000 0.0000 0.0000 0.0000 0.0000 0.0000 0.0000 0.0000 0.0000 0.0000 0.0000 0.0000 0.0000 0.0000 0.0000 0.0000 0.0000
15447.0000 10972.2522 5216.1116 0.0000 0.0000 9546.6036 0.0000 0.0000 0.0000 1740.6885 0.0000 0.0000 0.0000 0.0000 545.0000 0.0000 6387.1191 0.0000 0.0000 9466.9596 3465.8944 0.0000 0.0000 0.0000 0.0000 678.0000 0.0000 0.0000 2194.0000 0.0000 2226.0000 2983.0880 0.0000 8493.2171 29042.7882 2936.2773 3187.0004 1869.2278 0.0000 0.0000 0.0000 0.0000 0.0000 0.0000 3733.0001 15870.9950 15313.0000 0.0000 0.0000 0.0000 1907.0000 0.0000 0.0000 0.0000 269.0000 0.0000 687.7772 0.0000 0.0000 0.0000 0.0000 0.0000 0.0000 0.0000 0.0000 0.0000 0.0000 0.0000 0.0000 0.0000 0.0000 0.0000 0.0000 0.0000 0.0000 0.0000 0.0000 0.0000 0.0000 0.0000 0.0000 0.0000 0.0000 0.0000 0.0000 0.0000 0.0000 0.0000 0.0000 0.0000 0.0000 0.0000 0.0000 0.0000 0.0000 0.0000 0.0000 0.0000 0.0000 0.0000 0.0000 0.0000 0.0000 0.0000 0.0000 0.0000 0.0000 0.0000 0.0000 0.0000 0.0000 0.0000 0.0000 0.0000 0.0000 0.0000 0.0000 0.0000 0.0000 0.0000 0.0000 0.0000 0.0000 0.0000 0.0000 0.0000
5759.0000 3744.0691 1296.0448 0.0000 0.0000 3576.9415 0.0000 0.0000 0.0000 732.1326 0.0000 0.0000 0.0000 0.0000 246.0000 0.0000 2789.9583 0.0000 0.0000 3176.9787 1522.9604 0.0000 0.0000 0.0000 0.0000 219.0000 0.0000 0.0000 918.0000 0.0000 754.0000 993.0333 0.0000 3221.8287 8727.9521 1338.1001 1279.0002 988.1348 0.0000 0.0000 0.0000 0.0000 0.0000 0.0000 1276.0000 5639.9985 5694.0000 0.0000 0.0000 0.0000 629.0000 0.0000 0.0000 0.0000 75.0000 0.0000 265.8667 0.0000 0.0000 0.0000 0.0000 0.0000 0.0000 0.0000 0.0000 0.0000 0.0000 0.0000 0.0000 0.0000 0.0000 0.0000 0.0000 0.0000 0.0000 0.0000 0.0000 0.0000 0.0000 0.0000 0.0000 0.0000 0.0000 0.0000 0.0000 0.0000 0.0000 0.0000 0.0000 0.0000 0.0000 0.0000 0.0000 0.0000 0.0000 0.0000 0.0000 0.0000 0.0000 0.0000 0.0000 0.0000 0.0000 0.0000 0.0000 0.0000 0.0000 0.0000 0.0000 0.0000 0.0000 0.0000 0.0000 0.0000 0.0000 0.0000 0.0000 0.0000 0.0000 0.0000 0.0000 0.0000 0.0000 0.0000 0.0000 0.0000
15641.0000 11050.0508 3606.1900 0.0000 0.0000 10032.3897 0.0000 0.0000 0.0000 1301.2745 0.0000 0.0000 0.0000 0.0000 672.0000 0.0000 6951.1533 0.0000 0.0000 9069.9598 3257.8042 0.0000 0.0000 0.0000 0.0000 871.0000 0.0000 0.0000 2101.0000 0.0000 2138.0000 2211.0976 0.0000 8073.6329 26746.9893 3993.4570 2452.0008 1916.2923 0.0000 0.0000 0.0000 0.0000 0.0000 0.0000 3477.0001 13270.9952 16423.0000 0.0000 0.0000 0.0000 1412.0000 0.0000 0.0000 0.0000 361.0000 0.0000 1006.7124 0.0000 0.0000 0.0000 0.0000 0.0000 0.0000 0.0000 0.0000 0.0000 0.0000 0.0000 0.0000 0.0000 0.0000 0.0000 0.0000 0.0000 0.0000 0.0000 0.0000 0.0000 0.0000 0.0000 0.0000 0.0000 0.0000 0.0000 0.0000 0.0000 0.0000 0.0000 0.0000 0.0000 0.0000 0.0000 0.0000 0.0000 0.0000 0.0000 0.0000 0.0000 0.0000 0.0000 0.0000 0.0000 0.0000 0.0000 0.0000 0.0000 0.0000 0.0000 0.0000 0.0000 0.0000 0.0000 0.0000 0.0000 0.0000 0.0000 0.0000 0.0000 0.0000 0.0000 0.0000 0.0000 0.0000 0.0000 0.0000 0.0000
Cluster phi posterior values
0.2927 0.0000 0.3449 0.0000 0.3008 0.0000 0.0000 0.0000 0.3082 0.0000 0.3338 0.0000 0.3563 0.3140 0.0000 0.0000 0.2778 0.0000 0.0000 0.0000 0.0000 0.0902 0.2807 0.0000
0.0000 0.0000 0.3298 0.0000 0.3015 0.0000 0.0000 0.0000 0.3034 0.0000 0.2332 0.0000 0.3027 0.3113 0.0000 0.0000 0.4229 0.0000 0.0000 0.0007 0.3085 0.0000 0.2615 0.0000
0.0000 0.0000 0.3286 0.0000 0.3107 0.3064 0.0000 0.0000 0.3074 0.0000 0.3275 0.0000 0.3400 0.3416 0.0000 0.0000 0.3432 0.0000 0.0000 0.0000 0.0000 0.0000 0.3017 0.0000
0.0000 0.0000 0.1025 0.0841 0.2118 0.1787 0.1628 0.0000 0.1190 0.0614 0.0000 0.1640 0.2055 0.1694 0.0000 0.2821 0.0460 0.1089 0.2251 0.0000 0.0000 0.0000 0.0836 0.1584
0.0000 0.0921 0.2672 0.0006 0.0204 0.1007 0.0000 0.0000 0.0000 0.2357 0.0000 0.0000 0.1804 0.2080 0.1556 0.0046 0.0829 0.0855 0.1962 0.0041 0.0000 0.0000 0.3407 0.1726
0.0000 0.0000 0.1434 0.0000 0.3405 0.2119 0.0000 0.0000 0.1361 0.0000 0.0000 0.1353 0.1482 0.2655 0.0000 0.0011 0.2313 0.3039 0.3240 0.1709 0.0000 0.0000 0.0000 0.1477
