1 #sols

5
9
0.0663812 0.176084 0 0.0206897 0 0.0836431 0 0.102564 0 
0.0936578 0.221845 0 0.0357143 0 0.159091 0 0 0.0745342 
0 0.32053 0.0298013 0 0.151899 0.223636 0.0387722 0 0 
0 0.356589 0.0918033 0.0789474 0.0681818 0.0541045 0 0.125 0 
0 0.47125 0.124579 0 0 0.215649 0.157191 0 0.264 

Sample_0 Sample_1 Sample_2 Sample_3 Sample_4 
22;23;24;25;26;27;28;29;30;31;32;33;34;35;36;37;38;39;40;41;42;43;44;45;46;47;48;89 57;58;59;60;61;62;63;64;65;66;67;68;69;70;71;72;73;74;75;76;77;78;79;80;81;82;83;84;85;86;87 49;50;51;52;53;54 56;88;90 91;92;93;94;95 11;12;13;14;15;16;17;18;19;20;21 0;1;2;3;4;5;6;7;8;9;10;97 55 96;98;99 

5
9
0 0.0256062 0 0.132762 0 0.205128 0 0.0413793 0 
0 0.130866 0 0.187316 0.111941 0 0 0.0714286 0 
0 0.298114 0.0775444 0 0 0 0.303797 0 0.0247511 
0 0.0668795 0 0 0 0.25 0.118489 0.157895 0.183607 
0 0.0308186 0.314381 0 0.490047 0 0 0 0.164754 
9
9
1 0 0 0 0 0 0 0 0 
1 1 0 0 0 0 0 0 0 
1 1 1 0 0 0 0 0 0 
1 1 0 1 0 0 0 0 0 
1 0 0 0 1 0 0 0 0 
1 0 0 0 0 1 0 0 0 
1 0 0 0 0 0 1 0 0 
1 0 0 0 0 0 0 1 0 
1 0 0 0 0 0 0 0 1 

1 0.999024 0.994041 0.911044 0.999997 0.854691 1 1 1 
5
9
0.202438 0.0791843 0 0.0663812 0 0.102564 0 0.0206897 0 
0.250776 0.159091 0 0.0936578 0.0559703 0 0 0.0357143 0 
0.352104 0.187829 0.0387722 0 0 0 0.151899 0 0.0123756 
0.388435 0.0334397 0 0 0 0.125 0.0592444 0.0789474 0.0918033 
0.5 0.1726 0.157191 0 0.245023 0 0 0 0.0823768 

Sample_0 Sample_1 Sample_2 Sample_3 Sample_4 
1 5 6 0 8 7 4 3 2 

