MultiBinom clustering
Convergence threshold: 1.000000
Initial num clusters: 56
kmeans: True

Time taken: 17.593958
Num active clusters: 18
Cluster assignments
13
15
15
13
12
13
15
15
6
3
15
15
13
13
15
15
7
7
2
2
2
14
9
5
9
17
17
17
17
17
17
17
17
0
0
0
0
1
16
1
1
1
1
1
8
1
1
1
1
8
1
1
4
4
11
10
Alpha posterior values
0.0000 0.0000 0.0000 0.0000 141.0000 88.0000 0.0000 0.0000 0.0000 77.0000 128.0000 0.0000 0.0000 0.0000 0.0000 0.0000 0.0000 0.0000 62.0004 261.7178 0.0000 0.0000 0.0000 77.0000 647.2818 0.0000 0.0000 0.0000 0.0000 0.0000 0.0000 0.0000 0.0000 0.0000 0.0000 0.0000 0.0000 0.0000 0.0000 0.0000 0.0000 0.0000 0.0000 0.0000 0.0000 0.0000 0.0000 0.0000 0.0000 0.0000 0.0000 0.0000 0.0000 0.0000 0.0000 0.0000
0.0000 0.0000 2814.9992 0.0000 626.0000 0.0000 0.0000 0.0000 0.0000 641.0000 547.0000 209.0000 0.0000 0.0000 0.0000 0.0000 0.0000 0.0000 213.0013 1344.6500 0.0000 0.0000 0.0000 360.0000 2232.3487 0.0000 244.0008 0.0000 0.0000 0.0000 0.0000 0.0000 0.0000 0.0000 0.0000 0.0000 0.0000 0.0000 0.0000 0.0000 0.0000 0.0000 0.0000 0.0000 0.0000 0.0000 0.0000 0.0000 0.0000 0.0000 0.0000 0.0000 0.0000 0.0000 0.0000 0.0000
0.0000 0.0000 0.0000 0.0000 155.0000 63.0000 0.0000 0.0000 0.0000 54.0000 144.0000 0.0000 0.0000 0.0000 0.0000 0.0000 0.0000 0.0000 49.0006 218.7873 0.0000 0.0000 0.0000 63.0000 521.2121 0.0000 0.0000 0.0000 0.0000 0.0000 0.0000 0.0000 0.0000 0.0000 0.0000 0.0000 0.0000 0.0000 0.0000 0.0000 0.0000 0.0000 0.0000 0.0000 0.0000 0.0000 0.0000 0.0000 0.0000 0.0000 0.0000 0.0000 0.0000 0.0000 0.0000 0.0000
0.0000 0.0000 0.0000 0.0000 411.0000 813.0000 0.0000 117.9998 347.0000 205.0000 571.0000 0.0000 0.0000 416.0002 0.0000 0.0000 0.0000 0.0000 135.0009 797.2496 0.0000 0.0000 0.0000 0.0000 1529.7494 0.0000 0.0000 0.0000 0.0000 0.0000 0.0000 0.0000 0.0000 0.0000 0.0000 0.0000 0.0000 0.0000 0.0000 0.0000 0.0000 0.0000 0.0000 0.0000 0.0000 0.0000 0.0000 0.0000 0.0000 0.0000 0.0000 0.0000 0.0000 0.0000 0.0000 0.0000
396.0000 0.0000 0.0000 0.0000 350.0000 633.0000 0.0000 0.0000 265.0000 180.0000 473.0000 0.0000 0.0000 342.0000 0.0000 0.0000 0.0000 0.0000 123.0010 653.4191 0.0000 0.0000 0.0000 0.0000 1177.5798 0.0000 0.0000 0.0000 0.0000 0.0000 0.0000 0.0000 0.0000 0.0000 0.0000 0.0000 0.0000 0.0000 0.0000 0.0000 0.0000 0.0000 0.0000 0.0000 0.0000 0.0000 0.0000 0.0000 0.0000 0.0000 0.0000 0.0000 0.0000 0.0000 0.0000 0.0000
348.0000 0.0000 0.0000 0.0000 248.0000 615.0000 0.0000 0.0000 282.0000 146.0000 369.0000 0.0000 0.0000 255.0000 0.0000 0.0000 0.0000 78.0000 123.0009 684.3496 0.0000 0.0000 0.0000 0.0000 1163.6496 0.0000 0.0000 180.0000 0.0000 0.0000 0.0000 0.0000 0.0000 0.0000 0.0000 0.0000 0.0000 0.0000 0.0000 0.0000 0.0000 0.0000 0.0000 0.0000 0.0000 0.0000 0.0000 0.0000 0.0000 0.0000 0.0000 0.0000 0.0000 0.0000 0.0000 0.0000
0.0000 0.0000 43.0000 0.0000 18.0000 263.0000 0.0000 0.0000 0.0000 202.0000 85.0000 0.0000 0.0000 0.0000 0.0000 0.0000 156.0000 0.0000 140.0014 941.0835 0.0000 0.0000 0.0000 8.0000 1627.9151 0.0000 8.0000 1266.0000 0.0000 0.0000 0.0000 0.0000 0.0000 0.0000 0.0000 0.0000 0.0000 0.0000 0.0000 0.0000 0.0000 0.0000 0.0000 0.0000 0.0000 0.0000 0.0000 0.0000 0.0000 0.0000 0.0000 0.0000 0.0000 0.0000 0.0000 0.0000
4.0000 0.0000 0.0000 0.0000 0.0000 209.0000 0.0000 0.0000 13.0000 169.0000 6.0000 0.0000 0.0000 0.0000 0.0000 0.0000 0.0000 0.0000 127.0010 893.0599 0.0000 0.0000 0.0000 0.0000 1358.9391 0.0000 0.0000 1087.0000 0.0000 0.0000 0.0000 0.0000 0.0000 0.0000 0.0000 0.0000 0.0000 0.0000 0.0000 0.0000 0.0000 0.0000 0.0000 0.0000 0.0000 0.0000 0.0000 0.0000 0.0000 0.0000 0.0000 0.0000 0.0000 0.0000 0.0000 0.0000
Beta posterior values
2482.0000 0.0000 9486.9968 0.0000 1764.0000 857.0000 0.0000 677.9989 923.0000 934.0000 1363.0000 1716.0000 0.0000 1858.0011 0.0000 0.0000 1103.0000 790.0000 714.0051 3739.4462 0.0000 0.0000 0.0000 838.0000 6248.5487 0.0000 416.0032 5706.0000 0.0000 0.0000 0.0000 0.0000 0.0000 0.0000 0.0000 0.0000 0.0000 0.0000 0.0000 0.0000 0.0000 0.0000 0.0000 0.0000 0.0000 0.0000 0.0000 0.0000 0.0000 0.0000 0.0000 0.0000 0.0000 0.0000 0.0000 0.0000
2902.0000 0.0000 7440.9986 0.0000 1639.0000 1216.0000 0.0000 1094.9978 1362.0000 530.0000 1290.0000 2045.0000 0.0000 2205.0022 0.0000 0.0000 1772.0000 958.0000 948.0044 3576.1625 0.0000 0.0000 0.0000 955.0000 5920.8331 0.0000 207.0014 6988.0000 0.0000 0.0000 0.0000 0.0000 0.0000 0.0000 0.0000 0.0000 0.0000 0.0000 0.0000 0.0000 0.0000 0.0000 0.0000 0.0000 0.0000 0.0000 0.0000 0.0000 0.0000 0.0000 0.0000 0.0000 0.0000 0.0000 0.0000 0.0000
2341.0000 0.0000 7936.9969 0.0000 1509.0000 722.0000 0.0000 618.9990 811.0000 732.0000 1424.0000 1421.0000 0.0000 1556.0010 0.0000 0.0000 917.0000 744.0000 573.0050 3252.8249 0.0000 0.0000 0.0000 746.0000 5324.1701 0.0000 381.0031 4820.0000 0.0000 0.0000 0.0000 0.0000 0.0000 0.0000 0.0000 0.0000 0.0000 0.0000 0.0000 0.0000 0.0000 0.0000 0.0000 0.0000 0.0000 0.0000 0.0000 0.0000 0.0000 0.0000 0.0000 0.0000 0.0000 0.0000 0.0000 0.0000
3439.0000 0.0000 11449.9961 0.0000 2138.0000 1020.0000 0.0000 923.9996 1002.0000 1563.0000 1618.0000 2249.0000 0.0000 1941.0004 0.0000 0.0000 1730.0000 1022.0000 928.0060 4308.7417 0.0000 0.0000 0.0000 1023.0000 7292.2523 0.0000 607.0039 7504.0000 0.0000 0.0000 0.0000 0.0000 0.0000 0.0000 0.0000 0.0000 0.0000 0.0000 0.0000 0.0000 0.0000 0.0000 0.0000 0.0000 0.0000 0.0000 0.0000 0.0000 0.0000 0.0000 0.0000 0.0000 0.0000 0.0000 0.0000 0.0000
2839.0000 0.0000 11594.9965 0.0000 2211.0000 1071.0000 0.0000 1194.9989 923.0000 1447.0000 1836.0000 2383.0000 0.0000 1954.0011 0.0000 0.0000 1579.0000 1075.0000 980.0067 4308.7997 0.0000 0.0000 0.0000 1032.0000 7438.1937 0.0000 664.0035 7215.0000 0.0000 0.0000 0.0000 0.0000 0.0000 0.0000 0.0000 0.0000 0.0000 0.0000 0.0000 0.0000 0.0000 0.0000 0.0000 0.0000 0.0000 0.0000 0.0000 0.0000 0.0000 0.0000 0.0000 0.0000 0.0000 0.0000 0.0000 0.0000
2204.0000 0.0000 8440.9974 0.0000 1694.0000 744.0000 0.0000 870.9992 806.0000 1093.0000 1284.0000 1722.0000 0.0000 1586.0008 0.0000 0.0000 1073.0000 696.0000 711.0048 3262.5299 0.0000 0.0000 0.0000 814.0000 5219.4653 0.0000 517.0026 5248.0000 0.0000 0.0000 0.0000 0.0000 0.0000 0.0000 0.0000 0.0000 0.0000 0.0000 0.0000 0.0000 0.0000 0.0000 0.0000 0.0000 0.0000 0.0000 0.0000 0.0000 0.0000 0.0000 0.0000 0.0000 0.0000 0.0000 0.0000 0.0000
2491.0000 0.0000 9276.9970 0.0000 1908.0000 768.0000 0.0000 774.9986 990.0000 746.0000 1487.0000 1752.0000 0.0000 1926.0014 0.0000 0.0000 958.0000 823.0000 803.0049 3275.8831 0.0000 0.0000 0.0000 1085.0000 5646.1120 0.0000 435.0030 4613.0000 0.0000 0.0000 0.0000 0.0000 0.0000 0.0000 0.0000 0.0000 0.0000 0.0000 0.0000 0.0000 0.0000 0.0000 0.0000 0.0000 0.0000 0.0000 0.0000 0.0000 0.0000 0.0000 0.0000 0.0000 0.0000 0.0000 0.0000 0.0000
2526.0000 0.0000 8948.9969 0.0000 1853.0000 701.0000 0.0000 696.9994 894.0000 650.0000 1547.0000 1594.0000 0.0000 1807.0006 0.0000 0.0000 968.0000 867.0000 674.0057 3097.0348 0.0000 0.0000 0.0000 921.0000 5305.9596 0.0000 440.0031 4347.0000 0.0000 0.0000 0.0000 0.0000 0.0000 0.0000 0.0000 0.0000 0.0000 0.0000 0.0000 0.0000 0.0000 0.0000 0.0000 0.0000 0.0000 0.0000 0.0000 0.0000 0.0000 0.0000 0.0000 0.0000 0.0000 0.0000 0.0000 0.0000
Cluster phi posterior values
0.0000 0.0000 0.0737 0.0927 0.0000 0.0000 0.0757 0.0855 0.0000 0.0000 0.0000 0.0000 0.0794 0.0652 0.0837 0.0938 0.0000 0.0000
0.0000 0.2744 0.2762 0.0000 0.0000 0.0000 0.5474 0.2976 0.0925 0.0000 0.0000 0.0000 0.1832 0.2732 0.2736 0.2738 0.5411 0.0000
0.0000 0.0000 0.0928 0.0797 0.0000 0.0000 0.0682 0.0915 0.0000 0.0000 0.0000 0.0000 0.0781 0.0628 0.0774 0.0890 0.0000 0.0000
0.0000 0.0000 0.1610 0.4435 0.1127 0.2570 0.1157 0.2607 0.0000 0.1763 0.0000 0.0000 0.1266 0.1560 0.0000 0.1733 0.0000 0.0000
0.1222 0.0000 0.1365 0.3714 0.0000 0.2228 0.1104 0.2047 0.0000 0.1488 0.0000 0.0000 0.1112 0.1316 0.0000 0.1366 0.0000 0.0000
0.1361 0.0000 0.1274 0.4525 0.0000 0.2590 0.1175 0.2230 0.0000 0.1382 0.0000 0.1003 0.1471 0.1733 0.0000 0.1822 0.0000 0.0330
0.0000 0.0045 0.0090 0.2549 0.0000 0.0000 0.2128 0.0537 0.0000 0.0000 0.1397 0.0000 0.1481 0.2231 0.0069 0.2237 0.0170 0.2153
0.0013 0.0000 0.0000 0.2294 0.0000 0.0138 0.2060 0.0034 0.0000 0.0000 0.0000 0.0000 0.1581 0.2237 0.0000 0.2038 0.0000 0.1999
