gene_id	Sample_0	Sample_0	Sample_1	Sample_1	Sample_2	Sample_2	Sample_3	Sample_3	Sample_4	Sample_4	Sample_5	Sample_5
0;1;3;4;5;6;7;8;9;10	357	146	242	227	355	135	357	143	297	198	499	24
13;14;15;16;17;19;20;21;23;24;25;28;30;31;32;87	837	0	748	72	786	0	810	0	726	120	772	0
34;35;36;37;38;39	309	0	172	130	303	0	233	75	217	79	296	9
2;94;95;96;97;98;99	221	146	216	166	288	99	195	145	258	136	342	24
82;83;84;85;86	196	58	282	0	260	0	238	0	227	0	256	4
54;55;56;57;58;59;60;61;62;63;64;65;66;67;68;69;70;71;72;73;74;75;76;77;78;79;80;81	1259	74	1393	0	1362	0	1415	64	1340	0	1445	0
18;22;26;27;29;88;89;90;91;92;93	552	0	406	104	555	0	565	0	498	65	595	0
11;12;33;40	236	0	164	72	190	0	143	40	139	62	196	0
41;42;43;44;45;46;47;48;49;50;51;52;53	668	4	621	0	569	0	631	0	647	0	617	31
