1 #sols

6
9
0.290258 0 0 0.39782 0.228346 0.0555139 0 0 0.00595238 
0.484009 0.0878049 0.430464 0.434555 0 0 0.203922 0.305085 0 
0.27551 0 0 0.255814 0 0 0 0 0 
0.286 0 0.243506 0.426471 0 0.0432725 0 0.218579 0 
0.4 0.141844 0.266892 0.345178 0 0 0.115453 0.308458 0 
0.0458891 0 0.0295082 0.0655738 0.0153846 0 0 0 0.0478395 

Sample_0 Sample_1 Sample_2 Sample_3 Sample_4 Sample_5 
0;1;3;4;5;6;7;8;9;10 13;14;15;16;17;19;20;21;23;24;25;28;30;31;32;87 34;35;36;37;38;39 2;94;95;96;97;98;99 82;83;84;85;86 54;55;56;57;58;59;60;61;62;63;64;65;66;67;68;69;70;71;72;73;74;75;76;77;78;79;80;81 18;22;26;27;29;88;89;90;91;92;93 11;12;33;40 41;42;43;44;45;46;47;48;49;50;51;52;53 

6
6
0.216015 0.0119048 0 0.111028 0.456693 0 
0.285657 0 0.407843 0 0 0.17561 
0.511628 0 0 0 0 0 
0.766396 0 0 0.086545 0 0 
0.175762 0 0.230906 0 0 0.283688 
0.0046993 0.095679 0 0 0.0307692 0 
6
6
1 0 0 0 0 0 
1 1 0 0 0 0 
1 0 1 0 0 0 
1 0 0 1 0 0 
1 0 0 0 1 0 
1 0 0 0 0 1 

1 0.888363 1 1 0.998947 1 
6
6
0.39782 0.00595238 0 0.0555139 0.228346 0 
0.434555 0 0.203922 0 0 0.0878049 
0.255814 0 0 0 0 0 
0.426471 0 0 0.0432725 0 0 
0.345178 0 0.115453 0 0 0.141844 
0.0655738 0.0478395 0 0 0.0153846 0 

Sample_0 Sample_1 Sample_2 Sample_3 Sample_4 Sample_5 
3 8 6 5 4 1 

