gene_id	Sample_0	Sample_0	Sample_1	Sample_1	Sample_2	Sample_2	Sample_3	Sample_3
31;32;33;34;35;36;37;38;39;40;41	611	430	678	400	626	438	695	461
57;59;60;62;63;64;65	632	67	578	111	691	0	654	10
18;19;20;21;22;23;24;25;26;27;28;29;30	1283	0	1292	0	1281	27	1188	173
67;68;69;70;72;73;74;75;76;77;78;79;80;81;82;83;84;85;87;88;89;90	1745	450	1894	359	2185	41	1876	277
15;16;17	254	39	316	0	262	59	319	0
48;49;50;51;52;53;54;55;56	914	0	742	155	922	0	654	229
66;71;86	270	43	228	54	274	10	251	61
58;61;91;92;93;94;95;96;97;98;99	986	68	879	183	1094	0	1085	0
0;1;2;3;4;5;6;7;8;9;10;11;12;13;14;42;43;44;45;46;47	1952	193	2124	0	2084	0	2192	2
