2 #sols

4
7
0.0337243 0 0.00508647 0.302382 0.486903 0.0365967 0.029801 
0.450259 0 0.0224949 0.0184357 0.489641 0.448068 0.451556 
0.0298557 0.0877758 0.193957 0.163875 0.323848 0.0343596 0.0279249 
0 0.214141 0 0 0.357181 0.0885657 0.102138 

Sample_0 Sample_1 Sample_2 Sample_3 
35;36;37;38;39;40;41;42;43;44;45;46;47;48;49;50;51;52;53;54;55;56;57;58;59;60;61;62;63;64;65;66;67;68;69;70 12;93;94;95 96 0;1;2;3;4;5;6;7;8;9;10;11;90;91;92;97;98;99 71;72;73;74;75;76;77;78;79;80;81;82;83;84;85;86;87;88;89 13;14;15;16;18;19;20;25;29;30;31;32;34 17;21;22;23;24;26;27;28;33 

4
4
0.301593 0.604765 0 0.0674487 
0.0418917 0.0368714 0 0.900518 
0.0846836 0.32775 0.175552 0.0597114 
0.286079 0 0.428283 0 
4
4
1 0 0 0 
1 1 0 0 
1 0 1 0 
1 0 0 1 

1 1 1 1 
4
4
0.486903 0.302382 0 0.0337243 
0.489641 0.0184357 0 0.450259 
0.323848 0.163875 0.0877758 0.0298557 
0.357181 0 0.214141 0 

Sample_0 Sample_1 Sample_2 Sample_3 
4 3 1 0 

4
4
0.896184 0.0101729 0 0.0674487 
0.0337733 0.0449898 0 0.900518 
0.0245193 0.387914 0.175552 0.0597114 
0.286079 0 0.428283 0 
4
4
1 0 0 0 
1 1 0 0 
1 0 1 0 
1 0 0 1 

1 1 1 1 
4
4
0.486903 0.00508647 0 0.0337243 
0.489641 0.0224949 0 0.450259 
0.323848 0.193957 0.0877758 0.0298557 
0.357181 0 0.214141 0 

Sample_0 Sample_1 Sample_2 Sample_3 
4 2 1 0 

