MultiBinom clustering
Convergence threshold: 1.000000
Initial num clusters: 100
kmeans: True

Time taken: 26.232848
ARI: 0.754225
Cluster freq error: 0.012028
Num active clusters: 10
Cluster assignments
9
9
9
9
0
0
9
9
0
9
9
1
5
2
4
6
2
2
4
4
4
2
4
2
2
2
2
4
4
4
2
4
2
4
4
6
6
6
6
6
6
6
6
6
6
6
6
6
6
6
8
6
6
6
6
6
6
8
6
6
8
6
8
6
6
8
6
6
6
6
6
7
7
7
7
7
7
7
7
7
7
7
7
7
7
7
7
7
7
7
9
9
9
5
5
5
3
9
0
0
Alpha posterior values
50.9049 0.0000 0.0000 0.0000 0.0000 0.0000 0.0000 0.0000 0.0000 38.5604 0.0000 0.0000 0.0000 0.9983 0.0000 0.0000 0.0000 0.0000 7.3270 0.0000 0.0000 0.0000 0.0000 0.0000 0.0000 33.7156 435.0000 0.0000 19.9686 1.4283 0.0000 194.1629 0.0000 0.0000 0.0000 0.0000 7.9339 0.0000 0.0000 0.0000 0.0000 0.0000 0.0000 0.0000 0.0000 0.0000 0.0000 0.0000 0.0000 0.0000 0.0000 0.0000 0.0000 0.0000 0.0000 0.0000 0.0000 0.0000 0.0000 0.0000 0.0000 0.0000 0.0000 0.0000 0.0000 0.0000 0.0000 0.0000 0.0000 0.0000 0.0000 0.0000 0.0000 0.0000 0.0000 0.0000 0.0000 0.0000 0.0000 0.0000 0.0000 0.0000 0.0000 0.0000 0.0000 0.0000 0.0000 0.0000 0.0000 0.0000 0.0000 0.0000 0.0000 0.0000 0.0000 0.0000 0.0000 0.0000 0.0000 0.0000
4.2762 0.0000 0.0000 0.0000 0.0000 0.0000 0.0000 0.0000 0.0000 259.9763 0.0000 0.0000 0.0000 0.9983 0.0000 0.0000 0.0000 0.0000 215.2904 0.0000 0.0000 0.0000 0.0000 0.0000 0.0000 663.7394 478.0000 0.0000 165.6911 16.3028 0.0000 8.7503 0.0000 0.0000 0.0000 0.0000 2.9752 0.0000 0.0000 0.0000 0.0000 0.0000 0.0000 0.0000 0.0000 0.0000 0.0000 0.0000 0.0000 0.0000 0.0000 0.0000 0.0000 0.0000 0.0000 0.0000 0.0000 0.0000 0.0000 0.0000 0.0000 0.0000 0.0000 0.0000 0.0000 0.0000 0.0000 0.0000 0.0000 0.0000 0.0000 0.0000 0.0000 0.0000 0.0000 0.0000 0.0000 0.0000 0.0000 0.0000 0.0000 0.0000 0.0000 0.0000 0.0000 0.0000 0.0000 0.0000 0.0000 0.0000 0.0000 0.0000 0.0000 0.0000 0.0000 0.0000 0.0000 0.0000 0.0000 0.0000
36.2646 0.0000 0.0000 0.0000 0.0000 0.0000 0.0000 0.0000 0.0000 20.2975 0.0000 0.0000 0.0000 11.9790 0.0000 0.0000 0.0000 0.0000 12.0434 0.0000 0.0000 19.0000 0.0000 0.0000 0.0000 45.3422 310.0000 0.0000 3.4835 0.8334 0.0000 117.7565 0.0000 0.0000 0.0000 0.0000 0.0000 0.0000 0.0000 0.0000 0.0000 0.0000 0.0000 0.0000 0.0000 0.0000 0.0000 0.0000 0.0000 0.0000 0.0000 0.0000 0.0000 0.0000 0.0000 0.0000 0.0000 0.0000 0.0000 0.0000 0.0000 0.0000 0.0000 0.0000 0.0000 0.0000 0.0000 0.0000 0.0000 0.0000 0.0000 0.0000 0.0000 0.0000 0.0000 0.0000 0.0000 0.0000 0.0000 0.0000 0.0000 0.0000 0.0000 0.0000 0.0000 0.0000 0.0000 0.0000 0.0000 0.0000 0.0000 0.0000 0.0000 0.0000 0.0000 0.0000 0.0000 0.0000 0.0000 0.0000
0.0000 0.0000 0.0000 0.0000 0.0000 0.0000 0.0000 0.0000 0.0000 50.9327 0.0000 0.0000 0.0000 0.0000 0.0000 0.0000 0.0000 0.0000 53.2462 0.0000 0.0000 43.0000 0.0000 0.0000 0.0000 0.0000 344.0000 0.0000 0.0000 2.8212 0.0000 0.0000 0.0000 0.0000 0.0000 0.0000 0.0000 0.0000 0.0000 0.0000 0.0000 0.0000 0.0000 0.0000 0.0000 0.0000 0.0000 0.0000 0.0000 0.0000 0.0000 0.0000 0.0000 0.0000 0.0000 0.0000 0.0000 0.0000 0.0000 0.0000 0.0000 0.0000 0.0000 0.0000 0.0000 0.0000 0.0000 0.0000 0.0000 0.0000 0.0000 0.0000 0.0000 0.0000 0.0000 0.0000 0.0000 0.0000 0.0000 0.0000 0.0000 0.0000 0.0000 0.0000 0.0000 0.0000 0.0000 0.0000 0.0000 0.0000 0.0000 0.0000 0.0000 0.0000 0.0000 0.0000 0.0000 0.0000 0.0000 0.0000
Beta posterior values
183.4022 0.0000 0.0000 0.0000 0.0000 0.0000 0.0000 0.0000 0.0000 508.1325 0.0000 0.0000 0.0000 48.9144 0.0000 0.0000 0.0000 0.0000 446.8765 0.0000 0.0000 194.0000 0.0000 0.0000 0.0000 1436.1395 510.0000 0.0000 350.9836 30.8680 0.0000 386.0967 0.0000 0.0000 0.0000 0.0000 49.5867 0.0000 0.0000 0.0000 0.0000 0.0000 0.0000 0.0000 0.0000 0.0000 0.0000 0.0000 0.0000 0.0000 0.0000 0.0000 0.0000 0.0000 0.0000 0.0000 0.0000 0.0000 0.0000 0.0000 0.0000 0.0000 0.0000 0.0000 0.0000 0.0000 0.0000 0.0000 0.0000 0.0000 0.0000 0.0000 0.0000 0.0000 0.0000 0.0000 0.0000 0.0000 0.0000 0.0000 0.0000 0.0000 0.0000 0.0000 0.0000 0.0000 0.0000 0.0000 0.0000 0.0000 0.0000 0.0000 0.0000 0.0000 0.0000 0.0000 0.0000 0.0000 0.0000 0.0000
248.5523 0.0000 0.0000 0.0000 0.0000 0.0000 0.0000 0.0000 0.0000 284.8791 0.0000 0.0000 0.0000 52.9075 0.0000 0.0000 0.0000 0.0000 300.8982 0.0000 0.0000 233.0000 0.0000 0.0000 0.0000 842.6820 454.0000 0.0000 190.9879 17.5528 0.0000 557.8542 0.0000 0.0000 0.0000 0.0000 37.6859 0.0000 0.0000 0.0000 0.0000 0.0000 0.0000 0.0000 0.0000 0.0000 0.0000 0.0000 0.0000 0.0000 0.0000 0.0000 0.0000 0.0000 0.0000 0.0000 0.0000 0.0000 0.0000 0.0000 0.0000 0.0000 0.0000 0.0000 0.0000 0.0000 0.0000 0.0000 0.0000 0.0000 0.0000 0.0000 0.0000 0.0000 0.0000 0.0000 0.0000 0.0000 0.0000 0.0000 0.0000 0.0000 0.0000 0.0000 0.0000 0.0000 0.0000 0.0000 0.0000 0.0000 0.0000 0.0000 0.0000 0.0000 0.0000 0.0000 0.0000 0.0000 0.0000 0.0000
202.5779 0.0000 0.0000 0.0000 0.0000 0.0000 0.0000 0.0000 0.0000 526.3380 0.0000 0.0000 0.0000 44.9212 0.0000 0.0000 0.0000 0.0000 461.9796 0.0000 0.0000 195.0000 0.0000 0.0000 0.0000 1404.3795 718.0000 0.0000 344.2182 31.0846 0.0000 468.8150 0.0000 0.0000 0.0000 0.0000 37.6859 0.0000 0.0000 0.0000 0.0000 0.0000 0.0000 0.0000 0.0000 0.0000 0.0000 0.0000 0.0000 0.0000 0.0000 0.0000 0.0000 0.0000 0.0000 0.0000 0.0000 0.0000 0.0000 0.0000 0.0000 0.0000 0.0000 0.0000 0.0000 0.0000 0.0000 0.0000 0.0000 0.0000 0.0000 0.0000 0.0000 0.0000 0.0000 0.0000 0.0000 0.0000 0.0000 0.0000 0.0000 0.0000 0.0000 0.0000 0.0000 0.0000 0.0000 0.0000 0.0000 0.0000 0.0000 0.0000 0.0000 0.0000 0.0000 0.0000 0.0000 0.0000 0.0000 0.0000
242.8474 0.0000 0.0000 0.0000 0.0000 0.0000 0.0000 0.0000 0.0000 494.4042 0.0000 0.0000 0.0000 45.9198 0.0000 0.0000 0.0000 0.0000 401.5379 0.0000 0.0000 166.0000 0.0000 0.0000 0.0000 1488.9086 626.0000 0.0000 355.5503 27.5990 0.0000 589.6213 0.0000 0.0000 0.0000 0.0000 46.6115 0.0000 0.0000 0.0000 0.0000 0.0000 0.0000 0.0000 0.0000 0.0000 0.0000 0.0000 0.0000 0.0000 0.0000 0.0000 0.0000 0.0000 0.0000 0.0000 0.0000 0.0000 0.0000 0.0000 0.0000 0.0000 0.0000 0.0000 0.0000 0.0000 0.0000 0.0000 0.0000 0.0000 0.0000 0.0000 0.0000 0.0000 0.0000 0.0000 0.0000 0.0000 0.0000 0.0000 0.0000 0.0000 0.0000 0.0000 0.0000 0.0000 0.0000 0.0000 0.0000 0.0000 0.0000 0.0000 0.0000 0.0000 0.0000 0.0000 0.0000 0.0000 0.0000 0.0000
Cluster phi posterior values
0.2152 0.1316 0.0691 0.0102 0.0142 0.0000 0.0223 0.4602 0.0517 0.3341
0.0137 0.0625 0.4771 0.0094 0.4168 0.0000 0.4405 0.5129 0.4644 0.0139
0.1494 0.0000 0.0356 0.2054 0.0236 0.0857 0.0307 0.3012 0.0075 0.1998
0.0000 0.0000 0.0920 0.0000 0.1156 0.2035 0.0000 0.3544 0.0000 0.0000
