1 #sols

6
9
0 0.472103 0.0620985 0.105943 0.460223 0 0 0.52 0.243655 
0.104575 0.487961 0.125576 0 0.435501 0.117459 0 0.484211 0 
0.00671141 0.453125 0.268868 0 0.428219 0.0253767 0.156049 0.353488 0.157068 
0.0337838 0.189706 0.026287 0.144893 0.188556 0.0259789 0 0.116505 0 
0.0331325 0.252616 0.171625 0.0407125 0.286832 0.00850277 0 0.309179 0.0552764 
0.0582192 0.36417 0.0665138 0.315136 0.48194 0.0607777 0.0645864 0.502203 0.0810398 

Sample_0 Sample_1 Sample_2 Sample_3 Sample_4 Sample_5 
31;39;42 4;13;14;16;22;23;97 59;60;61;62;63;64;65;66;67 0;74;75;76 1;2;3;5;6;7;8;9;10;12;15;17;18;20;21;24;25;26;27;28;29;91;92;93;94;95;96;98;99 30;32;33;34;35;36;37;38;40;41;43;44;45;46;47;48;49;50;51;52;53;54;55;56;57;58 77;78;79;80;81;82;83;84;85;86;87;88;89;90 11;19 68;69;70;71;72;73 

6
6
0.221251 0.48731 0 0 0.211886 0 
0.426933 0 0 0.234918 0 0.20915 
0.166028 0.314136 0.312097 0.0507534 0 0.0134228 
0 0 0 0.0519578 0.289786 0.0675676 
0.298416 0.110553 0 0.0170055 0.0814249 0.0662651 
0 0.114247 0.0985951 0.0995083 0.535091 0.116438 
6
6
1 0 0 0 0 0 
1 1 0 0 0 0 
1 0 1 0 0 0 
1 0 0 1 0 0 
1 0 0 0 1 0 
1 0 0 0 0 1 

1 1 1 1 0.98508 1 
6
6
0.460223 0.243655 0 0 0.105943 0 
0.435501 0 0 0.117459 0 0.104575 
0.428219 0.157068 0.156049 0.0253767 0 0.00671141 
0.204656 0 0 0.0259789 0.144893 0.0337838 
0.286832 0.0552764 0 0.00850277 0.0407125 0.0331325 
0.48194 0.0571236 0.0492975 0.0497542 0.267546 0.0582192 

Sample_0 Sample_1 Sample_2 Sample_3 Sample_4 Sample_5 
4 8 6 5 3 0 

