MultiBinom clustering
Convergence threshold: 1.000000
Initial num clusters: 100
kmeans: True

Time taken: 49.351520
ARI: 0.938908
Cluster freq error: 0.003712
Num active clusters: 12
Cluster assignments
8
8
8
8
8
8
8
8
8
8
8
8
8
8
8
9
9
9
9
9
9
9
9
1
4
7
7
7
7
7
7
7
7
7
7
7
7
7
7
11
11
11
11
11
11
11
11
11
11
11
11
11
11
11
11
11
11
11
11
11
11
11
11
11
11
11
6
11
11
11
10
10
10
10
10
0
0
0
0
0
0
0
0
0
0
0
0
0
0
0
0
0
0
0
2
5
0
0
0
3
Alpha posterior values
0.0000 481.0000 0.0000 0.0000 0.0000 0.0000 0.0000 1.9999 0.0000 10.1870 0.0000 37.7202 0.0000 159.0002 191.0000 0.0000 0.0000 5.8130 0.0000 0.0000 0.0000 0.0000 0.0000 0.0000 0.0000 0.0000 1355.2798 0.0000 0.0000 0.0000 0.0000 0.0000 0.0000 0.0000 0.0000 0.9999 0.0000 0.0000 0.0000 0.0000 0.0000 0.0000 0.0000 0.0000 0.0000 0.0000 0.0000 0.0000 0.0000 0.0000 0.0000 0.0000 0.0000 0.0000 0.0000 0.0000 0.0000 0.0000 0.0000 0.0000 0.0000 0.0000 0.0000 0.0000 0.0000 0.0000 0.0000 0.0000 0.0000 0.0000 0.0000 0.0000 0.0000 0.0000 0.0000 0.0000 0.0000 0.0000 0.0000 0.0000 0.0000 0.0000 0.0000 0.0000 0.0000 0.0000 0.0000 0.0000 0.0000 0.0000 0.0000 0.0000 0.0000 0.0000 0.0000 0.0000 0.0000 0.0000 0.0000 0.0000
0.0000 0.0000 0.0000 0.0000 0.0000 0.0000 14.0000 34.1669 0.0000 9.1891 0.0000 32.9065 0.0000 396.0040 97.0004 0.0000 0.0000 5.8109 0.0000 0.0000 0.0000 0.0000 0.0000 0.0000 0.0000 111.6989 1113.0935 0.0000 0.0000 0.0000 0.0000 0.0000 0.0000 0.0000 0.0000 19.1302 0.0000 0.0000 0.0000 0.0000 0.0000 0.0000 0.0000 0.0000 0.0000 0.0000 0.0000 0.0000 0.0000 35.9996 0.0000 0.0000 0.0000 0.0000 0.0000 0.0000 0.0000 0.0000 0.0000 0.0000 0.0000 0.0000 0.0000 0.0000 0.0000 0.0000 0.0000 0.0000 0.0000 0.0000 0.0000 0.0000 0.0000 0.0000 0.0000 0.0000 0.0000 0.0000 0.0000 0.0000 0.0000 0.0000 0.0000 0.0000 0.0000 0.0000 0.0000 0.0000 0.0000 0.0000 0.0000 0.0000 0.0000 0.0000 0.0000 0.0000 0.0000 0.0000 0.0000 0.0000
0.0000 0.0000 0.0000 0.0000 0.0000 0.0000 11.0000 13.0474 0.0000 27.4980 0.0000 42.3076 0.0000 403.0015 0.0000 0.0000 0.0000 15.5020 0.0000 0.0000 0.0000 0.0000 0.0000 0.0000 0.0000 35.9101 1308.6924 0.0000 0.0000 0.0000 0.0000 0.0000 0.0000 0.0000 0.0000 9.0410 0.0000 0.0000 0.0000 0.0000 0.0000 0.0000 0.0000 0.0000 0.0000 0.0000 0.0000 0.0000 0.0000 0.0000 0.0000 0.0000 0.0000 0.0000 0.0000 0.0000 0.0000 0.0000 0.0000 0.0000 0.0000 0.0000 0.0000 0.0000 0.0000 0.0000 0.0000 0.0000 0.0000 0.0000 0.0000 0.0000 0.0000 0.0000 0.0000 0.0000 0.0000 0.0000 0.0000 0.0000 0.0000 0.0000 0.0000 0.0000 0.0000 0.0000 0.0000 0.0000 0.0000 0.0000 0.0000 0.0000 0.0000 0.0000 0.0000 0.0000 0.0000 0.0000 0.0000 0.0000
0.0000 0.0000 0.0000 0.0000 0.0000 0.0000 0.0000 10.0563 0.0000 0.0000 0.0000 11.7435 0.0000 150.0012 73.0006 0.0000 0.0000 0.0000 0.0000 0.0000 0.0000 0.0000 0.0000 0.0000 0.0000 48.8719 412.2565 0.0000 0.0000 0.0000 0.0000 0.0000 0.0000 0.0000 0.0000 13.0706 0.0000 0.0000 0.0000 0.0000 0.0000 0.0000 0.0000 0.0000 0.0000 0.0000 0.0000 0.0000 0.0000 79.9994 0.0000 0.0000 0.0000 0.0000 0.0000 0.0000 0.0000 0.0000 0.0000 0.0000 0.0000 0.0000 0.0000 0.0000 0.0000 0.0000 0.0000 0.0000 0.0000 0.0000 0.0000 0.0000 0.0000 0.0000 0.0000 0.0000 0.0000 0.0000 0.0000 0.0000 0.0000 0.0000 0.0000 0.0000 0.0000 0.0000 0.0000 0.0000 0.0000 0.0000 0.0000 0.0000 0.0000 0.0000 0.0000 0.0000 0.0000 0.0000 0.0000 0.0000
0.0000 483.0000 0.0000 0.0000 0.0000 0.0000 0.0000 15.0619 0.0000 0.0000 0.0000 36.8144 0.0000 210.0018 0.0000 0.0000 0.0000 0.0000 0.0000 0.0000 0.0000 0.0000 0.0000 0.0000 0.0000 47.8488 1287.1857 0.0000 0.0000 0.0000 0.0000 0.0000 0.0000 0.0000 0.0000 21.0875 0.0000 0.0000 0.0000 0.0000 0.0000 0.0000 0.0000 0.0000 0.0000 0.0000 0.0000 0.0000 0.0000 0.0000 0.0000 0.0000 0.0000 0.0000 0.0000 0.0000 0.0000 0.0000 0.0000 0.0000 0.0000 0.0000 0.0000 0.0000 0.0000 0.0000 0.0000 0.0000 0.0000 0.0000 0.0000 0.0000 0.0000 0.0000 0.0000 0.0000 0.0000 0.0000 0.0000 0.0000 0.0000 0.0000 0.0000 0.0000 0.0000 0.0000 0.0000 0.0000 0.0000 0.0000 0.0000 0.0000 0.0000 0.0000 0.0000 0.0000 0.0000 0.0000 0.0000 0.0000
Beta posterior values
0.0000 1739.0000 0.0000 0.0000 0.0000 0.0000 101.9998 107.6772 0.0000 103.0829 0.0000 64.1045 0.0000 1288.0127 1280.0078 0.0000 0.0000 91.9172 0.0000 0.0000 0.0000 0.0000 0.0000 0.0000 0.0000 537.7346 1619.8955 0.0000 0.0000 0.0000 0.0000 0.0000 0.0000 0.0000 0.0000 73.5756 0.0000 0.0000 0.0000 0.0000 0.0000 0.0000 0.0000 0.0000 0.0000 0.0000 0.0000 0.0000 0.0000 779.9922 0.0000 0.0000 0.0000 0.0000 0.0000 0.0000 0.0000 0.0000 0.0000 0.0000 0.0000 0.0000 0.0000 0.0000 0.0000 0.0000 0.0000 0.0000 0.0000 0.0000 0.0000 0.0000 0.0000 0.0000 0.0000 0.0000 0.0000 0.0000 0.0000 0.0000 0.0000 0.0000 0.0000 0.0000 0.0000 0.0000 0.0000 0.0000 0.0000 0.0000 0.0000 0.0000 0.0000 0.0000 0.0000 0.0000 0.0000 0.0000 0.0000 0.0000
0.0000 2166.0000 0.0000 0.0000 0.0000 0.0000 83.9999 85.4584 0.0000 100.2971 0.0000 77.3365 0.0000 973.0101 1394.0076 0.0000 0.0000 97.7031 0.0000 0.0000 0.0000 0.0000 0.0000 0.0000 0.0000 393.9779 1885.6635 0.0000 0.0000 0.0000 0.0000 0.0000 0.0000 0.0000 0.0000 98.5536 0.0000 0.0000 0.0000 0.0000 0.0000 0.0000 0.0000 0.0000 0.0000 0.0000 0.0000 0.0000 0.0000 757.9924 0.0000 0.0000 0.0000 0.0000 0.0000 0.0000 0.0000 0.0000 0.0000 0.0000 0.0000 0.0000 0.0000 0.0000 0.0000 0.0000 0.0000 0.0000 0.0000 0.0000 0.0000 0.0000 0.0000 0.0000 0.0000 0.0000 0.0000 0.0000 0.0000 0.0000 0.0000 0.0000 0.0000 0.0000 0.0000 0.0000 0.0000 0.0000 0.0000 0.0000 0.0000 0.0000 0.0000 0.0000 0.0000 0.0000 0.0000 0.0000 0.0000 0.0000
0.0000 2185.0000 0.0000 0.0000 0.0000 0.0000 92.9998 80.5395 0.0000 78.7519 0.0000 62.4524 0.0000 939.0095 1516.0083 0.0000 0.0000 81.2483 0.0000 0.0000 0.0000 0.0000 0.0000 0.0000 0.0000 452.8368 1745.5476 0.0000 0.0000 0.0000 0.0000 0.0000 0.0000 0.0000 0.0000 97.6142 0.0000 0.0000 0.0000 0.0000 0.0000 0.0000 0.0000 0.0000 0.0000 0.0000 0.0000 0.0000 0.0000 785.9917 0.0000 0.0000 0.0000 0.0000 0.0000 0.0000 0.0000 0.0000 0.0000 0.0000 0.0000 0.0000 0.0000 0.0000 0.0000 0.0000 0.0000 0.0000 0.0000 0.0000 0.0000 0.0000 0.0000 0.0000 0.0000 0.0000 0.0000 0.0000 0.0000 0.0000 0.0000 0.0000 0.0000 0.0000 0.0000 0.0000 0.0000 0.0000 0.0000 0.0000 0.0000 0.0000 0.0000 0.0000 0.0000 0.0000 0.0000 0.0000 0.0000 0.0000
0.0000 2165.0000 0.0000 0.0000 0.0000 0.0000 83.9999 81.6090 0.0000 116.5409 0.0000 95.2448 0.0000 1334.0096 1461.0080 0.0000 0.0000 105.4593 0.0000 0.0000 0.0000 0.0000 0.0000 0.0000 0.0000 466.9259 2539.7552 0.0000 0.0000 0.0000 0.0000 0.0000 0.0000 0.0000 0.0000 107.4555 0.0000 0.0000 0.0000 0.0000 0.0000 0.0000 0.0000 0.0000 0.0000 0.0000 0.0000 0.0000 0.0000 735.9920 0.0000 0.0000 0.0000 0.0000 0.0000 0.0000 0.0000 0.0000 0.0000 0.0000 0.0000 0.0000 0.0000 0.0000 0.0000 0.0000 0.0000 0.0000 0.0000 0.0000 0.0000 0.0000 0.0000 0.0000 0.0000 0.0000 0.0000 0.0000 0.0000 0.0000 0.0000 0.0000 0.0000 0.0000 0.0000 0.0000 0.0000 0.0000 0.0000 0.0000 0.0000 0.0000 0.0000 0.0000 0.0000 0.0000 0.0000 0.0000 0.0000 0.0000
0.0000 1748.0000 0.0000 0.0000 0.0000 0.0000 113.9998 95.5677 0.0000 90.1447 0.0000 69.2000 0.0000 1180.0112 1481.0085 0.0000 0.0000 92.8555 0.0000 0.0000 0.0000 0.0000 0.0000 0.0000 0.0000 444.9528 1820.8001 0.0000 0.0000 0.0000 0.0000 0.0000 0.0000 0.0000 0.0000 63.4682 0.0000 0.0000 0.0000 0.0000 0.0000 0.0000 0.0000 0.0000 0.0000 0.0000 0.0000 0.0000 0.0000 811.9915 0.0000 0.0000 0.0000 0.0000 0.0000 0.0000 0.0000 0.0000 0.0000 0.0000 0.0000 0.0000 0.0000 0.0000 0.0000 0.0000 0.0000 0.0000 0.0000 0.0000 0.0000 0.0000 0.0000 0.0000 0.0000 0.0000 0.0000 0.0000 0.0000 0.0000 0.0000 0.0000 0.0000 0.0000 0.0000 0.0000 0.0000 0.0000 0.0000 0.0000 0.0000 0.0000 0.0000 0.0000 0.0000 0.0000 0.0000 0.0000 0.0000 0.0000
Cluster phi posterior values
0.2164 0.0068 0.0550 0.0000 0.0138 0.0862 0.3691 0.1094 0.1294 0.0000 0.0000 0.4555
0.0000 0.1597 0.0519 0.1392 0.2838 0.0800 0.2966 0.2890 0.0645 0.0443 0.2200 0.3711
0.0000 0.0808 0.1567 0.1019 0.1355 0.2565 0.4029 0.3000 0.0000 0.0000 0.0720 0.4284
0.0000 0.1052 0.0000 0.0000 0.1054 0.0000 0.1060 0.1006 0.0470 0.0972 0.0934 0.1394
0.2163 0.2464 0.0000 0.0000 0.1328 0.0000 0.3458 0.1506 0.0000 0.0000 0.0957 0.4141
