gene_id	Sample_0	Sample_0	Sample_1	Sample_1	Sample_2	Sample_2	Sample_3	Sample_3	Sample_4	Sample_4	Sample_5	Sample_5
4	30	14	57	0	50	0	51	0	38	6	42	0
0;1;2;3;17	130	126	222	37	147	103	146	59	194	58	119	99
5;11;12;15;38;39;40;41;42;54;55;56;57;58;60;62;63;65;68;70;72;73;74;75;76;77;78;79;80;81;84;85;86;87;88;89;91;92	1608	309	1847	0	1870	9	1894	27	1378	525	1922	0
18;19;20;21;22	263	0	257	0	230	7	266	1	246	0	275	0
43;44;45;46;47;48;49	362	0	367	0	338	11	355	5	309	0	281	62
93;94;95;96;97;98;99	334	7	329	0	351	0	272	60	367	0	323	4
6;7;8;9;10;13;14;16	321	67	380	0	418	7	453	0	339	58	438	0
50;51;53	110	41	122	24	84	44	141	0	158	0	143	17
23;24;25;26;27;28;29;30;31;32;33;34;35;36;37	756	0	667	103	526	215	695	0	730	0	736	0
59;61;64;66;67;69;71;82;83;90	363	115	530	0	468	18	469	4	389	118	479	0
52	28	11	32	4	48	24	46	0	49	0	35	15
