gene_id	Sample_0	Sample_0	Sample_1	Sample_1	Sample_2	Sample_2	Sample_3	Sample_3	Sample_4	Sample_4
50;51;52;54;55;56;58;59;60;61;62;64;67;68;69;70;71;73;74;75;76;77;79;80;82;83;85;86	2867	0	2767	0	2387	384	2550	129	2805	0
89	107	0	108	0	73	27	93	0	73	42
32;36;37;40;41;42;44	679	0	654	0	713	0	586	97	660	24
6;7;9;11;12;15;17;21	826	12	767	7	815	0	774	0	761	0
88;90;91;92	280	122	220	166	205	140	251	114	193	215
94;95;97;98	380	0	378	19	361	3	394	0	373	51
87	81	14	112	1	79	22	73	25	52	39
29;30;31;33;34;35;38;39;43;45;46;47;48;49	1427	0	1429	0	1414	0	1080	329	1299	51
53;57;63;65;66;72;78;81	773	0	799	0	725	62	741	22	795	0
93;96;99	324	0	300	4	305	0	249	0	287	28
84	92	0	104	0	89	18	97	0	112	0
0;1;2;3;4;5	615	0	604	13	440	140	485	101	308	275
23;24;25;26;27;28	657	0	382	243	598	0	567	71	569	1
8;10;13;14;16;18;19;20;22	886	0	867	23	936	0	944	0	893	0
