1 #sols

5
12
0.229167 0 0.322034 0.227518 0.484404 0.0025974 0.428571 0.443333 0.126806 0.107246 0 0.0978261 
0.0178571 0.0508475 0.363636 0 0.338807 0.217262 0.457447 0.425993 0.0633484 0.304545 0.222222 0.102273 
0 0 0.596154 0 0.470956 0.0818182 0.593407 0.4081 0 0.318489 0.0508475 0.230769 
0.0654206 0.105263 0 0 0.122633 0.0901639 0.282353 0.175258 0.0298273 0.0814607 0 0 
0 0 0.412698 0.221689 0.376973 0.13881 0.372727 0.509317 0 0.154062 0 0 

Sample_0 Sample_1 Sample_2 Sample_3 Sample_4 
4;13 15;16;17;18;19;20;21;22 55 75;76;77;78;79;80;81;82;83;84;85;86;87;88;89;90;91;92;93;96;97;98 41;42;44;46;47;49;50;51;52;53;56;57;58;59;61;62;63;64;65;66;68;69 23;24;70;71;72;73;74 40;67 39;43;45;48;54;60 0;1;2;3;5;6;7;8;9;10;11;12;14 25;26;27;28;29;30;31;32;33;34;35;36;37;38 99 94;95 

5
8
0 0.0823156 0 0.191777 0.000536865 0.393173 0 0.272123 
0 0.204545 0.200843 0.0852075 0.401685 0 0.101695 0.00602436 
0.27313 0.461538 0.101695 0 0.163636 0 0 0 
0 0 0 0.0596546 0.180328 0 0.210526 0.130841 
0.024456 0 0 0 0.27762 0.443378 0 0 
8
8
1 0 0 0 0 0 0 0 
1 1 0 0 0 0 0 0 
1 0 1 0 0 0 0 0 
1 0 0 1 0 0 0 0 
1 0 0 0 1 0 0 0 
1 0 0 0 0 1 0 0 
1 0 0 0 0 0 1 0 
1 0 0 0 0 0 0 1 

1 1 0.996321 1 0.999996 0.999699 0.999971 0.998631 
5
8
0.469963 0.0411578 0 0.0958885 0.000268433 0.196587 0 0.136062 
0.5 0.102273 0.100421 0.0426038 0.200842 0 0.0508475 0.00301218 
0.5 0.230769 0.0508475 0 0.0818182 0 0 0 
0.290675 0 0 0.0298273 0.0901639 0 0.105263 0.0654206 
0.372727 0 0 0 0.13881 0.221689 0 0 

Sample_0 Sample_1 Sample_2 Sample_3 Sample_4 
6 11 10 8 5 3 1 0 

