1 #sols

4
9
0.445419 0 0.233253 0 0 0.206522 0.0877193 0.00510204 0.225589 
0.471483 0.170507 0.163885 0.265574 0.0230263 0.0454545 0.340909 0 0 
0.40613 0.0728155 0 0.0311878 0 0.352381 0 0 0.34471 
0.503274 0 0 0 0.17037 0.391304 0 0.025 0 

Sample_0 Sample_1 Sample_2 Sample_3 
35;36;37;38;39;40;41;42;43;44;45;46;47;48;49;50;51;52;53;54;55 68;70;71;76 0;1;2;3;4;5;6;7;8;9;10;11;12;13;14;16;17;18;19;20;21;22;23;24;25;26 58;59;60;61;62;63;64;65;66;67;69;72;73;74;75;77;78;79;80;81;82;83;84;85;86;87;88;89;90;91 57;92;93;94;95;96 98;99 15 27;28;29;97 30;31;32;33;34;56 

4
7
0 0.451178 0.00105311 0 0 0.466505 0 
0 0 0 0.0169835 0.474722 0.2782 0.2272 
0 0.683413 0 0 0.0623756 0 0.145631 
0.609259 0 0.05 0.340741 0 0 0 
7
7
1 0 0 0 0 0 0 
1 1 0 0 0 0 0 
1 0 1 0 0 0 0 
1 0 0 1 0 0 0 
1 0 0 0 1 0 0 
1 0 0 0 0 1 0 
1 0 0 0 0 0 1 

1 0.971248 1 1 1 1 1 
4
7
0.459368 0.225589 0.000526553 0 0 0.233253 0 
0.498553 0 0 0.00849176 0.237361 0.1391 0.1136 
0.44571 0.341706 0 0 0.0311878 0 0.0728155 
0.5 0 0.025 0.17037 0 0 0 

Sample_0 Sample_1 Sample_2 Sample_3 
0 8 7 4 3 2 1 

