1 #sols

4
8
0.444737 0.0387597 0 0 0 0.0652174 0 0.0348513 
0.404199 0.352863 0.0625 0.0952381 0 0.177778 0.0466667 0 
0.258917 0.0377095 0.0408163 0.206304 0.0358744 0 0 0 
0.428377 0.40638 0.343434 0 0.257042 0 0.0945946 0.023309 

Sample_0 Sample_1 Sample_2 Sample_3 
63;64;65;66;67;68;69;70;71;72;73;74;75;76;77 46;47;48;49;50;51;52;53;54;55;56;57;58;59;60 0;1 78;79;80;81;82;83;99 94;95;96;97;98 61;62 84;85;86;87;88;89;90;91;92;93 2;3;4;5;6;7;8;9;10;11;12;13;14;15;16;17;18;19;20;21;22;23;24;25;26;27;28;29;30;31;32;33;34;35;36;37;38;39;40;41;42;43;44;45 

4
6
0.689336 0.0697026 0 0.130435 0 0 
0.169034 0 0.0933333 0.355556 0 0.190476 
0.0334772 0 0 0 0.0717489 0.412607 
0.106861 0.0466179 0.189189 0 0.514085 0 
6
6
1 0 0 0 0 0 
1 1 0 0 0 0 
1 0 1 0 0 0 
1 0 0 1 0 0 
1 0 0 0 1 0 
1 0 0 0 0 1 

1 1 1 0.999993 1 0.970859 
4
6
0.444737 0.0348513 0 0.0652174 0 0 
0.404199 0 0.0466667 0.177778 0 0.0952381 
0.258917 0 0 0 0.0358744 0.206304 
0.428377 0.023309 0.0945946 0 0.257042 0 

Sample_0 Sample_1 Sample_2 Sample_3 
0 7 6 5 4 3 

