gene_id	Sample_0	Sample_0	Sample_1	Sample_1	Sample_2	Sample_2	Sample_3	Sample_3	Sample_4	Sample_4
2;3;4;5;6;7	490	95	591	0	602	0	605	0	485	92
10;11;12;13;14;15;16;17;18;19;20;21;22;23;24;25;26;27;28;29;30;31	2138	0	1909	346	2215	0	1789	340	2130	0
88;89;90;91;92;93;94;95	773	14	830	0	813	0	771	0	725	43
32;33;34;37;38;39;41;42;44;47;49;53;56;57;61;62;68;70;72	1218	680	1530	369	1958	0	2001	0	1611	295
35;36;40;43;45;46;48;50;51;52;54;55;58;59;60;63;64;65;66;67;69;71;73	1361	1004	1797	573	2303	0	2285	0	1891	418
1;8;9	277	0	292	0	309	16	253	43	300	0
83;84;85;86;87	278	216	325	174	497	23	276	238	383	125
96;97;98;99	431	0	382	0	411	0	403	57	415	0
0;74;75;76;77;78;79;80;81;82	967	20	942	0	934	55	705	288	955	58
