1 #sols

5
9
0.162393 0 0.0177891 0.358272 0.424524 0 0.437247 0 0.0202634 
0 0.153437 0 0.194313 0.241772 0 0.348697 0 0 
0 0 0 0 0 0.0492308 0.0442308 0 0.0556117 
0 0.159699 0 0 0 0.14527 0.463035 0.123913 0.29003 
0.159445 0 0.0559896 0.154774 0.181031 0 0.246063 0 0.0572557 

Sample_0 Sample_1 Sample_2 Sample_3 Sample_4 
2;3;4;5;6;7 10;11;12;13;14;15;16;17;18;19;20;21;22;23;24;25;26;27;28;29;30;31 88;89;90;91;92;93;94;95 32;33;34;37;38;39;41;42;44;47;49;53;56;57;61;62;68;70;72 35;36;40;43;45;46;48;50;51;52;54;55;58;59;60;63;64;65;66;67;69;71;73 1;8;9 83;84;85;86;87 96;97;98;99 0;74;75;76;77;78;79;80;81;82 

5
6
0 0 0.660769 0.0175754 0 0.252933 
0.00189558 0 0.388626 0 0.306874 0 
0.0884615 0 0 0 0 0 
0.358845 0.247826 0 0 0.319399 0 
0 0 0.268964 0.0755861 0 0.247221 
6
6
1 0 0 0 0 0 
1 1 0 0 0 0 
1 0 1 0 0 0 
1 0 0 1 0 0 
1 0 0 0 1 0 
1 0 0 0 0 1 

1 0.999999 0.999347 1 1 0.99981 
5
6
0.465638 0 0.330384 0.00878768 0 0.126466 
0.348697 0 0.194313 0 0.153437 0 
0.0442308 0 0 0 0 0 
0.463035 0.123913 0 0 0.159699 0 
0.295886 0 0.134482 0.037793 0 0.123611 

Sample_0 Sample_1 Sample_2 Sample_3 Sample_4 
6 7 3 2 1 0 

