gene_id	Sample_0	Sample_0	Sample_1	Sample_1	Sample_2	Sample_2	Sample_3	Sample_3
61;75;76	67	83	77	59	87	53	128	37
49;50;51;52;53	237	12	218	38	252	4	242	0
88;89;90	102	45	143	0	119	52	170	0
91;92;93;94;95;96;97;98;99	433	4	439	6	436	43	441	0
11;12;13;14;15;16;17;18;19;20;21	425	84	429	129	466	88	539	0
58;60;63;64;65;66;67;69;70;72;73;74;78;79;80;81;82;85;86;87	503	462	660	327	543	462	780	178
22;23;24;25;26;27;28;29;30;31;32;33;34;35;36;37;38;39;40;41;42;43;44;45;46;47;48	1138	179	1104	246	1451	0	1344	0
55;56	68	38	93	0	83	25	92	20
57;59;62;68;71;77;83	213	164	158	170	199	143	269	61
84	35	16	35	15	32	16	46	8
0;1;2;3;4;5;6;7;8;9;10;54	579	0	475	88	580	2	595	0
