1 #sols

5
9
0.336705 0 0.0177891 0.0213723 0.162393 0 0.437247 0.406329 0.00266667 
0.171512 0 0 0 0 0.153437 0.348697 0.230103 0 
0 0 0 0.0574324 0 0 0.0442308 0 0.0469484 
0 0.123913 0 0.295838 0 0.159699 0.463035 0 0.17 
0.125 0 0.0559896 0.062635 0.159445 0 0.246063 0.177652 0 

Sample_0 Sample_1 Sample_2 Sample_3 Sample_4 
38;39;41;49;62;68;70 96;97;98;99 88;89;90;91;92;93;94;95 74;75;76;77;78;79;80;81;82 2;3;4;5;6;7 10;11;12;13;14;15;16;17;18;19;20;21;22;23;24;25;26;27;28;29;30;31 83;84;85;86;87 32;33;34;35;36;37;40;42;43;44;45;46;47;48;50;51;52;53;54;55;56;57;58;59;60;61;63;64;65;66;67;69;71;72;73 0;1;8;9 

5
6
0 0 0.299385 0.0175754 0 0.67341 
0.0474979 0.306874 0 0 0 0.343023 
0.0884615 0 0 0 0 0 
0.358845 0.319399 0 0 0.247826 0 
0 0 0.247221 0.0755861 0 0.190964 
6
6
1 0 0 0 0 0 
1 1 0 0 0 0 
1 0 1 0 0 0 
1 0 0 1 0 0 
1 0 0 0 1 0 
1 0 0 0 0 1 

1 1 0.99981 1 0.999999 0.999778 
5
6
0.495185 0 0.149692 0.00878768 0 0.336705 
0.348697 0.153437 0 0 0 0.171512 
0.0442308 0 0 0 0 0 
0.463035 0.159699 0 0 0.123913 0 
0.256886 0 0.123611 0.037793 0 0.0954821 

Sample_0 Sample_1 Sample_2 Sample_3 Sample_4 
6 5 4 2 1 0 

