gene_id	Sample_0	Sample_0	Sample_1	Sample_1	Sample_2	Sample_2	Sample_3	Sample_3	Sample_4	Sample_4
38;39;41;49;62;68;70	459	233	570	118	688	0	734	0	595	85
96;97;98;99	431	0	382	0	411	0	403	57	415	0
88;89;90;91;92;93;94;95	773	14	830	0	813	0	771	0	725	43
74;75;76;77;78;79;80;81;82	870	19	856	0	837	51	626	263	868	58
2;3;4;5;6;7	490	95	591	0	602	0	605	0	485	92
10;11;12;13;14;15;16;17;18;19;20;21;22;23;24;25;26;27;28;29;30;31	2138	0	1909	346	2215	0	1789	340	2130	0
83;84;85;86;87	278	216	325	174	497	23	276	238	383	125
32;33;34;35;36;37;40;42;43;44;45;46;47;48;50;51;52;53;54;55;56;57;58;59;60;61;63;64;65;66;67;69;71;72;73	2120	1451	2757	824	3573	0	3552	0	2907	628
0;1;8;9	374	1	378	0	406	20	332	68	387	0
