gene_id	Sample_0	Sample_0	Sample_1	Sample_1	Sample_2	Sample_2	Sample_3	Sample_3	Sample_4	Sample_4
0;1;2;3;4;5;6;7;8;9;10	10925	0	10978	0	10482	365	10917	0	9249	1733
22;23;24;25;26;27;28;29;30;31;32;33;34;35;36;37;38;39;40;41;42;43;44;45;46;47;48	24930	2104	23835	2838	26984	0	27029	0	26863	0
91;92;93;94;95	4857	0	4994	0	4369	727	4632	424	5146	0
96;97;98;99	4010	0	3615	199	3983	0	3980	0	3057	940
49;50;51;52;53;54	5970	0	6094	0	5712	181	5487	639	5036	935
88;89;90	3005	0	2880	98	3030	0	2851	170	3049	0
57;58;59;60;61;62;63;64;65;66;67;68;69;70;71;72;73;74;75;76;77;78;79;80;81;82;83;84;85;86;87	25614	5200	24192	6697	21075	10016	20225	10998	15828	14930
55;56	1783	198	2037	59	1928	0	1893	105	2022	0
11;12;13;14;15;16;17;18;19;20;21	10210	826	9289	1719	8494	2563	10185	893	8377	2436
