1 #sols

6
8
0.292587 0.168057 0.130081 0.204082 0 0.00900901 0.0184332 0 
0.352941 0.0876289 0 0 0.283451 0.0706861 0 0.0689338 
0.477399 0.205257 0.066778 0 0 0.174569 0 0 
0.236227 0 0 0 0.211368 0 0 0 
0.48629 0.11772 0.385027 0.294118 0 0.134615 0.124378 0 
0.420695 0.339793 0.0853859 0 0 0.0449438 0 0.00361664 

Sample_0 Sample_1 Sample_2 Sample_3 Sample_4 Sample_5 
32;33;34;35;36;37;38;39;40;41;42;43;44;45;46;47;48;49;50;51;52;53;54;55;56 9;10;11;12;13;14;15;16;17;18;19;20;21;22;23;77 24;25;26;27;28;29;30;61;62;63;64;65 31 66;67;68;69;70;71;72;73;74;75;76 0;1;2;3;4;5;6;7;8 57;58;59;60 78;79;80;81;82;83;84;85;86;87;88;89;90;91;92;93;94;95;96;97;98;99 

6
6
0.122126 0 0.0368664 0.018018 0 0.408163 
0 0.137868 0 0.0938371 0.474178 0 
0.60566 0 0 0.349138 0 0 
0.0497187 0 0 0 0.422735 0 
0 0 0.248756 0.193069 0 0.530755 
0.744269 0.00723327 0 0.0898876 0 0 
6
6
1 0 0 0 0 0 
1 1 0 0 0 0 
1 0 1 0 0 0 
1 0 0 1 0 0 
1 0 0 0 1 0 
1 0 0 0 0 1 

1 1 1 1 0.874341 0.899865 
6
6
0.292587 0 0.0184332 0.00900901 0 0.204082 
0.352941 0.0689338 0 0.0469185 0.237089 0 
0.477399 0 0 0.174569 0 0 
0.236227 0 0 0 0.211368 0 
0.48629 0 0.124378 0.0965346 0 0.265378 
0.420695 0.00361664 0 0.0449438 0 0 

Sample_0 Sample_1 Sample_2 Sample_3 Sample_4 Sample_5 
0 7 6 5 4 3 

