1 #sols

6
5
0.465963 0 0.0620985 0.189162 0 
0.446774 0 0.125576 0 0.116056 
0.428609 0.156049 0.268868 0.0921187 0.0234043 
0.184843 0 0.026287 0.0600394 0.0267615 
0.282045 0 0.171625 0.0494949 0.0111953 
0.462123 0.0645864 0.0665138 0.170293 0.0605236 

Sample_0 Sample_1 Sample_2 Sample_3 Sample_4 Sample_5 
1;2;3;4;5;6;7;8;9;10;11;12;13;14;15;16;17;18;19;20;21;22;23;24;25;26;27;28;29;91;92;93;94;95;96;97;98;99 77;78;79;80;81;82;83;84;85;86;87;88;89;90 59;60;61;62;63;64;65;66;67 0;68;69;70;71;72;73;74;75;76 30;31;32;33;34;35;36;37;38;39;40;41;42;43;44;45;46;47;48;49;50;51;52;53;54;55;56;57;58 

6
4
0.553603 0 0.378323 0 
0.661437 0.232111 0 0 
0.314076 0.0468085 0.184237 0.312097 
0.196084 0.053523 0.120079 0 
0.442709 0.0223905 0.0989899 0 
0.33344 0.121047 0.340587 0.129173 
4
4
1 0 0 0 
1 1 0 0 
1 0 1 0 
1 0 0 1 

1 1 1 1 
6
4
0.465963 0 0.189162 0 
0.446774 0.116056 0 0 
0.428609 0.0234043 0.0921187 0.156049 
0.184843 0.0267615 0.0600394 0 
0.282045 0.0111953 0.0494949 0 
0.462123 0.0605236 0.170293 0.0645864 

Sample_0 Sample_1 Sample_2 Sample_3 Sample_4 Sample_5 
0 4 3 1 

