1 #sols

4
7
0.437838 0.202247 0.14426 0.214286 0.015528 0 0.0407213 
0.452218 0.128713 0.285827 0 0 0 0.0235156 
0.264435 0.0721649 0.1544 0.113208 0.133234 0 0 
0.404803 0.292135 0.0501157 0 0.0484581 0 0.00417163 

Sample_0 Sample_1 Sample_2 Sample_3 
1;39;40;41;42;43;44;45;46;47;48;49;50;51;52;53;54;55;56;57;58;59;60 0;2 8;9;10;11;12;13;14;15;16;17;18;19;20;21;22;23;24;25;26;27;28;29;30;31;32 76 77;78;79;80;81;82;83;84;85;86;87;88;89;90 71 3;4;5;6;7;33;34;35;36;37;38;61;62;63;64;65;66;67;68;69;70;72;73;74;75;91;92;93;94;95;96;97;98;99 

4
7
0 0.187521 0.0814427 0 0.013459 0.428571 0.241874 
0.0753563 0.210395 0.0470312 0 0 0 0.571655 
0 0.0537013 0 0 0.205027 0.0786793 0.259349 
0.0281882 0.575926 0.00834327 0 0.0969163 0 0.100231 
7
7
1 0 0 0 0 0 0 
1 1 0 0 0 0 0 
1 1 1 0 0 0 0 
1 1 0 1 0 0 0 
1 0 0 0 1 0 0 
1 0 0 0 0 1 0 
1 0 0 0 0 0 1 

1 0.98177 0.999999 0.953085 1 0.994202 1 
4
7
0.476434 0.134482 0.0407213 0 0.00672949 0.214286 0.120937 
0.452218 0.128713 0.0235156 0 0 0 0.285827 
0.298378 0.0268507 0 0 0.102513 0.0393397 0.129674 
0.404803 0.292135 0.00417163 0 0.0484581 0 0.0501157 

Sample_0 Sample_1 Sample_2 Sample_3 
0 1 6 5 4 3 2 

