2 #sols

6
11
0 0.146515 0 0.0732496 0.134816 0.120582 0.262626 0.148398 0.133468 0.151351 0.384115 
0.0798387 0.423288 0.294393 0 0 0.245596 0.486111 0.407813 0.325325 0 0.489362 
0 0 0 0.0756484 0 0 0.0729167 0 0 0 0.0582902 
0 0.189706 0 0.236204 0 0 0.522222 0.126456 0 0 0.465608 
0 0.400612 0.0315789 0 0.107467 0.142421 0.414141 0.477977 0.177062 0.0884956 0.461995 
0.192371 0.233286 0 0.00509461 0.224138 0.280547 0.449275 0.279935 0.243577 0.31694 0.438994 

Sample_0 Sample_1 Sample_2 Sample_3 Sample_4 Sample_5 
45;46;47;48;49;50;51;52;53;54;55;56 2;3;4;5;8;9;11 43;44 29;30;31;32;33;34;35;36;37;38;39;40;41;42;57;58;59;60;61;62;63;64;65;66;67;68;69;70 13;14;15;16;18;19;20;21;22;23;24;25;26;27 71;72;76;77;79;81;83;85;87;89 98 0;1;6;7;10;12 73;74;75;78;80;82;84;86;88;90 17;28 91;92;93;94;95;96;97;99 

6
4
0.255621 0.269632 0 0 
0.22376 0 0.588785 0.159677 
0.145833 0 0 0 
1 0 0 0 
0.550191 0.214934 0.0631579 0 
0.0655319 0.448276 0 0.384743 
4
4
1 0 0 0 
1 1 0 0 
1 0 1 0 
1 0 0 1 

1 0.999553 0.998302 0.999999 
6
4
0.262626 0.134816 0 0 
0.486111 0 0.294393 0.0798387 
0.0729167 0 0 0 
0.5 0 0 0 
0.414141 0.107467 0.0315789 0 
0.449275 0.224138 0 0.192371 

Sample_0 Sample_1 Sample_2 Sample_3 Sample_4 Sample_5 
6 4 2 0 

6
4
0.498597 0.269632 0 0 
0.230261 0 0.588785 0.159677 
0.11658 0 0 0 
0.931217 0 0 0 
0.645899 0.214934 0.0631579 0 
0.0449686 0.448276 0 0.384743 
4
4
1 0 0 0 
1 1 0 0 
1 0 1 0 
1 0 0 1 

1 1 0.999995 1 
6
4
0.384115 0.134816 0 0 
0.489362 0 0.294393 0.0798387 
0.0582902 0 0 0 
0.465608 0 0 0 
0.461995 0.107467 0.0315789 0 
0.438994 0.224138 0 0.192371 

Sample_0 Sample_1 Sample_2 Sample_3 Sample_4 Sample_5 
10 4 2 0 

