gene_id	Sample_0	Sample_0	Sample_1	Sample_1	Sample_2	Sample_2	Sample_3	Sample_3	Sample_4	Sample_4	Sample_5	Sample_5
45;46;47;48;49;50;51;52;53;54;55;56	1151	0	1141	99	1168	0	1268	0	1254	0	974	232
2;3;4;5;8;9;11	600	103	421	309	723	0	551	129	392	262	539	164
43;44	193	0	151	63	225	0	183	0	184	6	204	0
29;30;31;32;33;34;35;36;37;38;39;40;41;42;57;58;59;60;61;62;63;64;65;66;67;68;69;70	2581	204	2770	0	2566	210	2173	672	2810	0	2734	14
13;14;15;16;18;19;20;21;22;23;24;25;26;27	1245	194	1451	0	1417	0	1417	0	1279	154	1035	299
71;72;76;77;79;81;83;85;87;89	846	116	728	237	966	0	1008	0	843	140	736	287
98	73	26	37	35	89	7	43	47	58	41	38	31
0;1;6;7;10;12	505	88	379	261	666	0	525	76	320	293	445	173
73;74;75;78;80;82;84;86;88;90	857	132	674	325	975	0	1055	0	818	176	736	237
17;28	157	28	211	0	181	0	204	0	206	20	125	58
91;92;93;94;95;96;97;99	473	295	408	391	727	45	404	352	453	389	446	349
