1 #sols

6
7
0.0583265 0 0 0.253231 0.00877397 0 0.3492 
0 0.22524 0.329106 0 0 0.0986028 0.436547 
0 0 0 0 0 0 0.264628 
0.0529892 0 0.247896 0 0 0 0.350137 
0 0.1472 0.249623 0 0 0.144089 0.394242 
0 0 0.0168135 0.0149636 0.0445491 0 0.0465404 

Sample_0 Sample_1 Sample_2 Sample_3 Sample_4 Sample_5 
54;55;56;57;58;59;60;61;62;63;64;65;66;67;68;69;70;71;72;73;74;75;76;77;78;79;80;81 87;88;89;90;91;92;93 11;12;33;34;35;36;37;38;39;40 82;83;84;85;86 41;42;43;44;45;46;47;48;49;50;51;52;53 13;14;15;16;17;18;19;20;21;22;23;24;25;26;27;28;29;30;31;32 0;1;2;3;4;5;6;7;8;9;10;94;95;96;97;98;99 

6
5
0.0752836 0 0.506463 0 0.116653 
0.225409 0.197206 0 0.450479 0 
0.529256 0 0 0 0 
0.594295 0 0 0 0.105978 
0.205905 0.288179 0 0.2944 0 
0.0631537 0 0.0299272 0 0 
5
5
1 0 0 0 0 
1 1 0 0 0 
1 0 1 0 0 
1 0 0 1 0 
1 0 0 0 1 

1 1 1 1 1 
6
5
0.3492 0 0.253231 0 0.0583265 
0.436547 0.0986028 0 0.22524 0 
0.264628 0 0 0 0 
0.350137 0 0 0 0.0529892 
0.394242 0.144089 0 0.1472 0 
0.0465404 0 0.0149636 0 0 

Sample_0 Sample_1 Sample_2 Sample_3 Sample_4 Sample_5 
6 5 3 1 0 

