1 #sols

6
8
0 0 0.329238 0.27957 0.316667 0.347855 0.311828 0 
0 0.338606 0 0.379182 0 0.392487 0 0.0599002 
0 0.0708837 0 0.486146 0.44086 0.437137 0.185819 0 
0 0 0 0.337756 0 0.296026 0 0.31405 
0 0 0.485 0.501269 0.555556 0.477621 0.460759 0 
0.015873 0 0 0.497468 0.264151 0.473477 0.0580046 0.216981 

Sample_0 Sample_1 Sample_2 Sample_3 Sample_4 Sample_5 
16;17;18;19;20;21;22;23;24;25;26;27;28;29;30;31;32;33;34 12;55;56;57;58;59;60;61;62;63;64;65;66;67;68;69;70;71;72;73;74;75;76;77;78;79;80;81;82;83;84 8;9;10;11 85;86;90;91;92;94;97;98 54 0;1;2;3;4;5;6;7;87;88;89;93;95;96;99 50;51;52;53 13;14;15;35;36;37;38;39;40;41;42;43;44;45;46;47;48;49 

6
4
0.55914 0 0 0 
0 0.1198 0.638564 0 
0.830525 0 0.141767 0 
0.0474135 0.628099 0 0 
1 0 0 0 
0.529228 0.433962 0 0.031746 
4
4
1 0 0 0 
1 1 0 0 
1 0 1 0 
1 0 0 1 

1 0.887855 0.984406 1 
6
4
0.27957 0 0 0 
0.379182 0.0599002 0.319282 0 
0.486146 0 0.0708837 0 
0.337756 0.31405 0 0 
0.5 0 0 0 
0.497468 0.216981 0 0.015873 

Sample_0 Sample_1 Sample_2 Sample_3 Sample_4 Sample_5 
3 7 1 0 

