1 #sols

6
7
0 0 0.134055 0.211724 0.467514 0.0642697 0.468719 
0.115586 0 0 0 0.448718 0.115527 0.355058 
0.0291044 0.155378 0 0.155655 0.422442 0.270751 0.426496 
0.0323877 0 0.130424 0 0.181717 0.0369331 0.168008 
0.00930474 0 0.0479574 0.0533854 0.281117 0.178136 0.287617 
0.0560718 0.0591631 0.321311 0.0677457 0.461207 0.0594935 0.466307 

Sample_0 Sample_1 Sample_2 Sample_3 Sample_4 Sample_5 
30;31;32;33;34;35;36;37;38;39;40;41;42;43;44;45;46;47;48;49;50;51;52;53;54;55;56;57;58 77;78;79;80;81;82;83;84;85;86;87;88;89;90 0;74;75;76 68;69;70;71;72;73 1;2;3;4;5;6;7;8;9;10;11;12;13;14;15;16;17;18;19;20;21;22;23;24;25;26;27;28;29;95;96;97;98;99 59;60;61;62;63;64;65;66;67 91;92;93;94 

6
5
0.245879 0.423447 0.268111 0 0 
0.478944 0 0 0 0.231172 
0.172718 0.31131 0 0.310755 0.0582087 
0.0103924 0 0.260848 0 0.0647754 
0.353939 0.106771 0.0959147 0 0.0186095 
0 0.119588 0.604823 0.108365 0.105341 
5
5
1 0 0 0 0 
1 1 0 0 0 
1 0 1 0 0 
1 0 0 1 0 
1 0 0 0 1 

1 1 0.999999 1 1 
6
5
0.468719 0.211724 0.134055 0 0 
0.355058 0 0 0 0.115586 
0.426496 0.155655 0 0.155378 0.0291044 
0.168008 0 0.130424 0 0.0323877 
0.287617 0.0533854 0.0479574 0 0.00930474 
0.469058 0.059794 0.302412 0.0541824 0.0526703 

Sample_0 Sample_1 Sample_2 Sample_3 Sample_4 Sample_5 
6 3 2 1 0 

