1 #sols

4
7
0.153476 0.0129496 0.271478 0.298077 0.032303 0.0973451 0.435897 
0.295474 0 0.170648 0 0.0245485 0.238636 0.475737 
0.153043 0.144359 0.0918367 0.0873786 0 0.156098 0.275847 
0.0545691 0.0583739 0.375 0 0.0020438 0.0263158 0.419104 

Sample_0 Sample_1 Sample_2 Sample_3 
8;9;10;11;12;13;14;15;16;17;18;19;20;21;22;23;24;25;26;27;28;29;32 77;78;79;80;81;82;83;84;85;86;87;88;89;90 0;1;2 76 3;4;5;6;7;33;34;35;36;37;38;61;62;63;64;65;66;67;68;69;70;71;72;73;74;75;91;92;93;94;95;96;97;98;99 30;31 39;40;41;42;43;44;45;46;47;48;49;50;51;52;53;54;55;56;57;58;59;60 

4
5
0.0550515 0.130084 0.596154 0.0258993 0.064606 
0.474202 0.428176 0 0 0.0490971 
0 0.200955 0.157118 0.243663 0 
0.668829 0.048544 0 0.116748 0.00408759 
5
5
1 0 0 0 0 
1 1 0 0 0 
1 0 1 0 0 
1 0 0 1 0 
1 1 0 0 1 

1 0.99994 0.997398 1 0.999975 
4
5
0.435897 0.0973451 0.298077 0.0129496 0.032303 
0.475737 0.238636 0 0 0.0245485 
0.300868 0.100478 0.0785591 0.121831 0 
0.419104 0.0263158 0 0.0583739 0.0020438 

Sample_0 Sample_1 Sample_2 Sample_3 
6 5 3 1 4 

