1 #sols

5
10
0 0.227518 0.140473 0 0.459627 0.0025974 0.436187 0.107246 0.0978261 0.515487 
0.222222 0 0.0567742 0.0508475 0.383234 0.217262 0.338684 0.304545 0.102273 0.370536 
0.0508475 0 0 0 0.413208 0.0818182 0.47377 0.318489 0.230769 0.530474 
0 0 0.0349462 0.105263 0.152542 0.0901639 0.0876289 0.0814607 0 0.186837 
0 0.221689 0 0 0.498077 0.13881 0.357616 0.154062 0 0.361607 

Sample_0 Sample_1 Sample_2 Sample_3 Sample_4 
99 75;76;77;78;79;80;81;82;83;84;85;86;87;88;89;90;91;92;93;96;97;98 0;1;2;3;4;5;6;7;8;9;10;11;12;13;14 15;16;17;18;19;20;21;22 39;43;45;46;48;50;54;59;60;62 23;24;70;71;72;73;74 42;47;51;52;53;55;56;57;64;65;66;69 25;26;27;28;29;30;31;32;33;34;35;36;37;38 94;95 40;41;44;49;58;61;63;67;68 

5
7
0 0.214493 0 0.110531 0 0.21994 0.455036 
0 0.0760362 0.444444 0.0861328 0.0576127 0.113548 0 
0 0.535282 0.101695 0.363023 0 0 0 
0 0.162921 0 0 0.141075 0.0698925 0 
0 0.308123 0 0 0 0 0.415091 
7
7
1 0 0 0 0 0 0 
1 1 0 0 0 0 0 
1 1 1 0 0 0 0 
1 0 0 1 0 0 0 
1 0 0 0 1 0 0 
1 0 0 0 0 1 0 
1 0 0 0 0 0 1 

1 0.988907 0.86456 1 0.999568 1 1 
5
7
0.5 0.107246 0 0.0552656 0 0.10997 0.227518 
0.388887 0.26024 0.222222 0.0430664 0.0288063 0.0567742 0 
0.5 0.318489 0.0508475 0.181511 0 0 0 
0.186945 0.0814607 0 0 0.0705377 0.0349462 0 
0.361607 0.154062 0 0 0 0 0.207546 

Sample_0 Sample_1 Sample_2 Sample_3 Sample_4 
9 7 0 8 3 2 1 

