gene_id	Sample_0	Sample_0	Sample_1	Sample_1	Sample_2	Sample_2	Sample_3	Sample_3	Sample_4	Sample_4
99	60	0	35	10	56	3	68	0	41	0
75;76;77;78;79;80;81;82;83;84;85;86;87;88;89;90;91;92;93;96;97;98	859	253	1108	0	994	0	1087	0	811	231
0;1;2;3;4;5;6;7;8;9;10;11;12;13;14	618	101	731	44	782	0	718	26	770	0
15;16;17;18;19;20;21;22	404	0	392	21	450	0	340	40	404	0
39;43;45;46;48;50;54;59;60;62	261	222	309	192	311	219	400	72	261	259
23;24;70;71;72;73;74	384	1	263	73	303	27	333	33	304	49
42;47;51;52;53;55;56;57;64;65;66;69	349	270	412	211	321	289	531	51	388	216
25;26;27;28;29;30;31;32;33;34;35;36;37;38	616	74	459	201	505	236	654	58	604	110
94;95	83	9	79	9	80	24	90	0	93	0
40;41;44;49;58;61;63;67;68	219	233	282	166	208	235	383	88	286	162
