1 #sols

5
9
0.264151 0.250185 0 0 0 0 0 0.0149701 0 
0.494888 0.214622 0.163588 0.0964467 0.176871 0.13871 0.00242718 0.0513857 0 
0.253219 0.2748 0.174603 0.118919 0.0344828 0.0164474 0.148718 0 0 
0.4371 0.352735 0.320482 0.273743 0.367089 0.277592 0 0 0 
0.263473 0.132865 0 0 0 0 0 0.0301597 0.141156 

Sample_0 Sample_1 Sample_2 Sample_3 Sample_4 
95;96;97;98;99 4;5;6;7;8;9;10;11;12;13;14;15;16;17;18;35;36;37;38;39;40;41;42;43;44;45;46;47;48;49;50;51;52;53;54;55;56;57;58;94 24;25;28;29;30;31;32;34 27;33 19;22;26 20;21;23 0;1;2;3 65;68;74;79;81;82;83;84;85;86;87;88;89;90;91;92;93 59;60;61;62;63;64;66;67;69;70;71;72;73;75;76;77;78;80 

5
6
0.498362 0 0.0299401 0 0 0 
0.411837 0 0.102771 0.00485437 0.277419 0.192893 
0 0 0 0.297436 0.0328947 0.237838 
0 0 0 0 0.431073 0.443127 
0.184314 0.282313 0.0603193 0 0 0 
6
6
1 0 0 0 0 0 
1 1 0 0 0 0 
1 0 1 0 0 0 
1 0 0 1 0 0 
1 0 0 0 1 0 
1 0 0 0 0 1 

1 1 1 0.999925 0.999996 0.99994 
5
6
0.264151 0 0.0149701 0 0 0 
0.494888 0 0.0513857 0.00242718 0.13871 0.0964467 
0.284084 0 0 0.148718 0.0164474 0.118919 
0.4371 0 0 0 0.215536 0.221564 
0.263473 0.141156 0.0301597 0 0 0 

Sample_0 Sample_1 Sample_2 Sample_3 Sample_4 
0 8 7 6 5 3 

