gene_id	Sample_0	Sample_0	Sample_1	Sample_1	Sample_2	Sample_2	Sample_3	Sample_3	Sample_4	Sample_4
95;96;97;98;99	351	126	247	242	348	118	264	205	369	132
4;5;6;7;8;9;10;11;12;13;14;15;16;17;18;35;36;37;38;39;40;41;42;43;44;45;46;47;48;49;50;51;52;53;54;55;56;57;58;94	3045	1016	3169	866	2895	1097	2591	1412	3459	530
24;25;28;29;30;31;32;34	823	0	634	124	676	143	564	266	786	0
27;33	219	0	178	19	163	22	130	49	215	0
19;22;26	330	0	242	52	280	10	200	116	270	0
20;21;23	281	0	267	43	299	5	216	83	297	0
0;1;2;3	405	0	411	1	332	58	394	0	404	0
65;68;74;79;81;82;83;84;85;86;87;88;89;90;91;92;93	1645	25	1643	89	1737	0	1686	0	1640	51
59;60;61;62;63;64;66;67;69;70;71;72;73;75;76;77;78;80	1823	0	1764	0	1711	0	1788	0	1515	249
