1 #sols

6
10
0 0.00711462 0.236473 0 0.282649 0 0 0.0578662 0.426598 0 
0.26 0 0 0.228758 0.435498 0.343891 0.111062 0 0.394693 0.356631 
0 0 0 0 0.251518 0 0 0 0.254448 0 
0.191011 0 0 0 0.290826 0.269022 0 0.0500184 0.461049 0.230469 
0.170455 0 0 0.154982 0.389046 0.307125 0.130395 0 0.373913 0.207317 
0 0.0402526 0.00957854 0 0.033275 0.00757576 0 0 0.0876289 0.022541 

Sample_0 Sample_1 Sample_2 Sample_3 Sample_4 Sample_5 
36 41;42;43;44;45;46;47;48;49;50;51;52;53 82;83;84;85;86 89;90;91;92;93 0;1;2;3;4;5;6;7;8;9;10 11;12;39;40 13;14;15;16;17;18;19;20;21;22;23;24;25;26;27;28;29;30;31;32;87;88 54;55;56;57;58;59;60;61;62;63;64;65;66;67;68;69;70;71;72;73;74;75;76;77;78;79;80;81 94;95;96;97;98;99 33;34;35;37;38 

6
7
0.250288 0.115732 0 0.472946 0.0142292 0 0 
0 0 0.457516 0 0 0.109747 0.222124 
0.508897 0 0 0 0 0 0 
0.440039 0.100037 0 0 0 0.382022 0 
0.0969539 0 0.309963 0 0 0.0801194 0.26079 
0.0755955 0 0 0.0191571 0.0805051 0 0 
7
7
1 0 0 0 0 0 0 
1 1 0 0 0 0 0 
1 0 1 0 0 0 0 
1 0 0 1 0 0 0 
1 0 0 0 1 0 0 
1 0 0 0 0 1 0 
1 0 0 0 0 1 1 

1 1 1 1 0.999972 0.995237 0.880764 
6
7
0.426598 0.0578662 0 0.236473 0.00711462 0 0 
0.394693 0 0.228758 0 0 0.165935 0.111062 
0.254448 0 0 0 0 0 0 
0.461049 0.0500184 0 0 0 0.191011 0 
0.373913 0 0.154982 0 0 0.170455 0.130395 
0.0876289 0 0 0.00957854 0.0402526 0 0 

Sample_0 Sample_1 Sample_2 Sample_3 Sample_4 Sample_5 
8 7 3 2 1 0 6 

