MultiBinom clustering
Convergence threshold: 1.000000
Initial num clusters: 30
kmeans: True

Time taken: 1.380535
Num active clusters: 7
Cluster assignments
0
1
1
5
3
1
5
0
5
1
6
0
1
0
5
1
0
5
5
5
1
0
2
0
0
0
4
1
0
2
Alpha posterior values
206.4586 139.0000 8.2910 31.0000 0.0000 2.7090 0.0000 0.0000 0.0000 12.5414 0.0000 0.0000 0.0000 0.0000 0.0000 0.0000 0.0000 0.0000 0.0000 0.0000 0.0000 0.0000 0.0000 0.0000 0.0000 0.0000 0.0000 0.0000 0.0000 0.0000
171.8105 141.0000 5.0014 16.0000 0.0000 1.9986 0.0000 0.0000 0.0000 10.1895 0.0000 0.0000 0.0000 0.0000 0.0000 0.0000 0.0000 0.0000 0.0000 0.0000 0.0000 0.0000 0.0000 0.0000 0.0000 0.0000 0.0000 0.0000 0.0000 0.0000
119.6816 21.0000 10.9672 1.0000 8.0000 60.0328 0.0000 0.0000 0.0000 13.3184 0.0000 0.0000 0.0000 0.0000 0.0000 0.0000 0.0000 0.0000 0.0000 0.0000 0.0000 0.0000 0.0000 0.0000 0.0000 0.0000 0.0000 0.0000 0.0000 0.0000
219.3608 1.0000 44.0885 0.0000 18.0000 132.9115 0.0000 0.0000 0.0000 26.6392 0.0000 0.0000 0.0000 0.0000 0.0000 0.0000 0.0000 0.0000 0.0000 0.0000 0.0000 0.0000 0.0000 0.0000 0.0000 0.0000 0.0000 0.0000 0.0000 0.0000
175.2417 0.0000 49.1156 0.0000 16.0000 100.8844 0.0000 0.0000 0.0000 11.7583 0.0000 0.0000 0.0000 0.0000 0.0000 0.0000 0.0000 0.0000 0.0000 0.0000 0.0000 0.0000 0.0000 0.0000 0.0000 0.0000 0.0000 0.0000 0.0000 0.0000
Beta posterior values
180.4873 215.0000 102.9147 6.0000 27.0000 264.0853 0.0000 0.0000 0.0000 23.5127 0.0000 0.0000 0.0000 0.0000 0.0000 0.0000 0.0000 0.0000 0.0000 0.0000 0.0000 0.0000 0.0000 0.0000 0.0000 0.0000 0.0000 0.0000 0.0000 0.0000
176.3199 163.0000 98.8156 3.0000 20.0000 227.1844 0.0000 0.0000 0.0000 15.6801 0.0000 0.0000 0.0000 0.0000 0.0000 0.0000 0.0000 0.0000 0.0000 0.0000 0.0000 0.0000 0.0000 0.0000 0.0000 0.0000 0.0000 0.0000 0.0000 0.0000
222.8319 303.0000 80.5681 24.0000 9.0000 194.4319 0.0000 0.0000 0.0000 21.1681 0.0000 0.0000 0.0000 0.0000 0.0000 0.0000 0.0000 0.0000 0.0000 0.0000 0.0000 0.0000 0.0000 0.0000 0.0000 0.0000 0.0000 0.0000 0.0000 0.0000
224.2369 341.0000 54.6699 26.0000 2.0000 161.3301 0.0000 0.0000 0.0000 11.7631 0.0000 0.0000 0.0000 0.0000 0.0000 0.0000 0.0000 0.0000 0.0000 0.0000 0.0000 0.0000 0.0000 0.0000 0.0000 0.0000 0.0000 0.0000 0.0000 0.0000
157.6657 243.0000 42.3835 19.0000 0.0000 121.6165 0.0000 0.0000 0.0000 13.3343 0.0000 0.0000 0.0000 0.0000 0.0000 0.0000 0.0000 0.0000 0.0000 0.0000 0.0000 0.0000 0.0000 0.0000 0.0000 0.0000 0.0000 0.0000 0.0000 0.0000
Cluster phi posterior values
0.5337 0.3921 0.0693 0.8472 0.0000 0.0069 0.3440
0.4935 0.4636 0.0421 0.8611 0.0000 0.0050 0.3901
0.3486 0.0624 0.1141 0.0208 0.4687 0.2341 0.3832
0.4945 0.0003 0.4457 0.0000 0.9211 0.4514 0.6982
0.5265 0.0000 0.5373 0.0000 1.0333 0.4530 0.4675
