1 #sols

5
8
0 0.0506757 0 0.042623 0 0 0.0682731 0 
0 0.332521 0.334038 0.286667 0 0 0.394958 0 
0.068525 0.372038 0 0 0.2975 0.0111607 0.0210325 0.00992908 
0 0.233645 0.054429 0.267974 0 0.104046 0.210619 0 
0.109049 0.440797 0 0.341137 0.00950119 0.0211864 0.325956 0.111765 

Sample_0 Sample_1 Sample_2 Sample_3 Sample_4 
0;2;4;5;6;7;10;14;15;16;17;18;20;22;23;26;27 73;74;75;76;77;78;79;80;81;82;83;84;85;86;87;88;89 47;48;49;50;51;52;53;54;55;56;57;58;59;60;61;62;63;64 32;33;34;38;39;43 65;66;67;68;69;70;71;72 90;91;92;93;94;95;96;97;98;99 28;29;30;31;35;36;37;40;41;42 1;3;8;9;11;12;13;19;21;24;25;44;45;46 

5
5
0.101351 0 0 0 0 
0.665043 0 0 0 0 
0 0.0198582 0.0223214 0.595 0.106896 
0.259197 0 0.208092 0 0 
0.378592 0.223529 0.0423729 0.0190024 0.218097 
5
5
1 0 0 0 0 
1 1 0 0 0 
1 0 1 0 0 
1 0 0 1 0 
1 0 0 0 1 

1 1 1 0.9951 1 
5
5
0.0506757 0 0 0 0 
0.332521 0 0 0 0 
0.372038 0.00992908 0.0111607 0.2975 0.0534481 
0.233645 0 0.104046 0 0 
0.440797 0.111765 0.0211864 0.00950119 0.109049 

Sample_0 Sample_1 Sample_2 Sample_3 Sample_4 
1 7 5 4 0 

