1 #sols

5
9
0.119 0.202331 0.00571261 0 0.0860051 0.455751 0.110528 0.128702 0 
0.297726 0 0.213356 0.142857 0.0912659 0.370711 0.30368 0.0699607 0.0555485 
0.295005 0 0.0854164 0.0873786 0.210682 0.433461 0.294343 0 0 
0.109942 0 0.0969317 0 0 0.141992 0.0891071 0.0426075 0.105395 
0.14223 0.212737 0.110105 0 0 0.41073 0.153602 0 0 

Sample_0 Sample_1 Sample_2 Sample_3 Sample_4 
31;32;36 75;76;77;78;79;80;81;82;83;84;85;86;87;88;89;90;91;92;93;96;97;98 23;24;70;71;72;73;74 99 94;95 39;40;41;42;43;44;45;46;47;48;49;50;51;52;53;54;55;56;57;58;59;60;61;62;63;64;65;66;67;68;69 25;26;27;28;29;30;33;34;35;37;38 0;1;2;3;4;5;6;7;8;9;10;11;12;13;14 15;16;17;18;19;20;21;22 

5
6
0.0114364 0.257403 0.404663 0.0659898 0.17201 0 
0.00604998 0.139921 0 0.127205 0.182532 0.285714 
0.276912 0 0 0 0.421365 0.168645 
0 0.0852151 0 0.198768 0 0 
0.111527 0 0.425474 0.284459 0 0 
6
6
1 0 0 0 0 0 
1 1 0 0 0 0 
1 0 1 0 0 0 
1 0 0 1 0 0 
1 0 0 1 1 0 
1 0 0 1 0 1 

1 1 1 1 0.999902 1 
5
6
0.455751 0.128702 0.202331 0.119 0.0860051 0 
0.370711 0.0699607 0 0.297726 0.0912659 0.142857 
0.433461 0 0 0.295005 0.210682 0.0843225 
0.141992 0.0426075 0 0.0993842 0 0 
0.41073 0 0.212737 0.14223 0 0 

Sample_0 Sample_1 Sample_2 Sample_3 Sample_4 
5 7 1 0 4 3 

