gene_id	Sample_0	Sample_0	Sample_1	Sample_1	Sample_2	Sample_2	Sample_3	Sample_3	Sample_4	Sample_4
31;32;36	2643	357	2038	864	2103	880	2623	324	2539	421
75;76;77;78;79;80;81;82;83;84;85;86;87;88;89;90;91;92;93;96;97;98	17449	4426	21935	0	22130	0	22041	0	17393	4700
23;24;70;71;72;73;74	6788	39	5560	1508	6403	598	6475	695	6191	766
99	1032	0	822	137	940	90	978	0	1036	0
94;95	1796	169	1852	186	1596	426	1972	0	1907	0
39;40;41;42;43;44;45;46;47;48;49;50;51;52;53;54;55;56;57;58;59;60;61;62;63;64;65;66;67;68;69	16783	14054	19681	11594	17578	13449	26769	4430	18265	12731
25;26;27;28;29;30;33;34;35;37;38	9657	1200	7569	3301	7722	3221	10018	980	9318	1691
0;1;2;3;4;5;6;7;8;9;10;11;12;13;14	13005	1921	14211	1069	14915	0	14246	634	15178	0
15;16;17;18;19;20;21;22	7944	0	7430	437	7839	0	7130	840	7975	0
