gene_id	Sample_0	Sample_0	Sample_1	Sample_1	Sample_2	Sample_2	Sample_3	Sample_3
13;14;15;16;17;18;19;20;21;22;23;24;25;26;27;28;29;30;31;32;33;34	2130	72	1229	1002	2094	74	1969	210
12;93;94;95	408	0	404	0	387	27	311	84
72;78;80;85;88	269	223	261	233	347	123	308	187
96	94	0	101	2	68	21	116	0
35;36;37;38;39;40;41;42;43;44;45;46;47;48;49;50;51;52;53;54;55;56;57;58;59;60;61;62;63;64;65;66;67;68;69;70	3408	113	1944	1588	3559	103	3554	0
90;91;92	156	121	297	16	242	44	330	0
71;73;74;75;76;77;79;81;82;83;84;86;87;89	678	711	687	709	885	484	958	446
11	96	13	85	3	104	0	98	0
0;1;2;3;4;5;6;7;8;9;10;97;98;99	1048	405	1413	17	1203	260	1399	0
