1 #sols

4
9
0.0326975 0 0.453252 0 0.0320932 0.436823 0.511879 0.119266 0.278734 
0.449126 0 0.47166 0.0194175 0.449604 0.0511182 0.50788 0.0340909 0.0118881 
0.0341328 0.0652174 0.261702 0.235955 0.0281267 0.153846 0.353543 0 0.177717 
0.0963745 0.212658 0.377778 0 0 0 0.317664 0 0 

Sample_0 Sample_1 Sample_2 Sample_3 
13;14;15;16;17;18;19;20;21;22;23;24;25;26;27;28;29;30;31;32;33;34 12;93;94;95 72;78;80;85;88 96 35;36;37;38;39;40;41;42;43;44;45;46;47;48;49;50;51;52;53;54;55;56;57;58;59;60;61;62;63;64;65;66;67;68;69;70 90;91;92 71;73;74;75;76;77;79;81;82;83;84;86;87;89 11 0;1;2;3;4;5;6;7;8;9;10;97;98;99 

4
6
0.139814 0.557467 0.238532 0.0641863 0 0 
0 0.0125348 0.0681818 0.880448 0.038835 0 
0 0.306512 0 0.0436074 0.277634 0.079332 
0.210011 0 0 0 0 0.425316 
6
6
1 0 0 0 0 0 
1 1 0 0 0 0 
1 0 1 0 0 0 
1 0 0 1 0 0 
1 0 0 0 1 0 
1 0 0 0 0 1 

1 1 1 0.999889 0.988332 0.999981 
4
6
0.5 0.278734 0.119266 0.0320932 0 0 
0.5 0.00626741 0.0340909 0.440224 0.0194175 0 
0.353543 0.153256 0 0.0218037 0.138817 0.039666 
0.317664 0 0 0 0 0.212658 

Sample_0 Sample_1 Sample_2 Sample_3 
6 8 7 4 3 1 

