gene_id	Sample_0	Sample_0	Sample_1	Sample_1	Sample_2	Sample_2	Sample_3	Sample_3
63	969	0	908	81	857	103	972	4
5;21;23;24;35;44	4907	1099	5231	822	4892	1031	5560	438
93	886	86	864	180	1005	0	1011	0
68;69;70;71;72;73;74;76;79;80;81;82;83;84	8842	5191	8260	5799	8942	5202	7107	6847
97	732	291	806	141	818	176	914	66
86;87;88;89;90;91;92;94;95;96	8880	966	8166	1949	10137	0	10097	0
75;77;78;85;98;99	3782	2227	3618	2394	4098	1914	3288	2759
11;12;13;14;15;16;17;18;19;64;65;66;67	10318	2743	11156	1798	12835	0	12992	0
47;48;49;50;51;52;53;54;55;56;57;58;59;60;61;62	15850	0	16055	0	13206	2964	15104	1085
0;1;2;3;4;6;7;8;9;10;20;22;25;26;27;28;29;30;31;32;33;34;36;37;38;39;40;41;42;43;45;46	25327	6607	27358	4428	25968	5904	29765	2235
