2 #sols

4
10
0 0.182984 0.0884774 0.369914 0.284457 0.0981109 0.370611 0.210015 0 0.206895 
0.0819009 0.1358 0.172414 0.412476 0.148891 0.192684 0.398204 0.138799 0 0.139307 
0.107292 0.174067 0 0.367788 0.177062 0 0.318363 0 0.183302 0.185241 
0.00409836 0.0730243 0 0.490684 0.0673469 0 0.456259 0 0.0670208 0.0698437 

Sample_0 Sample_1 Sample_2 Sample_3 
63 5;21;23;24;35;44 93 68;69;70;71;72;73;74;76;79;80;81;82;83;84 97 86;87;88;89;90;91;92;94;95;96 75;77;78;85;98;99 11;12;13;14;15;16;17;18;19;64;65;66;67 47;48;49;50;51;52;53;54;55;56;57;58;59;60;61;62 0;1;2;3;4;6;7;8;9;10;20;22;25;26;27;28;29;30;31;32;33;34;36;37;38;39;40;41;42;43;45;46 

4
5
0.142844 0 0.420029 0.176955 0 
0.0387249 0 0.277598 0.344828 0.163802 
0.154389 0.366605 0 0 0.214583 
0.839129 0.134042 0 0 0.00819672 
5
5
1 0 0 0 0 
1 1 0 0 0 
1 0 1 0 0 
1 0 0 1 0 
1 0 0 0 1 

1 1 1 1 1 
4
5
0.369914 0 0.210015 0.0884774 0 
0.412476 0 0.138799 0.172414 0.0819009 
0.367788 0.183302 0 0 0.107292 
0.490684 0.0670208 0 0 0.00409836 

Sample_0 Sample_1 Sample_2 Sample_3 
3 8 7 2 0 

4
5
0.177638 0.365967 0 0 0.196222 
0.167983 0.107799 0.163802 0 0.385368 
0.0208377 0.133551 0.214583 0.366605 0 
0.701277 0.137852 0.00819672 0.134042 0 
5
5
1 0 0 0 0 
1 1 0 0 0 
1 1 1 0 0 
1 0 0 1 0 
1 0 0 0 1 

1 1 1 1 1 
4
5
0.369914 0.182984 0 0 0.0981109 
0.412476 0.1358 0.0819009 0 0.192684 
0.367788 0.174067 0.107292 0.183302 0 
0.490684 0.0730243 0.00409836 0.0670208 0 

Sample_0 Sample_1 Sample_2 Sample_3 
3 1 0 8 5 

