1 #sols

5
5
0.0697048 0.074846 0 0.168754 0 
0.0950189 0.156159 0.032908 0.216809 0 
0 0.231799 0 0.322151 0.0582982 
0.00318114 0.0806102 0.0562728 0.35224 0.0481017 
0.0285871 0.225284 0 0.485402 0.120729 

Sample_0 Sample_1 Sample_2 Sample_3 Sample_4 
22;23;24;25;26;27;28;29;30;31;32;33;34;35;36;37;38;39;40;41;42;43;44;45;46;47;48;55;56;96;97;98;99 11;12;13;14;15;16;17;18;19;20;21 88;89;90 57;58;59;60;61;62;63;64;65;66;67;68;69;70;71;72;73;74;75;76;77;78;79;80;81;82;83;84;85;86;87 0;1;2;3;4;5;6;7;8;9;10;49;50;51;52;53;54;91;92;93;94;95 

5
5
0.187817 0 0 0.0102824 0.13941 
0.0554828 0 0.065816 0.122281 0.190038 
0.064108 0.116596 0 0.463598 0 
0.334511 0.0962034 0.112546 0.154858 0.00636229 
0.278777 0.241459 0 0.393395 0.0571741 
5
5
1 0 0 0 0 
1 1 0 0 0 
1 0 1 0 0 
1 0 0 1 0 
1 0 0 1 1 

1 1 1 1 0.965823 
5
5
0.168754 0 0 0.074846 0.0697048 
0.216809 0 0.032908 0.156159 0.0950189 
0.322151 0.0582982 0 0.231799 0 
0.35224 0.0481017 0.0562728 0.0806102 0.00318114 
0.485402 0.120729 0 0.225284 0.0285871 

Sample_0 Sample_1 Sample_2 Sample_3 Sample_4 
3 4 2 1 0 

