1 #sols

6
10
0 0.352381 0 0.123153 0 0 0 0 0 0 
0.0943396 0.428571 0.215748 0 0.0100503 0 0.1 0.229249 0.3 0 
0.0533333 0.412621 0 0 0.00490196 0 0.0505051 0.0675676 0.116505 0.0691824 
0.140351 0.419847 0 0 0.0439024 0.166297 0 0 0 0.0367253 
0 0.347626 0 0.0285714 0 0 0 0 0 0 
0 0.24961 0.199515 0 0 0.0357995 0.181818 0.158915 0.27551 0 

Sample_0 Sample_1 Sample_2 Sample_3 Sample_4 Sample_5 
95;96 0;1;2;3;4;5;6;7;8;9;10;11;12 29;70;71;72;73;74;75;76;77;78;79;80;81;82;83;84;85;86;87;88;89;90;91;92;93 52;53;54;55;56;57;58;59;60;61;62;63 14;16;18;94 64;65;66;67;68;69;97;98;99 23;25 20;21;22;27;28 24;26 13;15;17;19;30;31;32;33;34;35;36;37;38;39;40;41;42;43;44;45;46;47;48;49;50;51 

6
8
0.458456 0 0 0 0 0 0.246305 0 
0 0 0.458498 0.2 0 0.0201005 0 0.188679 
0.334262 0.138365 0.135135 0.10101 0 0.00980392 0 0.106667 
0.0651431 0.0734507 0 0 0.332594 0.0878049 0 0.280702 
0.63811 0 0 0 0 0 0.0571429 0 
0 0 0.215876 0.246987 0.0363573 0 0 0 
8
8
1 0 0 0 0 0 0 0 
1 1 0 0 0 0 0 0 
1 0 1 0 0 0 0 0 
1 0 0 1 0 0 0 0 
1 0 0 0 1 0 0 0 
1 0 0 0 0 1 0 0 
1 0 0 0 0 0 1 0 
1 0 0 0 0 0 0 1 

1 1 0.998597 0.923896 1 1 1 1 
6
8
0.352381 0 0 0 0 0 0.123153 0 
0.433639 0 0.229249 0.1 0 0.0100503 0 0.0943396 
0.412621 0.0691824 0.0675676 0.0505051 0 0.00490196 0 0.0533333 
0.419847 0.0367253 0 0 0.166297 0.0439024 0 0.140351 
0.347626 0 0 0 0 0 0.0285714 0 
0.24961 0 0.107938 0.123493 0.0181787 0 0 0 

Sample_0 Sample_1 Sample_2 Sample_3 Sample_4 Sample_5 
1 9 7 6 5 4 3 0 

