1 #sols

6
9
0.0154355 0.205993 0 0 0.087963 0.141844 0.301448 0.203209 0.00484262 
0.0668973 0.0853284 0.0701595 0.283465 0 0 0.347702 0 0 
0.183007 0.18322 0 0 0 0.144949 0.480079 0 0 
0 0 0 0.195933 0 0 0.232888 0 0 
0.122328 0.12995 0 0 0.342711 0.362805 0.496121 0.394619 0.0962441 
0.0324022 0.335182 0.00318907 0 0.0851064 0.074392 0.413312 0.027027 0 

Sample_0 Sample_1 Sample_2 Sample_3 Sample_4 Sample_5 
0;1;2;3;4;5;6;7;8 9;10;11;12;13;14;15;16;17;18;19;20;21;22;23;77 78;79;80;81;82;83;84;85;86;87;88;89;90;91;92;93;94;95;96;97;98;99 66;67;68;69;70;71;72;73;74;75;76 61;62;63;65 24;25;26;27;28;29;30 32;33;34;35;36;37;38;39;40;41;42;43;44;45;46;47;48;49;50;51;52;53;54;55;56 31;64 57;58;59;60 

6
6
0.386414 0.00968523 0.175926 0 0 0.030871 
0 0 0 0.535476 0.114444 0.0956286 
0.594145 0 0 0 0 0.366013 
0.0739087 0 0 0.391867 0 0 
0 0.129463 0.671171 0 0 0.191608 
0.585229 0 0.170213 0 0.00637813 0.0648045 
6
6
1 0 0 0 0 0 
1 1 0 0 0 0 
1 0 1 0 0 0 
1 0 0 1 0 0 
1 0 0 0 1 0 
1 0 0 0 0 1 

1 1 1 0.992783 1 1 
6
6
0.301448 0.00484262 0.087963 0 0 0.0154355 
0.372774 0 0 0.267738 0.0572218 0.0478143 
0.480079 0 0 0 0 0.183007 
0.232888 0 0 0.195933 0 0 
0.496121 0.0647314 0.335585 0 0 0.0958041 
0.413312 0 0.0851064 0 0.00318907 0.0324022 

Sample_0 Sample_1 Sample_2 Sample_3 Sample_4 Sample_5 
6 8 4 3 2 0 

