1 #sols

5
13
0.04 0.478107 0.0447531 0 0.215748 0.249042 0 0.174455 0.225245 0.0241546 0.0537634 0.251923 0.119221 
0.0252336 0.263771 0 0 0.21129 0 0.0298651 0.21519 0.264151 0 0.0285714 0.177291 0.113402 
0 0.29989 0 0.0544023 0.180223 0 0.0889328 0.0685358 0.267516 0 0 0.0821643 0 
0.103327 0.479858 0 0.250181 0.0750853 0.125975 0 0.158273 0.124095 0 0.21 0.0955285 0.00515464 
0 0.365909 0.203008 0 0.39222 0 0.0639594 0.373832 0.341046 0.300518 0 0.336117 0.0778302 

Sample_0 Sample_1 Sample_2 Sample_3 Sample_4 
14;15;16;17;18;19;20;21;22;23;24 5;6;7;8;9;10;11;12;13 54;55;56;57;59;60;62 72;73;74;75;76;77;78;79;80;81;82;83;84;85 30;31;91;92;95;96 36;37;38;39;40;41;42;43;44;45;46;47;48;49;50;51;52;53 4;63;64;65;66;67;68;69;70;71 27;32;33 86;87;88;89;90;93;94;97;98;99 58;61 25 26;28;29;34;35 0;1;2;3 

5
8
0 0.170338 0.238443 0.0895062 0 0.44759 0 0.0541229 
0.0627632 0.127778 0.226804 0 0.0597303 0 0 0.0504673 
0.148781 0.164329 0 0 0.177866 0 0.108805 0 
0 0.121682 0.0103093 0 0 0.213985 0.44954 0.1642 
0 0.110558 0.15566 0.406015 0.127919 0 0 0 
8
8
1 0 0 0 0 0 0 0 
1 1 0 0 0 0 0 0 
1 1 1 0 0 0 0 0 
1 1 0 1 0 0 0 0 
1 0 0 0 1 0 0 0 
1 0 0 0 0 1 0 0 
1 0 0 0 0 0 1 0 
1 0 0 0 0 0 0 1 

1 0.862232 0.996076 1 1 1 1 1 
5
8
0.5 0.249144 0.119221 0.0447531 0 0.223795 0 0.0270615 
0.263771 0.177291 0.113402 0 0.0298651 0 0 0.0252336 
0.29989 0.0821643 0 0 0.0889328 0 0.0544023 0 
0.479858 0.0659957 0.00515464 0 0 0.106992 0.22477 0.0820999 
0.400076 0.336117 0.0778302 0.203008 0.0639594 0 0 0 

Sample_0 Sample_1 Sample_2 Sample_3 Sample_4 
1 11 12 2 6 5 3 0 

