1 #sols

4
8
0.463049 0.23657 0.204748 0.225402 0 0.228991 0 0.00869565 
0.45652 0 0 0.044 0.0265641 0.163638 0.23579 0 
0.418367 0.370971 0.357873 0.390452 0 0 0.035404 0 
0.490373 0 0 0.306338 0.15553 0 0 0.0180456 

Sample_0 Sample_1 Sample_2 Sample_3 
35;36;37;38;39;40;41;42;43;44;45;46;47;48;49;50;51;52;53;54;55 30;31;33;34;56 32 98;99 57;92;93;94;95;96;97 0;1;2;3;4;5;6;7;8;9;10;11;12;13;14;15;16;17;18;19;20;21;22;23;24;25;26 58;59;60;61;62;63;64;65;66;67;68;69;70;71;72;73;74;75;76;77;78;79;80;81;82;83;84;85;86;87;88;89;90;91 27;28;29 

4
7
0.0173121 0.0239164 0.0173913 0.409496 0 0.457982 0 
0 0.088 0 0 0.471579 0.327277 0.0439167 
0 0.0651581 0 0.715746 0.0708079 0 0 
0.0570098 0.576585 0.0360912 0 0 0 0.311061 
7
7
1 0 0 0 0 0 0 
1 1 0 0 0 0 0 
1 1 1 0 0 0 0 
1 1 0 1 0 0 0 
1 0 0 0 1 0 0 
1 0 0 0 0 1 0 
1 0 0 0 0 0 1 

1 0.992158 1 0.900939 1 1 1 
4
7
0.463049 0.225402 0.00869565 0.204748 0 0.228991 0 
0.465386 0.044 0 0 0.23579 0.163638 0.0219583 
0.425856 0.390452 0 0.357873 0.035404 0 0 
0.490373 0.306338 0.0180456 0 0 0 0.15553 

Sample_0 Sample_1 Sample_2 Sample_3 
0 3 7 2 6 5 4 

