MultiBinom clustering
Convergence threshold: 1.000000
Initial num clusters: 10
kmeans: True

Time taken: 22.214071
Num active clusters: 5
Cluster assignments
1
2
1
2
0
0
1
3
1
4
Alpha posterior values
221129.0000 162527.0000 35091.0000 891.0000 28334.0000 0.0000 0.0000 0.0000 0.0000 0.0000
185886.0000 157470.0000 53655.0000 4923.0000 33474.0000 0.0000 0.0000 0.0000 0.0000 0.0000
162687.0000 166992.0000 26901.0000 2011.0000 32440.0000 0.0000 0.0000 0.0000 0.0000 0.0000
220422.0000 148827.0000 48616.0000 8251.0000 56434.0000 0.0000 0.0000 0.0000 0.0000 0.0000
272854.0000 164247.0000 64433.0000 7954.0000 40853.0000 0.0000 0.0000 0.0000 0.0000 0.0000
Beta posterior values
18725.0000 162385.0000 188011.0000 75935.0000 54447.0000 0.0000 0.0000 0.0000 0.0000 0.0000
5253.0000 150289.0000 136042.0000 106216.0000 39896.0000 0.0000 0.0000 0.0000 0.0000 0.0000
8646.0000 165110.0000 140169.0000 153378.0000 60454.0000 0.0000 0.0000 0.0000 0.0000 0.0000
8709.0000 140458.0000 103976.0000 115054.0000 63950.0000 0.0000 0.0000 0.0000 0.0000 0.0000
8965.0000 162671.0000 114639.0000 112006.0000 48658.0000 0.0000 0.0000 0.0000 0.0000 0.0000
Cluster phi posterior values
0.9219 0.5002 0.1573 0.0116 0.3423
0.9725 0.5117 0.2828 0.0443 0.4562
0.9495 0.5028 0.1610 0.0129 0.3492
0.9620 0.5145 0.3186 0.0669 0.4688
0.9682 0.5024 0.3598 0.0663 0.4564
