1 #sols

4
10
0.374049 0.188228 0 0.235446 0.225722 0.255556 0 0.15625 0.0973631 0.216114 
0.408978 0.167673 0.0776699 0.12459 0.160099 0.117647 0 0.0540541 0.2 0.142643 
0.363547 0.15073 0.170213 0.2095 0.238693 0.185185 0.183649 0 0 0 
0.497015 0.0697832 0.0128205 0.072365 0.032419 0.148515 0.0755668 0 0 0 

Sample_0 Sample_1 Sample_2 Sample_3 
68;69;70;71;72;73;74;75;76;77;78;79;80;81;82;83;84;85;98;99 2;3;4;6;9;10;20;25;29;30;31;38;39;42;46 63 1;5;7;8;23;24;26;27;28;32;33;34;35;36;37;41;43;44;45 0;21;22;40 97 47;48;49;50;51;52;53;54;55;56;57;58;59;60;61;62 15 86;87;88;89;90;91;92;93;95;96 11;12;13;14;16;17;18;19;64;65;66;67;94 

4
6
0 0.376562 0.150711 0.2758 0 0 
0 0.239015 0.337011 0.0865891 0 0.15534 
0.0193719 0 0 0 0.367297 0.340426 
0.817255 0 0 0 0.151134 0.025641 
6
6
1 0 0 0 0 0 
1 1 0 0 0 0 
1 0 1 0 0 0 
1 0 0 1 0 0 
1 0 0 0 1 0 
1 0 0 0 0 1 

1 1 1 0.999997 1 0.999966 
4
6
0.401536 0.188281 0.0753557 0.1379 0 0 
0.408978 0.119508 0.168506 0.0432945 0 0.0776699 
0.363547 0 0 0 0.183649 0.170213 
0.497015 0 0 0 0.0755668 0.0128205 

Sample_0 Sample_1 Sample_2 Sample_3 
0 9 8 7 6 2 

