gene_id	Sample_0	Sample_0	Sample_1	Sample_1	Sample_2	Sample_2	Sample_3	Sample_3	Sample_4	Sample_4
4;13	74	22	110	2	121	0	100	7	94	0
15;16;17;18;19;20;21;22	404	0	392	21	450	0	340	40	404	0
55	40	19	28	16	21	31	40	0	37	26
75;76;77;78;79;80;81;82;83;84;85;86;87;88;89;90;91;92;93;96;97;98	859	253	1108	0	994	0	1087	0	811	231
41;42;44;46;47;49;50;51;52;53;56;57;58;59;61;62;63;64;65;66;68;69	562	528	765	392	592	527	973	136	671	406
23;24;70;71;72;73;74	384	1	263	73	303	27	333	33	304	49
40;67	60	45	51	43	37	54	61	24	69	41
39;43;45;48;54;60	167	133	159	118	190	131	240	51	158	164
0;1;2;3;5;6;7;8;9;10;11;12;14	544	79	621	42	661	0	618	19	676	0
25;26;27;28;29;30;31;32;33;34;35;36;37;38	616	74	459	201	505	236	654	58	604	110
99	60	0	35	10	56	3	68	0	41	0
94;95	83	9	79	9	80	24	90	0	93	0
