gene_id	Sample_0	Sample_0	Sample_1	Sample_1	Sample_2	Sample_2	Sample_3	Sample_3	Sample_4	Sample_4	Sample_5	Sample_5
25;27;34;36;39;40;41;45;46	768	92	918	0	756	122	865	0	892	0	891	0
52;53;54;55;56;57;58;59;60;61;62;63;64;65;66;67;68;69;70;71;72;73;74;75;76;77	2600	0	2607	0	1787	814	2286	313	2622	0	2663	0
6;7;48;49;50;51	504	95	479	150	381	206	406	217	632	9	433	166
86	96	0	87	0	97	0	88	14	96	0	87	22
0;1;2;3;4;5	576	17	582	0	575	0	588	0	577	0	618	0
8;9;10;11;12;13;14;15;16;17;18;19;20;21;22;23;24;78;79;80;81;82;83;84;85;93;94;95;96;97;98;99	2720	416	3066	203	2774	382	3134	0	3129	104	3290	1
26;28;29;30;31;32;33;35;37;38;42;43;44;47	1214	147	1412	0	1318	116	1330	0	1429	0	1348	0
90;91;92	296	0	274	16	213	82	195	67	292	0	316	0
87;88;89	306	0	289	11	195	115	219	61	290	0	304	0
