1 #sols

6
9
0.106977 0 0.158598 0 0.0286678 0.132653 0.108009 0 0 
0 0 0.238474 0 0 0.0620985 0 0.0551724 0.0366667 
0.138952 0.312957 0.350937 0 0 0.121039 0.0808926 0.277966 0.370968 
0 0.120431 0.348315 0.137255 0 0 0 0.255725 0.217857 
0 0 0.0140406 0 0 0.0321683 0 0 0 
0 0 0.277129 0.201835 0 0.000303859 0 0 0 

Sample_0 Sample_1 Sample_2 Sample_3 Sample_4 Sample_5 
25;27;34;36;39;40;41;45;46 52;53;54;55;56;57;58;59;60;61;62;63;64;65;66;67;68;69;70;71;72;73;74;75;76;77 6;7;48;49;50;51 86 0;1;2;3;4;5 8;9;10;11;12;13;14;15;16;17;18;19;20;21;22;23;24;78;79;80;81;82;83;84;85;93;94;95;96;97;98;99 26;28;29;30;31;32;33;35;37;38;42;43;44;47 90;91;92 87;88;89 

6
5
0 0 0.205351 0.0303191 0.164845 
0.366603 0.110345 0 0 0 
0 0.430981 0.127988 0 0.222498 
0.185179 0.51145 0 0 0 
0.0280811 0 0 0 0 
0.554257 0 0 0 0 
5
5
1 0 0 0 0 
1 1 0 0 0 
1 0 1 0 0 
1 0 0 1 0 
1 0 0 0 1 

1 0.977217 0.999025 0.998425 0.998054 
6
5
0.200257 0 0.102676 0.0151595 0.0824224 
0.238474 0.0551724 0 0 0 
0.390734 0.215491 0.0639939 0 0.111249 
0.348315 0.255725 0 0 0 
0.0140406 0 0 0 0 
0.277129 0 0 0 0 

Sample_0 Sample_1 Sample_2 Sample_3 Sample_4 Sample_5 
2 7 6 4 0 

