1 #sols

5
8
0.253918 0.00350877 0.189781 0 0.0134529 0 0.333333 0 
0.198548 0 0.296552 0.16787 0.0534351 0.141221 0.524064 0 
0.277217 0 0.298246 0.167549 0 0.0254545 0.277174 0.108491 
0.33935 0 0.327586 0.324701 0 0.294355 0.529412 0 
0.117307 0.158904 0.232704 0 0 0 0.231183 0 

Sample_0 Sample_1 Sample_2 Sample_3 Sample_4 
4;5;7;8;9;10;11;12;13;14;15;16;17;18;35;36;37;38;39;40;41;42;43;44;45;46;47;48;49;50;51;52;53;54;55;56;57;58 59;60;61;62;63;64;65;66;67;68;69;70;71;72;73;74;75;76;77;78;79;80 6;94;95 20;24;25;27;28;29;30;31;32;33;34 81;82;83;84;85;86;87;88;89;90;91;92;93 19;21;22;23;26 96;97;98;99 0;1;2;3 

5
6
0.632743 0 0 0.0269058 0 0.00701754 
0.274947 0 0.282443 0.10687 0.33574 0 
0 0.216981 0.0509091 0 0.335097 0 
0 0 0.453821 0 0.546179 0 
0.144557 0 0 0 0 0.317808 
6
6
1 0 0 0 0 0 
1 1 0 0 0 0 
1 0 1 0 0 0 
1 0 0 1 0 0 
1 0 0 0 1 0 
1 0 0 0 0 1 

1 0.999991 1 1 0.999313 0.991803 
5
6
0.333333 0 0 0.0134529 0 0.00350877 
0.5 0 0.141221 0.0534351 0.16787 0 
0.301494 0.108491 0.0254545 0 0.167549 0 
0.5 0 0.22691 0 0.27309 0 
0.231183 0 0 0 0 0.158904 

Sample_0 Sample_1 Sample_2 Sample_3 Sample_4 
6 7 5 4 3 1 

