1 #sols

4
8
0.231072 0.225402 0.00869565 0.457744 0 0 0.228991 0.476089 
0 0.044 0 0.453261 0.23579 0.0265641 0.163638 0.464796 
0.368848 0.390452 0 0.421648 0.035404 0 0 0.410184 
0 0.306338 0.0180456 0.496548 0 0.15553 0 0.474803 

Sample_0 Sample_1 Sample_2 Sample_3 
30;31;32;33;34;56 98;99 27;28;29 35;38;39;40;41;42;43;44;45;46;47;48;50;53;54 58;59;60;61;62;63;64;65;66;67;68;69;70;71;72;73;74;75;76;77;78;79;80;81;82;83;84;85;86;87;88;89;90;91 57;92;93;94;95;96;97 0;1;2;3;4;5;6;7;8;9;10;11;12;13;14;15;16;17;18;19;20;21;22;23;24;25;26 36;37;49;51;52;55 

4
6
0.0146624 0.457982 0 0 0.0173913 0.462143 
0.0776077 0.327277 0.0531282 0.471579 0 0 
0.0118626 0 0 0.0708079 0 0.737697 
0.602455 0 0.311061 0 0.0360912 0 
6
6
1 0 0 0 0 0 
1 1 0 0 0 0 
1 0 1 0 0 0 
1 0 0 1 0 0 
1 0 0 0 1 0 
1 0 0 0 0 1 

1 1 1 1 1 0.999998 
4
6
0.476089 0.228991 0 0 0.00869565 0.231072 
0.464796 0.163638 0.0265641 0.23579 0 0 
0.410184 0 0 0.035404 0 0.368848 
0.474803 0 0.15553 0 0.0180456 0 

Sample_0 Sample_1 Sample_2 Sample_3 
7 6 5 4 2 0 

