gene_id	Sample_0	Sample_0	Sample_1	Sample_1	Sample_2	Sample_2	Sample_3	Sample_3	Sample_4	Sample_4
24;25;28;29;31;33;34;35;36;37;40;41;43;45;46;47	1560	83	1591	0	1386	213	1613	0	1541	63
85;86;87;89;90;91;92;93	786	0	786	0	600	223	680	154	818	0
0;1;2;3	390	0	360	50	355	23	400	0	401	0
9;10;11;12;13;14;15;16;17	806	62	952	0	916	0	907	0	731	163
20;42;57;58;59;60;61;62;63	861	74	874	0	897	24	835	0	710	134
76;77;78;79;80;81;82;83;84	515	408	514	424	496	415	799	151	585	335
56	81	16	69	16	86	3	101	0	70	45
7	91	7	101	25	104	6	110	0	87	9
18;19;21;22;23;26;27;30;32;38;39;44;48	1219	116	1214	0	1164	122	1294	0	1176	66
94;95;96;97;98;99	313	306	434	148	359	287	488	112	364	227
49;50;52;53;54;55	531	86	392	148	545	46	586	0	402	193
51	85	16	84	15	87	4	93	0	72	26
66	92	13	83	6	85	0	101	0	69	17
4;5;6;8;64;65;67;68;69;70;71;72;73;74;75	1422	101	1390	145	1455	51	1515	0	1219	223
88	102	0	106	2	72	34	92	18	71	0
