1 #sols

5
15
0.0505173 0 0 0.0714286 0.0791444 0.442037 0.164948 0.0714286 0.0868914 0.494346 0.139384 0.158416 0.12381 0.0663165 0 
0 0 0.121951 0 0 0.452026 0.188235 0.198413 0 0.254296 0.274074 0.151515 0.0674157 0.0944625 0.0185185 
0.133208 0.27096 0.0608466 0 0.0260586 0.455543 0.0337079 0.0545455 0.0948678 0.444272 0.0778342 0.043956 0 0.0338645 0.320755 
0 0.184652 0 0 0 0.158947 0 0 0 0.186667 0 0 0 0 0.163636 
0.0392768 0 0 0.182327 0.158768 0.36413 0.391304 0.09375 0.0531401 0.384095 0.32437 0.265306 0.197674 0.154646 0 

Sample_0 Sample_1 Sample_2 Sample_3 Sample_4 
24;25;28;29;31;33;34;35;36;37;40;41;43;45;46;47 85;86;87;89;90;91;92;93 0;1;2;3 9;10;11;12;13;14;15;16;17 20;42;57;58;59;60;61;62;63 76;77;78;79;80;81;82;83;84 56 7 18;19;21;22;23;26;27;30;32;38;39;44;48 94;95;96;97;98;99 49;50;52;53;54;55 51 66 4;5;6;8;64;65;67;68;69;70;71;72;73;74;75 88 

5
8
0.149567 0.0156858 0.158289 0.142857 0.173783 0.142857 0 0.101035 
0 0.30303 0 0 0 0.396825 0.204195 0 
0.136238 0.0357948 0.0521173 0 0.189736 0.109091 0.121693 0.266417 
0.317895 0 0 0 0 0 0 0 
0 0 0.257416 0.30228 0.0774754 0.0788225 0 0.0785536 
8
8
1 0 0 0 0 0 0 0 
1 1 0 0 0 0 0 0 
1 1 1 0 0 0 0 0 
1 1 0 1 0 0 0 0 
1 0 0 0 1 0 0 0 
1 0 0 0 0 1 0 0 
1 0 0 0 0 0 1 0 
1 0 0 0 0 0 0 1 

1 0.973624 0.885616 0.906188 1 1 1 1 
5
8
0.442037 0.158416 0.0791444 0.0714286 0.0868914 0.0714286 0 0.0505173 
0.452026 0.151515 0 0 0 0.198413 0.102098 0 
0.455543 0.043956 0.0260586 0 0.0948678 0.0545455 0.0608466 0.133208 
0.158947 0 0 0 0 0 0 0 
0.397274 0.279848 0.128708 0.15114 0.0387377 0.0394112 0 0.0392768 

Sample_0 Sample_1 Sample_2 Sample_3 Sample_4 
5 11 4 3 8 7 2 0 

