1 #sols

5
9
0.143954 0.261458 0.00734387 0 0 0 0 0 0 
0.019958 0.38483 0.0163075 0.0223472 0 0.0225448 0 0 0.356742 
0.266859 0.401949 0 0.00127101 0.257669 0.255416 0.121724 0 0 
0.204219 0.359839 0 0 0 0.211141 0.0430168 0.205555 0.12249 
0.471459 0.455426 0 0.120097 0.314692 0.456862 0 0.0407199 0.000333556 

Sample_0 Sample_1 Sample_2 Sample_3 Sample_4 
87 88;90;91;92 6;7;8;9;10;11;12;13;14;15;16;17;18;19;20;21;22 93;94;95;96;97;98;99 89 0;1;2;3;4;5 50;51;52;53;54;55;56;57;58;59;60;61;62;63;64;65;66;67;68;69;70;71;72;73;74;75;76;77;78;79;80;81;82;83;84;85;86 29;30;31;32;33;34;35;36;37;38;39;40;41;42;43;44;45;46;47;48;49 23;24;25;26;27;28 

5
7
0.508227 0 0 0 0 0 0.0146877 
0 0.713484 0 0 0 0.0446943 0.0279521 
0.0425711 0 0 0.243447 0.515337 0.00254201 0 
0 0.244981 0.41111 0.0807495 0 0 0 
0 0.000112693 0.0746546 0 0.629384 0.240193 0 
7
7
1 0 0 0 0 0 0 
1 1 0 0 0 0 0 
1 0 1 0 0 0 0 
1 0 0 1 0 0 0 
1 0 0 0 1 0 0 
1 0 0 0 0 1 0 
1 0 0 0 0 0 1 

1 0.997657 1 1 1 1 1 
5
7
0.261458 0 0 0 0 0 0.00734387 
0.393065 0.356742 0 0 0 0.0223472 0.0139761 
0.401949 0 0 0.121724 0.257669 0.00127101 0 
0.36842 0.12249 0.205555 0.0403747 0 0 0 
0.472172 5.63465e-05 0.0373273 0 0.314692 0.120097 0 

Sample_0 Sample_1 Sample_2 Sample_3 Sample_4 
1 8 7 6 4 3 2 

