gene_id	Sample_0	Sample_0	Sample_1	Sample_1	Sample_2	Sample_2	Sample_3	Sample_3	Sample_4	Sample_4	Sample_5	Sample_5
6;49;50;51	167	45	128	45	137	68	116	69	205	0	134	45
52;53;54;55;56;57;58;59;60;61;62;63;64;65;66;67;68;69;70;71;72;73;74;75;76;77;87	1314	0	1388	0	938	408	1198	166	1317	0	1353	0
25;26;27;28;29;30;31;32;33;34;35;36;37;38;39;40;41;42;43;44;45;46;47;94	1004	126	1226	0	1049	119	1241	0	1225	0	1210	0
48	44	6	36	10	34	13	38	12	53	0	23	21
86	47	0	51	0	45	0	41	6	58	0	27	11
8;9;10;12;14;15;16;18;19;20;22;23;24;81;82;83;84;85;93;95;96;97;98;99	957	140	1119	120	1081	127	1123	0	1192	35	1200	0
7	52	10	41	7	38	27	37	26	60	3	23	24
11;13;17;21;78;79;80	262	60	336	12	333	44	390	0	355	14	355	0
89;91;92	174	0	166	4	92	59	111	35	131	0	157	0
0;1;2;3;4;5	340	7	278	0	298	0	311	0	294	0	283	0
88;90	107	0	88	6	85	26	75	37	102	0	100	0
