1 #sols

6
11
0.212264 0 0.111504 0.12 0 0.127621 0.16129 0.186335 0 0.0201729 0 
0.260116 0 0 0.217391 0 0.0968523 0.145833 0.0344828 0.0235294 0 0.0638298 
0.331707 0.30312 0.101884 0.276596 0 0.105132 0.415385 0.116711 0.390728 0 0.234234 
0.372973 0.121701 0 0.24 0.12766 0 0.412698 0 0.239726 0 0.330357 
0 0 0 0 0 0.0285249 0.047619 0.0379404 0 0 0 
0.251397 0 0 0.477273 0.289474 0 0.510638 0 0 0 0 

Sample_0 Sample_1 Sample_2 Sample_3 Sample_4 Sample_5 
6;49;50;51 52;53;54;55;56;57;58;59;60;61;62;63;64;65;66;67;68;69;70;71;72;73;74;75;76;77;87 25;26;27;28;29;30;31;32;33;34;35;36;37;38;39;40;41;42;43;44;45;46;47;94 48 86 8;9;10;12;14;15;16;18;19;20;22;23;24;81;82;83;84;85;93;95;96;97;98;99 7 11;13;17;21;78;79;80 89;91;92 0;1;2;3;4;5 88;90 

6
6
0 0 0.0148714 0.255242 0 0.178691 
0 0.12766 0 0.164007 0 0 
0 0.468468 0 0.16852 0 0.203767 
0 0.660714 0 0 0.164683 0 
0.0381884 0 0 0.0570497 0 0 
0.421053 0 0 0 0.578947 0 
6
6
1 0 0 0 0 0 
1 1 0 0 0 0 
1 0 1 0 0 0 
1 0 0 1 0 0 
1 0 0 0 1 0 
1 0 0 0 0 1 

1 0.862811 0.999066 0.81558 0.930014 0.903632 
6
6
0.224402 0 0.00743572 0.127621 0 0.0893453 
0.145833 0.0638298 0 0.0820035 0 0 
0.420378 0.234234 0 0.0842601 0 0.101884 
0.412698 0.330357 0 0 0.0823413 0 
0.047619 0 0 0.0285249 0 0 
0.5 0 0 0 0.289474 0 

Sample_0 Sample_1 Sample_2 Sample_3 Sample_4 Sample_5 
6 10 9 5 4 2 

