1 #sols

4
6
0.374049 0.227827 0.179459 0 0 0.165145 
0.408978 0.134451 0.179978 0 0.0776699 0.161384 
0.363547 0.202507 0.145394 0.183649 0.170213 0 
0.497015 0.0686667 0.0711864 0.0755668 0.0128205 0 

Sample_0 Sample_1 Sample_2 Sample_3 
68;69;70;71;72;73;74;75;76;77;78;79;80;81;82;83;84;85;98;99 0;1;4;5;7;8;9;10;21;22;23;24;25;26;27;28;31;32;33;34;35;36;37;39;40;41;43;44;45;97 2;3;6;20;29;30;38;42;46 47;48;49;50;51;52;53;54;55;56;57;58;59;60;61;62 63 11;12;13;14;15;16;17;18;19;64;65;66;67;86;87;88;89;90;91;92;93;94;95;96 

4
5
0.38918 0.0286285 0.33029 0 0 
0.30266 0.037186 0.322769 0.15534 0 
0 0.234829 0 0.181354 0.36647 
0.674882 0.142373 0 0.025641 0.151134 
5
5
1 0 0 0 0 
1 1 0 0 0 
1 1 1 0 0 
1 0 0 1 0 
1 0 0 0 1 

1 1 0.841726 0.999966 1 
4
5
0.374049 0.179459 0.165145 0 0 
0.408978 0.179978 0.161384 0.0776699 0 
0.391327 0.117415 0 0.0906772 0.183235 
0.497015 0.0711864 0 0.0128205 0.0755668 

Sample_0 Sample_1 Sample_2 Sample_3 
0 2 5 4 3 

