gene_id	Sample_0	Sample_0	Sample_1	Sample_1	Sample_2	Sample_2	Sample_3	Sample_3	Sample_4	Sample_4	Sample_5	Sample_5
0;1;2;3	1951	1858	3437	558	2218	1647	2546	1499	3045	970	2070	1936
23;24;25;26;27;28;29;30;31;32;33;34;35;36;37	14992	0	12607	2289	10499	4681	15104	0	14932	0	14992	0
43;44;45;46;47;48;49	6932	0	7155	0	6800	189	6947	84	7045	0	5718	1232
4;5;6;7;8;9;10;11;12;13;14;15;16	10741	2195	13009	0	12957	138	12983	0	11131	1839	12886	0
18;19;20;21;22	5008	0	4932	0	4853	135	4932	82	5034	0	4992	0
38;39;40;41;42;54;55;56;57;58;59;60;61;62;63;64;65;66;67;68;69;70;71;72;73;74;75;76;77;78;79;80;81;82;83;84;85;86;87;88;89;90;91;92	36391	7589	44065	0	43500	481	43024	662	32978	11105	43917	0
50;51;52;53	2988	1133	3438	605	2862	1157	3949	0	3934	0	3629	411
17	529	498	914	143	678	339	774	176	784	250	580	480
93;94;95;96;97;98;99	6914	170	6920	0	7098	0	5862	1143	6854	0	6816	97
