1 #sols

5
9
0.200204 0.182494 0 0.0866995 0.00543613 0.011654 0.286219 0.0626418 0.188285 
0.114345 0.294928 0.0671982 0 0 0 0.465603 0 0.121978 
0.132576 0.179504 0 0 0.0463798 0.0577225 0.23734 0.0650539 0.179444 
0.0404624 0.0442165 0 0.103365 0.109001 0.103134 0.354391 0 0.0422945 
0 0 0.0482393 0 0 0 0.0478103 0 0 

Sample_0 Sample_1 Sample_2 Sample_3 Sample_4 
14 76;77;78;79;80;81 93;94;95;96;97;98;99 73;74;75 0;25;26;29;30;32;33;36;37;38;40;41;43;44;45;47;48;50;51;52;54;55;57;58;59;82;83;84 27;28;31;34;35;39;42;46;49;53;56 60;61;62;63;64;65;66;67;68;69;70;71;72 85;86;87;88;89;90;91;92 1;2;3;4;5;6;7;8;9;10;11;12;13;15;16;17;18;19;20;21;22;23;24 

5
6
0 0.0233079 0.0108723 0.173399 0.260176 0.125284 
0.702515 0 0 0 0.22869 0 
0.00132308 0.115445 0.0927596 0 0.135044 0.130108 
0 0.206268 0.218003 0.206731 0.0777811 0 
0.0956205 0 0 0 0 0 
6
6
1 0 0 0 0 0 
1 1 0 0 0 0 
1 0 1 0 0 0 
1 0 0 1 0 0 
1 0 0 0 1 0 
1 0 0 0 1 1 

1 1 1 1 1 0.884446 
5
6
0.296519 0.011654 0.00543613 0.0866995 0.19273 0.0626418 
0.465603 0 0 0 0.114345 0 
0.23734 0.0577225 0.0463798 0 0.132576 0.0650539 
0.354391 0.103134 0.109001 0.103365 0.0388905 0 
0.0478103 0 0 0 0 0 

Sample_0 Sample_1 Sample_2 Sample_3 Sample_4 
6 5 4 3 0 7 

