MultiBinom clustering
Convergence threshold: 1.000000
Initial num clusters: 100
kmeans: True

Time taken: 65.295782
ARI: 0.874645
Cluster freq error: 0.004143
Num active clusters: 10
Cluster assignments
2
2
2
2
2
2
2
2
2
2
2
3
3
3
3
3
3
3
3
3
3
3
0
0
0
0
0
0
0
0
0
0
0
0
0
0
0
0
0
0
0
0
0
0
0
0
0
0
0
5
5
7
5
5
7
1
0
4
4
4
4
4
4
4
4
4
4
4
4
4
4
4
4
4
4
4
4
4
4
4
4
4
4
4
4
4
4
4
8
0
8
9
9
9
9
9
6
2
6
6
Alpha posterior values
96.0000 268.0000 0.0000 0.0000 0.0000 0.0000 45.0000 0.0000 0.0000 0.0000 0.0000 0.0000 0.0000 0.0000 0.0000 0.0000 0.0000 0.0000 0.0000 0.0000 0.0000 0.0000 0.0000 0.0000 0.0000 0.0000 0.0000 0.0000 0.0000 0.0000 0.0000 0.0000 0.0000 0.0000 0.0000 4.0000 0.0000 0.0000 0.0000 0.0000 0.0000 0.0000 0.0000 0.0000 0.0000 0.0000 0.0000 0.0000 0.0000 0.0000 0.0000 0.0000 0.0000 0.0000 0.0000 0.0000 0.0000 0.0000 0.0000 0.0000 0.0000 0.0000 0.0000 0.0000 0.0000 0.0000 0.0000 0.0000 0.0000 0.0000 0.0000 0.0000 0.0000 0.0000 0.0000 0.0000 0.0000 0.0000 0.0000 0.0000 0.0000 0.0000 0.0000 0.0000 0.0000 0.0000 0.0000 0.0000 0.0000 0.0000 0.0000 0.0000 0.0000 0.0000 0.0000 0.0000 0.0000 0.0000 0.0000 0.0000
128.9681 327.0000 0.0000 0.0000 0.0000 0.0000 84.0000 0.0000 0.0000 0.0000 0.0000 0.0000 0.0000 12.0000 0.0000 0.0000 0.0000 0.0000 0.0000 0.0000 0.0000 0.0000 0.0000 4.0319 0.0000 0.0000 0.0000 0.0000 0.0000 0.0000 0.0000 0.0000 0.0000 0.0000 0.0000 0.0000 0.0000 0.0000 0.0000 0.0000 0.0000 0.0000 0.0000 0.0000 0.0000 0.0000 0.0000 0.0000 0.0000 0.0000 0.0000 0.0000 0.0000 0.0000 0.0000 0.0000 0.0000 0.0000 0.0000 0.0000 0.0000 0.0000 0.0000 0.0000 0.0000 0.0000 0.0000 0.0000 0.0000 0.0000 0.0000 0.0000 0.0000 0.0000 0.0000 0.0000 0.0000 0.0000 0.0000 0.0000 0.0000 0.0000 0.0000 0.0000 0.0000 0.0000 0.0000 0.0000 0.0000 0.0000 0.0000 0.0000 0.0000 0.0000 0.0000 0.0000 0.0000 0.0000 0.0000 0.0000
0.0000 484.0000 0.0000 23.8483 0.0000 0.0000 123.0000 0.0000 0.0000 0.0000 5.3316 0.0000 0.0000 0.0000 0.0000 0.0000 0.0000 0.0000 0.0000 3.8240 0.0000 0.0000 0.0000 0.0000 0.0000 0.0000 0.0000 35.9961 0.0000 0.0000 0.0000 0.0000 0.0000 0.0000 0.0000 0.0000 0.0000 0.0000 0.0000 0.0000 0.0000 0.0000 0.0000 0.0000 0.0000 0.0000 0.0000 0.0000 0.0000 0.0000 0.0000 0.0000 0.0000 0.0000 0.0000 0.0000 0.0000 0.0000 0.0000 0.0000 0.0000 0.0000 0.0000 0.0000 0.0000 0.0000 0.0000 0.0000 0.0000 0.0000 0.0000 0.0000 0.0000 0.0000 0.0000 0.0000 0.0000 0.0000 0.0000 0.0000 0.0000 0.0000 0.0000 0.0000 0.0000 0.0000 0.0000 0.0000 0.0000 0.0000 0.0000 0.0000 0.0000 0.0000 0.0000 0.0000 0.0000 0.0000 0.0000 0.0000
2.0000 552.0000 0.0000 0.0000 0.0000 0.0000 29.0000 0.0000 0.0000 0.0000 17.8952 0.0000 0.0000 0.0000 0.0000 0.0000 0.0000 0.0000 0.0000 10.1077 0.0000 0.0000 0.0000 10.0000 0.0000 0.0000 0.0000 17.9971 0.0000 0.0000 0.0000 0.0000 0.0000 0.0000 0.0000 7.0000 0.0000 0.0000 0.0000 0.0000 0.0000 0.0000 0.0000 0.0000 0.0000 0.0000 0.0000 0.0000 0.0000 0.0000 0.0000 0.0000 0.0000 0.0000 0.0000 0.0000 0.0000 0.0000 0.0000 0.0000 0.0000 0.0000 0.0000 0.0000 0.0000 0.0000 0.0000 0.0000 0.0000 0.0000 0.0000 0.0000 0.0000 0.0000 0.0000 0.0000 0.0000 0.0000 0.0000 0.0000 0.0000 0.0000 0.0000 0.0000 0.0000 0.0000 0.0000 0.0000 0.0000 0.0000 0.0000 0.0000 0.0000 0.0000 0.0000 0.0000 0.0000 0.0000 0.0000 0.0000
0.0000 754.0001 0.0000 93.1286 0.0000 0.0000 113.0000 0.0000 0.0000 0.0000 19.1903 0.0000 0.0000 33.1649 0.0000 0.0000 0.0000 0.0000 0.0000 18.5160 0.0000 0.0000 0.0000 0.0000 0.0000 0.0000 0.0000 0.0000 0.0000 0.0000 0.0000 0.0000 0.0000 0.0000 0.0000 0.0000 0.0000 0.0000 0.0000 0.0000 0.0000 0.0000 0.0000 0.0000 0.0000 0.0000 0.0000 0.0000 0.0000 0.0000 0.0000 0.0000 0.0000 0.0000 0.0000 0.0000 0.0000 0.0000 0.0000 0.0000 0.0000 0.0000 0.0000 0.0000 0.0000 0.0000 0.0000 0.0000 0.0000 0.0000 0.0000 0.0000 0.0000 0.0000 0.0000 0.0000 0.0000 0.0000 0.0000 0.0000 0.0000 0.0000 0.0000 0.0000 0.0000 0.0000 0.0000 0.0000 0.0000 0.0000 0.0000 0.0000 0.0000 0.0000 0.0000 0.0000 0.0000 0.0000 0.0000 0.0000
Beta posterior values
1350.3822 1254.0002 0.0000 572.2793 0.0000 0.0000 492.9999 0.0000 0.0000 0.0000 217.0491 0.0000 0.0000 170.8324 0.0000 0.0000 0.0000 0.0000 0.0000 91.8710 0.0000 0.0000 0.0000 99.6176 0.0000 0.0000 0.0000 252.9682 0.0000 0.0000 0.0000 0.0000 0.0000 0.0000 0.0000 35.0000 0.0000 0.0000 0.0000 0.0000 0.0000 0.0000 0.0000 0.0000 0.0000 0.0000 0.0000 0.0000 0.0000 0.0000 0.0000 0.0000 0.0000 0.0000 0.0000 0.0000 0.0000 0.0000 0.0000 0.0000 0.0000 0.0000 0.0000 0.0000 0.0000 0.0000 0.0000 0.0000 0.0000 0.0000 0.0000 0.0000 0.0000 0.0000 0.0000 0.0000 0.0000 0.0000 0.0000 0.0000 0.0000 0.0000 0.0000 0.0000 0.0000 0.0000 0.0000 0.0000 0.0000 0.0000 0.0000 0.0000 0.0000 0.0000 0.0000 0.0000 0.0000 0.0000 0.0000 0.0000
1281.5242 1147.0002 0.0000 632.2100 0.0000 0.0000 443.9999 0.0000 0.0000 0.0000 221.0112 0.0000 0.0000 149.9563 0.0000 0.0000 0.0000 0.0000 0.0000 100.8532 0.0000 0.0000 0.0000 109.4757 0.0000 0.0000 0.0000 255.9693 0.0000 0.0000 0.0000 0.0000 0.0000 0.0000 0.0000 47.0000 0.0000 0.0000 0.0000 0.0000 0.0000 0.0000 0.0000 0.0000 0.0000 0.0000 0.0000 0.0000 0.0000 0.0000 0.0000 0.0000 0.0000 0.0000 0.0000 0.0000 0.0000 0.0000 0.0000 0.0000 0.0000 0.0000 0.0000 0.0000 0.0000 0.0000 0.0000 0.0000 0.0000 0.0000 0.0000 0.0000 0.0000 0.0000 0.0000 0.0000 0.0000 0.0000 0.0000 0.0000 0.0000 0.0000 0.0000 0.0000 0.0000 0.0000 0.0000 0.0000 0.0000 0.0000 0.0000 0.0000 0.0000 0.0000 0.0000 0.0000 0.0000 0.0000 0.0000 0.0000
1450.4871 1026.0002 0.0000 591.1281 0.0000 0.0000 426.9999 0.0000 0.0000 0.0000 202.8137 0.0000 0.0000 150.1162 0.0000 0.0000 0.0000 0.0000 0.0000 92.9704 0.0000 0.0000 0.0000 80.5127 0.0000 0.0000 0.0000 200.9716 0.0000 0.0000 0.0000 0.0000 0.0000 0.0000 0.0000 58.0000 0.0000 0.0000 0.0000 0.0000 0.0000 0.0000 0.0000 0.0000 0.0000 0.0000 0.0000 0.0000 0.0000 0.0000 0.0000 0.0000 0.0000 0.0000 0.0000 0.0000 0.0000 0.0000 0.0000 0.0000 0.0000 0.0000 0.0000 0.0000 0.0000 0.0000 0.0000 0.0000 0.0000 0.0000 0.0000 0.0000 0.0000 0.0000 0.0000 0.0000 0.0000 0.0000 0.0000 0.0000 0.0000 0.0000 0.0000 0.0000 0.0000 0.0000 0.0000 0.0000 0.0000 0.0000 0.0000 0.0000 0.0000 0.0000 0.0000 0.0000 0.0000 0.0000 0.0000 0.0000
1422.5141 996.0003 0.0000 607.6118 0.0000 0.0000 506.9998 0.0000 0.0000 0.0000 202.4048 0.0000 0.0000 139.9766 0.0000 0.0000 0.0000 0.0000 0.0000 77.0385 0.0000 0.0000 0.0000 94.4858 0.0000 0.0000 0.0000 245.9684 0.0000 0.0000 0.0000 0.0000 0.0000 0.0000 0.0000 49.0000 0.0000 0.0000 0.0000 0.0000 0.0000 0.0000 0.0000 0.0000 0.0000 0.0000 0.0000 0.0000 0.0000 0.0000 0.0000 0.0000 0.0000 0.0000 0.0000 0.0000 0.0000 0.0000 0.0000 0.0000 0.0000 0.0000 0.0000 0.0000 0.0000 0.0000 0.0000 0.0000 0.0000 0.0000 0.0000 0.0000 0.0000 0.0000 0.0000 0.0000 0.0000 0.0000 0.0000 0.0000 0.0000 0.0000 0.0000 0.0000 0.0000 0.0000 0.0000 0.0000 0.0000 0.0000 0.0000 0.0000 0.0000 0.0000 0.0000 0.0000 0.0000 0.0000 0.0000 0.0000
1474.4511 846.0002 0.0000 500.8797 0.0000 0.0000 410.9999 0.0000 0.0000 0.0000 193.5571 0.0000 0.0000 92.7317 0.0000 0.0000 0.0000 0.0000 0.0000 68.8635 0.0000 0.0000 0.0000 79.5488 0.0000 0.0000 0.0000 263.9680 0.0000 0.0000 0.0000 0.0000 0.0000 0.0000 0.0000 45.0000 0.0000 0.0000 0.0000 0.0000 0.0000 0.0000 0.0000 0.0000 0.0000 0.0000 0.0000 0.0000 0.0000 0.0000 0.0000 0.0000 0.0000 0.0000 0.0000 0.0000 0.0000 0.0000 0.0000 0.0000 0.0000 0.0000 0.0000 0.0000 0.0000 0.0000 0.0000 0.0000 0.0000 0.0000 0.0000 0.0000 0.0000 0.0000 0.0000 0.0000 0.0000 0.0000 0.0000 0.0000 0.0000 0.0000 0.0000 0.0000 0.0000 0.0000 0.0000 0.0000 0.0000 0.0000 0.0000 0.0000 0.0000 0.0000 0.0000 0.0000 0.0000 0.0000 0.0000 0.0000
Cluster phi posterior values
0.0658 0.0921 0.0000 0.0822 0.1757 0.0000 0.0000 0.0000 0.0000 0.0000
0.0909 0.0000 0.0000 0.1579 0.2215 0.0000 0.0701 0.0000 0.0300 0.0000
0.0000 0.0000 0.0374 0.2227 0.3203 0.0219 0.0000 0.0332 0.0000 0.1494
0.0007 0.1182 0.0000 0.0526 0.3564 0.0781 0.0000 0.1102 0.0905 0.0654
0.0000 0.0000 0.1557 0.2147 0.4712 0.0871 0.2606 0.2076 0.0000 0.0000
