1 #sols

5
5
0.290044 0.0214838 0.256047 0.125808 0.0214487 
0.23861 0.00947904 0 0.144584 0.0161214 
0.214706 0.0250914 0 0 0.049563 
0.214698 0.186732 0.125486 0.00566502 0 
0.376585 0 0 0.0707245 0.145164 

Sample_0 Sample_1 Sample_2 Sample_3 Sample_4 
5;6;7;8;9;10;11;12;13;26;27;28;29;30;31;32;33;34;35;86;87;88;89;90;91;92;93;94;95;96;97;98;99 14;15;16;17;18;19;20;21;22;23;24;25;72;73;74;75;76;77;78;79;80;81;82;83;84;85 36;37;38;39;40;41;42;43;44;45;46;47;48;49;50;51;52;53 0;1;2;3 4;54;55;56;57;58;59;60;61;62;63;64;65;66;67;68;69;70;71 

5
4
0.242606 0.0428974 0.251616 0.0429677 
0.13685 0.0322429 0.289169 0.0189581 
0.280103 0.099126 0 0.0501828 
0.0446011 0 0.01133 0.373465 
0.321393 0.290328 0.141449 0 
4
4
1 0 0 0 
1 1 0 0 
1 0 1 0 
1 0 0 1 

1 1 1 1 
5
4
0.290044 0.0214487 0.125808 0.0214838 
0.23861 0.0161214 0.144584 0.00947904 
0.214706 0.049563 0 0.0250914 
0.214698 0 0.00566502 0.186732 
0.376585 0.145164 0.0707245 0 

Sample_0 Sample_1 Sample_2 Sample_3 Sample_4 
0 4 3 1 

