MultiBinom clustering
Convergence threshold: 1.000000
Initial num clusters: 61
kmeans: True

Time taken: 10.967070
Num active clusters: 10
Cluster assignments
4
7
3
4
1
3
1
4
2
1
2
0
2
6
6
6
2
1
1
3
0
3
9
5
5
2
0
2
0
4
7
6
8
4
4
7
9
4
6
1
1
1
2
2
0
1
0
6
6
2
0
1
1
7
0
1
6
5
0
7
7
Alpha posterior values
132.8727 328.5335 0.0000 301.1956 65.4023 163.9991 192.9854 367.9396 0.0000 0.0000 0.0000 199.1736 0.0000 62.9036 0.0000 242.9945 0.0000 0.0000 0.0000 0.0000 0.0000 0.0000 0.0000 0.0000 0.0000 0.0000 0.0000 0.0000 0.0000 0.0000 0.0000 0.0000 0.0000 0.0000 0.0000 0.0000 0.0000 0.0000 0.0000 0.0000 0.0000 0.0000 0.0000 0.0000 0.0000 0.0000 0.0000 0.0000 0.0000 0.0000 0.0000 0.0000 0.0000 0.0000 0.0000 0.0000 0.0000 0.0000 0.0000 0.0000 0.0000
86.6580 293.0974 0.0000 221.5184 105.0311 203.6637 214.9813 428.0781 0.0000 0.0000 0.0000 227.4446 0.0000 43.5317 0.0000 230.9957 0.0000 0.0000 0.0000 0.0000 0.0000 0.0000 0.0000 0.0000 0.0000 0.0000 0.0000 0.0000 0.0000 0.0000 0.0000 0.0000 0.0000 0.0000 0.0000 0.0000 0.0000 0.0000 0.0000 0.0000 0.0000 0.0000 0.0000 0.0000 0.0000 0.0000 0.0000 0.0000 0.0000 0.0000 0.0000 0.0000 0.0000 0.0000 0.0000 0.0000 0.0000 0.0000 0.0000 0.0000 0.0000
155.7869 588.7076 0.0000 453.7581 115.0743 298.1431 390.9606 666.3943 0.0000 0.0000 0.0000 265.1294 0.0000 86.0538 0.0000 319.9919 0.0000 0.0000 0.0000 0.0000 0.0000 0.0000 0.0000 0.0000 0.0000 0.0000 0.0000 0.0000 0.0000 0.0000 0.0000 0.0000 0.0000 0.0000 0.0000 0.0000 0.0000 0.0000 0.0000 0.0000 0.0000 0.0000 0.0000 0.0000 0.0000 0.0000 0.0000 0.0000 0.0000 0.0000 0.0000 0.0000 0.0000 0.0000 0.0000 0.0000 0.0000 0.0000 0.0000 0.0000 0.0000
Beta posterior values
1630.5257 1002.7035 0.0000 1441.2925 200.8083 703.5901 248.9742 821.5754 0.0000 0.0000 0.0000 838.9010 0.0000 421.6344 0.0000 186.9949 0.0000 0.0000 0.0000 0.0000 0.0000 0.0000 0.0000 0.0000 0.0000 0.0000 0.0000 0.0000 0.0000 0.0000 0.0000 0.0000 0.0000 0.0000 0.0000 0.0000 0.0000 0.0000 0.0000 0.0000 0.0000 0.0000 0.0000 0.0000 0.0000 0.0000 0.0000 0.0000 0.0000 0.0000 0.0000 0.0000 0.0000 0.0000 0.0000 0.0000 0.0000 0.0000 0.0000 0.0000 0.0000
1650.6111 1326.2335 0.0000 1726.8646 216.9516 782.4398 344.9465 1102.7634 0.0000 0.0000 0.0000 1107.9555 0.0000 553.2388 0.0000 220.9952 0.0000 0.0000 0.0000 0.0000 0.0000 0.0000 0.0000 0.0000 0.0000 0.0000 0.0000 0.0000 0.0000 0.0000 0.0000 0.0000 0.0000 0.0000 0.0000 0.0000 0.0000 0.0000 0.0000 0.0000 0.0000 0.0000 0.0000 0.0000 0.0000 0.0000 0.0000 0.0000 0.0000 0.0000 0.0000 0.0000 0.0000 0.0000 0.0000 0.0000 0.0000 0.0000 0.0000 0.0000 0.0000
2388.6726 2119.2325 0.0000 2733.6433 474.2489 1344.2730 603.9384 2044.1909 0.0000 0.0000 0.0000 1876.7290 0.0000 718.0793 0.0000 325.9921 0.0000 0.0000 0.0000 0.0000 0.0000 0.0000 0.0000 0.0000 0.0000 0.0000 0.0000 0.0000 0.0000 0.0000 0.0000 0.0000 0.0000 0.0000 0.0000 0.0000 0.0000 0.0000 0.0000 0.0000 0.0000 0.0000 0.0000 0.0000 0.0000 0.0000 0.0000 0.0000 0.0000 0.0000 0.0000 0.0000 0.0000 0.0000 0.0000 0.0000 0.0000 0.0000 0.0000 0.0000 0.0000
Cluster phi posterior values
0.0749 0.2464 0.1725 0.2442 0.1884 0.4364 0.3090 0.1914 0.1290 0.5653
0.0494 0.1806 0.1133 0.3254 0.2060 0.3836 0.2794 0.1699 0.0721 0.5111
0.0609 0.2172 0.1422 0.1945 0.1812 0.3928 0.2457 0.1235 0.1065 0.4953
