3 #sols

4
10
0.0354767 0.441121 0.128552 0.202247 0.236364 0.0408472 0.214286 0.35 0.147368 0.015528 
0.0520607 0.460303 0.274311 0.128713 0.308511 0.0123457 0 0.27451 0.297917 0 
0 0.267934 0.15873 0.0721649 0.1875 0 0.113208 0.157895 0.140998 0.133234 
0 0.408326 0.0321229 0.292135 0.0185185 0.00538876 0 0.297297 0.0845666 0.0484581 

Sample_0 Sample_1 Sample_2 Sample_3 
5;6;7;33;34;74;91;92;93 39;40;41;42;43;44;45;46;47;48;49;50;51;52;53;54;55;56;57;58;59;60 9;13;14;18;20;21;22;23;24;25;27;30;31;32 0;2 16;19 3;4;35;36;37;38;61;62;63;64;65;66;67;68;69;70;71;72;73;75;94;95;96;97;98;99 76 1 8;10;11;12;15;17;26;28;29 77;78;79;80;81;82;83;84;85;86;87;88;89;90 

4
7
0 0.0915188 0.0816944 0.0709534 0.0310559 0.428571 0.257104 
0.11456 0.128613 0.0246914 0.104121 0 0 0.548621 
0 0.0537013 0 0 0.205027 0.0947529 0.251657 
0.0712201 0.573492 0.0107775 0 0.0969163 0 0.0642458 
7
7
1 0 0 0 0 0 0 
1 1 0 0 0 0 0 
1 1 1 0 0 0 0 
1 1 0 1 0 0 0 
1 0 0 0 1 0 0 
1 0 0 0 0 1 0 
1 0 0 0 0 0 1 

1 0.984376 1 0.996441 1 0.994999 1 
4
7
0.480449 0.122083 0.0408472 0.0354767 0.015528 0.214286 0.128552 
0.460303 0.128713 0.0123457 0.0520607 0 0 0.274311 
0.302569 0.0268507 0 0 0.102513 0.0473764 0.125829 
0.408326 0.292135 0.00538876 0 0.0484581 0 0.0321229 

Sample_0 Sample_1 Sample_2 Sample_3 
1 3 5 0 9 6 2 

4
7
0 0.186151 0.0709534 0.162472 0.0816944 0.0310559 0.428571 
0.11456 0.4445 0.104121 0.232734 0.0246914 0 0 
0 0.251657 0 0.0537013 0 0.205027 0.0947529 
0.0712201 0.0642458 0 0.573492 0.0107775 0.0969163 0 
7
7
1 0 0 0 0 0 0 
1 1 0 0 0 0 0 
1 1 1 0 0 0 0 
1 0 0 1 0 0 0 
1 0 0 1 1 0 0 
1 0 0 0 0 1 0 
1 0 0 0 0 0 1 

1 1 0.999986 0.984376 1 1 0.994999 
4
7
0.480449 0.128552 0.0354767 0.122083 0.0408472 0.015528 0.214286 
0.460303 0.274311 0.0520607 0.128713 0.0123457 0 0 
0.302569 0.125829 0 0.0268507 0 0.102513 0.0473764 
0.408326 0.0321229 0 0.292135 0.00538876 0.0484581 0 

Sample_0 Sample_1 Sample_2 Sample_3 
1 2 0 3 5 9 6 

4
7
0 0.17541 0.0816944 0.173213 0.0709534 0.0310559 0.428571 
0.11456 0.52393 0.0246914 0.153304 0.104121 0 0 
0 0.251657 0 0.0537013 0 0.205027 0.0947529 
0.0712201 0.0534683 0.0107775 0.58427 0 0.0969163 0 
7
7
1 0 0 0 0 0 0 
1 1 0 0 0 0 0 
1 1 1 0 0 0 0 
1 0 0 1 0 0 0 
1 0 0 1 1 0 0 
1 0 0 0 0 1 0 
1 0 0 0 0 0 1 

1 1 0.999998 0.984376 0.996441 1 0.994999 
4
7
0.480449 0.128552 0.0408472 0.122083 0.0354767 0.015528 0.214286 
0.460303 0.274311 0.0123457 0.128713 0.0520607 0 0 
0.302569 0.125829 0 0.0268507 0 0.102513 0.0473764 
0.408326 0.0321229 0.00538876 0.292135 0 0.0484581 0 

Sample_0 Sample_1 Sample_2 Sample_3 
1 2 5 3 0 9 6 

