gene_id	Sample_0	Sample_0	Sample_1	Sample_1	Sample_2	Sample_2	Sample_3	Sample_3
5;6;7;33;34;74;91;92;93	435	16	437	24	466	0	417	0
39;40;41;42;43;44;45;46;47;48;49;50;51;52;53;54;55;56;57;58;59;60	598	472	605	516	847	310	668	461
9;13;14;18;20;21;22;23;24;25;27;30;31;32	644	95	500	189	583	110	693	23
0;2	71	18	88	13	90	7	63	26
16;19	84	26	65	29	78	18	106	2
3;4;35;36;37;38;61;62;63;64;65;66;67;68;69;70;71;72;73;75;94;95;96;97;98;99	1268	54	1280	16	1358	0	1292	7
76	33	9	60	0	47	6	40	0
1	26	14	37	14	32	6	26	11
8;10;11;12;15;17;26;28;29	405	70	337	143	396	65	433	40
77;78;79;80;81;82;83;84;85;86;87;88;89;90	634	10	685	0	579	89	648	33
