MultiBinom clustering
Convergence threshold: 1.000000
Initial num clusters: 100
kmeans: True

Time taken: 11.258577
ARI: 0.661940
Cluster freq error: 0.008375
Num active clusters: 10
Cluster assignments
3
7
3
5
5
0
0
0
8
2
8
8
8
2
2
8
4
8
2
4
2
2
2
2
2
2
8
2
8
8
2
2
2
0
0
5
5
5
5
1
1
1
1
1
1
1
1
1
1
1
1
1
1
1
1
1
1
1
1
1
1
5
5
5
5
5
5
5
5
5
5
5
5
5
0
5
6
9
9
9
9
9
9
9
9
9
9
9
9
9
9
0
0
0
5
5
5
5
5
5
Alpha posterior values
21.9407 444.9453 87.2776 18.0280 0.0000 0.0000 0.0000 0.0000 0.5876 32.3883 0.0000 48.0506 0.0000 0.0000 0.0000 9.0000 0.0000 0.0000 0.0000 9.4029 0.0000 0.0000 70.7466 10.0086 31.6237 0.0000 0.0000 0.0000 0.0000 0.0000 0.0000 0.0000 0.0000 0.0000 0.0000 0.0000 0.0000 0.0000 0.0000 0.0000 0.0000 0.0000 0.0000 0.0000 0.0000 0.0000 0.0000 0.0000 0.0000 0.0000 0.0000 0.0000 0.0000 0.0000 0.0000 0.0000 0.0000 0.0000 0.0000 0.0000 0.0000 0.0000 0.0000 0.0000 0.0000 0.0000 0.0000 0.0000 0.0000 0.0000 0.0000 0.0000 0.0000 0.0000 0.0000 0.0000 0.0000 0.0000 0.0000 0.0000 0.0000 0.0000 0.0000 0.0000 0.0000 0.0000 0.0000 0.0000 0.0000 0.0000 0.0000 0.0000 0.0000 0.0000 0.0000 0.0000 0.0000 0.0000 0.0000 0.0000
20.0089 480.7800 173.7953 13.0289 0.0000 0.0000 0.0000 0.0000 1.2975 48.5401 0.0000 19.9911 0.0000 0.0000 0.0000 0.0000 0.0000 0.0000 0.0000 9.4006 0.0000 0.0000 137.3670 0.0000 39.7906 0.0000 0.0000 0.0000 0.0000 0.0000 0.0000 0.0000 0.0000 0.0000 0.0000 0.0000 0.0000 0.0000 0.0000 0.0000 0.0000 0.0000 0.0000 0.0000 0.0000 0.0000 0.0000 0.0000 0.0000 0.0000 0.0000 0.0000 0.0000 0.0000 0.0000 0.0000 0.0000 0.0000 0.0000 0.0000 0.0000 0.0000 0.0000 0.0000 0.0000 0.0000 0.0000 0.0000 0.0000 0.0000 0.0000 0.0000 0.0000 0.0000 0.0000 0.0000 0.0000 0.0000 0.0000 0.0000 0.0000 0.0000 0.0000 0.0000 0.0000 0.0000 0.0000 0.0000 0.0000 0.0000 0.0000 0.0000 0.0000 0.0000 0.0000 0.0000 0.0000 0.0000 0.0000 0.0000
0.0000 289.5190 97.4465 7.0125 0.0000 0.0000 0.0000 0.0000 0.4635 27.6716 0.0000 0.0000 0.0000 0.0000 0.0000 6.0000 0.0000 0.0000 0.0000 4.0312 0.0000 0.0000 67.4182 89.0000 22.4373 0.0000 0.0000 0.0000 0.0000 0.0000 0.0000 0.0000 0.0000 0.0000 0.0000 0.0000 0.0000 0.0000 0.0000 0.0000 0.0000 0.0000 0.0000 0.0000 0.0000 0.0000 0.0000 0.0000 0.0000 0.0000 0.0000 0.0000 0.0000 0.0000 0.0000 0.0000 0.0000 0.0000 0.0000 0.0000 0.0000 0.0000 0.0000 0.0000 0.0000 0.0000 0.0000 0.0000 0.0000 0.0000 0.0000 0.0000 0.0000 0.0000 0.0000 0.0000 0.0000 0.0000 0.0000 0.0000 0.0000 0.0000 0.0000 0.0000 0.0000 0.0000 0.0000 0.0000 0.0000 0.0000 0.0000 0.0000 0.0000 0.0000 0.0000 0.0000 0.0000 0.0000 0.0000 0.0000
0.0000 434.0596 27.4819 26.0208 0.0000 0.0000 0.0000 0.0000 0.2174 6.7109 0.0000 6.9920 0.0000 0.0000 0.0000 0.0000 0.0000 0.0000 0.0000 7.3910 0.0000 0.0000 30.5899 33.0080 30.5286 0.0000 0.0000 0.0000 0.0000 0.0000 0.0000 0.0000 0.0000 0.0000 0.0000 0.0000 0.0000 0.0000 0.0000 0.0000 0.0000 0.0000 0.0000 0.0000 0.0000 0.0000 0.0000 0.0000 0.0000 0.0000 0.0000 0.0000 0.0000 0.0000 0.0000 0.0000 0.0000 0.0000 0.0000 0.0000 0.0000 0.0000 0.0000 0.0000 0.0000 0.0000 0.0000 0.0000 0.0000 0.0000 0.0000 0.0000 0.0000 0.0000 0.0000 0.0000 0.0000 0.0000 0.0000 0.0000 0.0000 0.0000 0.0000 0.0000 0.0000 0.0000 0.0000 0.0000 0.0000 0.0000 0.0000 0.0000 0.0000 0.0000 0.0000 0.0000 0.0000 0.0000 0.0000 0.0000
Beta posterior values
609.9305 563.4011 567.4442 71.0483 0.0000 0.0000 0.0000 0.0000 4.0455 154.7930 0.0000 1076.0217 0.0000 0.0000 0.0000 33.0003 0.0000 0.0000 0.0000 17.4626 0.0000 0.0000 406.7165 634.4815 43.0890 16.5657 0.0000 0.0000 0.0000 0.0000 0.0000 0.0000 0.0000 0.0000 0.0000 0.0000 0.0000 0.0000 0.0000 0.0000 0.0000 0.0000 0.0001 0.0000 0.0000 0.0000 0.0000 0.0000 0.0000 0.0000 0.0000 0.0000 0.0000 0.0000 0.0000 0.0000 0.0000 0.0000 0.0000 0.0000 0.0000 0.0000 0.0000 0.0000 0.0000 0.0000 0.0000 0.0000 0.0000 0.0000 0.0000 0.0000 0.0000 0.0000 0.0000 0.0000 0.0000 0.0000 0.0000 0.0000 0.0000 0.0000 0.0000 0.0000 0.0000 0.0000 0.0000 0.0000 0.0000 0.0000 0.0000 0.0000 0.0000 0.0000 0.0000 0.0000 0.0000 0.0000 0.0000 0.0000
608.3918 580.8789 443.1841 88.0674 0.0000 0.0000 0.0000 0.0000 3.2599 126.5607 0.0000 1091.5830 0.0000 0.0000 0.0000 60.0003 0.0000 0.0000 0.0000 24.8492 0.0000 0.0000 328.9948 685.4692 36.2051 16.5555 0.0000 0.0000 0.0000 0.0000 0.0000 0.0000 0.0000 0.0000 0.0000 0.0000 0.0000 0.0000 0.0000 0.0000 0.0000 0.0000 0.0001 0.0000 0.0000 0.0000 0.0000 0.0000 0.0000 0.0000 0.0000 0.0000 0.0000 0.0000 0.0000 0.0000 0.0000 0.0000 0.0000 0.0000 0.0000 0.0000 0.0000 0.0000 0.0000 0.0000 0.0000 0.0000 0.0000 0.0000 0.0000 0.0000 0.0000 0.0000 0.0000 0.0000 0.0000 0.0000 0.0000 0.0000 0.0000 0.0000 0.0000 0.0000 0.0000 0.0000 0.0000 0.0000 0.0000 0.0000 0.0000 0.0000 0.0000 0.0000 0.0000 0.0000 0.0000 0.0000 0.0000 0.0000
664.1703 800.7554 522.5572 90.0582 0.0000 0.0000 0.0000 0.0000 3.9457 143.5962 0.0000 1143.1377 0.0000 0.0000 0.0000 47.0004 0.0000 0.0000 0.0000 21.4968 0.0000 0.0000 386.8996 579.4044 56.6909 16.2870 0.0000 0.0000 0.0000 0.0000 0.0000 0.0000 0.0000 0.0000 0.0000 0.0000 0.0000 0.0000 0.0000 0.0000 0.0000 0.0000 0.0001 0.0000 0.0000 0.0000 0.0000 0.0000 0.0000 0.0000 0.0000 0.0000 0.0000 0.0000 0.0000 0.0000 0.0000 0.0000 0.0000 0.0000 0.0000 0.0000 0.0000 0.0000 0.0000 0.0000 0.0000 0.0000 0.0000 0.0000 0.0000 0.0000 0.0000 0.0000 0.0000 0.0000 0.0000 0.0000 0.0000 0.0000 0.0000 0.0000 0.0000 0.0000 0.0000 0.0000 0.0000 0.0000 0.0000 0.0000 0.0000 0.0000 0.0000 0.0000 0.0000 0.0000 0.0000 0.0000 0.0000 0.0000
610.6652 632.3800 605.9669 63.0494 0.0000 0.0000 0.0000 0.0000 4.4051 175.8693 0.0000 1084.0739 0.0000 0.0000 0.0000 40.0004 0.0000 0.0000 0.0000 17.4611 0.0000 0.0000 445.7575 648.4015 44.1108 13.8589 0.0000 0.0000 0.0000 0.0000 0.0000 0.0000 0.0000 0.0000 0.0000 0.0000 0.0000 0.0000 0.0000 0.0000 0.0000 0.0000 0.0001 0.0000 0.0000 0.0000 0.0000 0.0000 0.0000 0.0000 0.0000 0.0000 0.0000 0.0000 0.0000 0.0000 0.0000 0.0000 0.0000 0.0000 0.0000 0.0000 0.0000 0.0000 0.0000 0.0000 0.0000 0.0000 0.0000 0.0000 0.0000 0.0000 0.0000 0.0000 0.0000 0.0000 0.0000 0.0000 0.0000 0.0000 0.0000 0.0000 0.0000 0.0000 0.0000 0.0000 0.0000 0.0000 0.0000 0.0000 0.0000 0.0000 0.0000 0.0000 0.0000 0.0000 0.0000 0.0000 0.0000 0.0000
Cluster phi posterior values
0.0334 0.4412 0.1323 0.1979 0.1703 0.0420 0.2073 0.3454 0.1468 0.0141
0.0305 0.4528 0.2810 0.1239 0.2752 0.0172 0.0000 0.2691 0.2938 0.0000
0.0000 0.2651 0.1561 0.0663 0.1585 0.0000 0.1058 0.1468 0.1470 0.1321
0.0000 0.4069 0.0420 0.2890 0.0328 0.0055 0.0000 0.2906 0.0626 0.0472
