MultiBinom clustering
Convergence threshold: 1.000000
Initial num clusters: 71
kmeans: True

Time taken: 81.774171
Num active clusters: 13
Cluster assignments
0
0
0
6
0
0
0
0
0
0
0
0
0
0
0
0
0
0
1
1
1
4
1
1
1
1
12
12
12
5
12
2
2
2
3
2
2
2
2
2
2
2
11
11
11
8
8
7
7
7
7
7
7
7
7
7
9
9
9
9
5
5
5
5
5
10
10
10
10
10
10
Alpha posterior values
5522.0000 0.0000 0.0000 3050.0000 0.0000 277.0000 0.0000 0.0000 0.0000 0.0000 0.0000 0.0000 242.0000 0.0000 0.0000 0.0000 0.0000 562.0000 0.0000 0.0000 0.0000 0.0000 0.0000 0.0000 0.0000 0.0000 0.0000 0.0000 0.0000 0.0000 0.0000 0.0000 0.0000 0.0000 0.0000 0.0000 0.0000 0.0000 0.0000 0.0000 0.0000 0.0000 0.0000 0.0000 0.0000 0.0000 0.0000 0.0000 0.0000 0.0000 0.0000 0.0000 0.0000 0.0000 0.0000 0.0000 0.0000 0.0000 0.0000 0.0000 0.0000 0.0000 0.0000 0.0000 0.0000 0.0000 0.0000 0.0000 0.0000 0.0000 0.0000
16367.0000 0.0000 0.0000 9115.0000 0.0000 847.0000 0.0000 0.0000 0.0000 0.0000 0.0000 0.0000 929.0000 0.0000 7671.0000 0.0000 0.0000 0.0000 0.0000 0.0000 0.0000 0.0000 0.0000 0.0000 0.0000 0.0000 0.0000 0.0000 0.0000 0.0000 0.0000 0.0000 0.0000 0.0000 0.0000 0.0000 0.0000 0.0000 0.0000 0.0000 0.0000 0.0000 0.0000 0.0000 0.0000 0.0000 0.0000 0.0000 0.0000 0.0000 0.0000 0.0000 0.0000 0.0000 0.0000 0.0000 0.0000 0.0000 0.0000 0.0000 0.0000 0.0000 0.0000 0.0000 0.0000 0.0000 0.0000 0.0000 0.0000 0.0000 0.0000
3869.0000 0.0000 0.0000 2219.0000 0.0000 254.0000 0.0000 0.0000 0.0000 0.0000 0.0000 0.0000 126.0000 0.0000 0.0000 0.0000 0.0000 0.0000 0.0000 0.0000 0.0000 0.0000 0.0000 650.0000 0.0000 0.0000 0.0000 0.0000 0.0000 0.0000 0.0000 0.0000 0.0000 0.0000 0.0000 0.0000 0.0000 0.0000 0.0000 0.0000 0.0000 0.0000 0.0000 0.0000 0.0000 0.0000 0.0000 0.0000 0.0000 0.0000 0.0000 0.0000 0.0000 0.0000 0.0000 0.0000 0.0000 0.0000 0.0000 0.0000 0.0000 0.0000 0.0000 0.0000 0.0000 0.0000 0.0000 0.0000 0.0000 0.0000 0.0000
16231.0000 0.0000 3475.0000 4239.0000 0.0000 379.0000 0.0000 1075.0000 29.0000 0.0000 0.0000 0.0000 792.0000 0.0000 0.0000 0.0000 0.0000 0.0000 1646.0000 0.0000 0.0000 0.0000 0.0000 1176.0000 0.0000 0.0000 0.0000 0.0000 0.0000 1906.0000 0.0000 0.0000 0.0000 0.0000 0.0000 0.0000 0.0000 0.0000 0.0000 0.0000 0.0000 0.0000 0.0000 0.0000 0.0000 0.0000 0.0000 0.0000 0.0000 0.0000 0.0000 0.0000 0.0000 0.0000 0.0000 0.0000 0.0000 0.0000 0.0000 0.0000 0.0000 0.0000 0.0000 0.0000 0.0000 0.0000 0.0000 0.0000 0.0000 0.0000 0.0000
16506.0000 0.0000 2449.0000 5618.0000 0.0000 2373.0000 0.0000 653.0000 2636.0000 0.0000 0.0000 0.0000 897.0000 0.0000 0.0000 0.0000 0.0000 0.0000 0.0000 0.0000 0.0000 0.0000 0.0000 0.0000 0.0000 0.0000 0.0000 0.0000 0.0000 1173.0000 0.0000 0.0000 0.0000 0.0000 0.0000 0.0000 0.0000 0.0000 0.0000 0.0000 0.0000 0.0000 0.0000 0.0000 0.0000 0.0000 0.0000 0.0000 0.0000 0.0000 0.0000 0.0000 0.0000 0.0000 0.0000 0.0000 0.0000 0.0000 0.0000 0.0000 0.0000 0.0000 0.0000 0.0000 0.0000 0.0000 0.0000 0.0000 0.0000 0.0000 0.0000
13903.0000 0.0000 5681.0000 0.0000 0.0000 0.0000 0.0000 1642.0000 272.0000 0.0000 0.0000 0.0000 696.0000 0.0000 0.0000 0.0000 0.0000 0.0000 0.0000 0.0000 0.0000 0.0000 0.0000 0.0000 0.0000 0.0000 0.0000 0.0000 0.0000 2475.0000 0.0000 0.0000 0.0000 0.0000 0.0000 0.0000 0.0000 0.0000 0.0000 0.0000 0.0000 0.0000 0.0000 0.0000 0.0000 0.0000 0.0000 0.0000 0.0000 0.0000 0.0000 0.0000 0.0000 0.0000 0.0000 0.0000 0.0000 0.0000 0.0000 0.0000 0.0000 0.0000 0.0000 0.0000 0.0000 0.0000 0.0000 0.0000 0.0000 0.0000 0.0000
11123.0000 0.0000 4399.0000 0.0000 0.0000 0.0000 0.0000 1265.0000 115.0000 0.0000 0.0000 0.0000 522.0000 0.0000 0.0000 0.0000 0.0000 0.0000 0.0000 0.0000 0.0000 0.0000 0.0000 0.0000 0.0000 0.0000 0.0000 0.0000 0.0000 2151.0000 0.0000 0.0000 0.0000 0.0000 0.0000 0.0000 0.0000 0.0000 0.0000 0.0000 0.0000 0.0000 0.0000 0.0000 0.0000 0.0000 0.0000 0.0000 0.0000 0.0000 0.0000 0.0000 0.0000 0.0000 0.0000 0.0000 0.0000 0.0000 0.0000 0.0000 0.0000 0.0000 0.0000 0.0000 0.0000 0.0000 0.0000 0.0000 0.0000 0.0000 0.0000
12052.0000 0.0000 4313.0000 0.0000 0.0000 0.0000 0.0000 424.0000 0.0000 0.0000 0.0000 0.0000 582.0000 0.0000 0.0000 0.0000 0.0000 0.0000 0.0000 0.0000 0.0000 0.0000 2355.0000 0.0000 0.0000 0.0000 0.0000 0.0000 0.0000 0.0000 0.0000 0.0000 0.0000 0.0000 0.0000 0.0000 0.0000 0.0000 0.0000 0.0000 0.0000 0.0000 0.0000 0.0000 0.0000 0.0000 0.0000 0.0000 0.0000 0.0000 0.0000 0.0000 0.0000 0.0000 0.0000 0.0000 0.0000 0.0000 0.0000 0.0000 0.0000 0.0000 0.0000 0.0000 0.0000 0.0000 0.0000 0.0000 0.0000 0.0000 0.0000
Beta posterior values
55765.0000 0.0000 24267.0000 30118.0000 0.0000 2734.0000 0.0000 2361.0000 18173.0000 0.0000 0.0000 0.0000 3506.0000 0.0000 32151.0000 0.0000 0.0000 6103.0000 13751.0000 0.0000 0.0000 0.0000 20378.0000 8831.0000 0.0000 0.0000 0.0000 0.0000 0.0000 12345.0000 0.0000 0.0000 0.0000 0.0000 0.0000 0.0000 0.0000 0.0000 0.0000 0.0000 0.0000 0.0000 0.0000 0.0000 0.0000 0.0000 0.0000 0.0000 0.0000 0.0000 0.0000 0.0000 0.0000 0.0000 0.0000 0.0000 0.0000 0.0000 0.0000 0.0000 0.0000 0.0000 0.0000 0.0000 0.0000 0.0000 0.0000 0.0000 0.0000 0.0000 0.0000
40666.0000 0.0000 22484.0000 21928.0000 0.0000 1841.0000 0.0000 2310.0000 18519.0000 0.0000 0.0000 0.0000 3746.0000 0.0000 22529.0000 0.0000 0.0000 5784.0000 13394.0000 0.0000 0.0000 0.0000 19529.0000 6773.0000 0.0000 0.0000 0.0000 0.0000 0.0000 11158.0000 0.0000 0.0000 0.0000 0.0000 0.0000 0.0000 0.0000 0.0000 0.0000 0.0000 0.0000 0.0000 0.0000 0.0000 0.0000 0.0000 0.0000 0.0000 0.0000 0.0000 0.0000 0.0000 0.0000 0.0000 0.0000 0.0000 0.0000 0.0000 0.0000 0.0000 0.0000 0.0000 0.0000 0.0000 0.0000 0.0000 0.0000 0.0000 0.0000 0.0000 0.0000
43849.0000 0.0000 18793.0000 24946.0000 0.0000 2320.0000 0.0000 1579.0000 15296.0000 0.0000 0.0000 0.0000 2768.0000 0.0000 26105.0000 0.0000 0.0000 5191.0000 10699.0000 0.0000 0.0000 0.0000 15751.0000 6470.0000 0.0000 0.0000 0.0000 0.0000 0.0000 9858.0000 0.0000 0.0000 0.0000 0.0000 0.0000 0.0000 0.0000 0.0000 0.0000 0.0000 0.0000 0.0000 0.0000 0.0000 0.0000 0.0000 0.0000 0.0000 0.0000 0.0000 0.0000 0.0000 0.0000 0.0000 0.0000 0.0000 0.0000 0.0000 0.0000 0.0000 0.0000 0.0000 0.0000 0.0000 0.0000 0.0000 0.0000 0.0000 0.0000 0.0000 0.0000
32847.0000 0.0000 15344.0000 24948.0000 0.0000 2368.0000 0.0000 1749.0000 15883.0000 0.0000 0.0000 0.0000 3157.0000 0.0000 28709.0000 0.0000 0.0000 5900.0000 9225.0000 0.0000 0.0000 0.0000 17117.0000 5585.0000 0.0000 0.0000 0.0000 0.0000 0.0000 8831.0000 0.0000 0.0000 0.0000 0.0000 0.0000 0.0000 0.0000 0.0000 0.0000 0.0000 0.0000 0.0000 0.0000 0.0000 0.0000 0.0000 0.0000 0.0000 0.0000 0.0000 0.0000 0.0000 0.0000 0.0000 0.0000 0.0000 0.0000 0.0000 0.0000 0.0000 0.0000 0.0000 0.0000 0.0000 0.0000 0.0000 0.0000 0.0000 0.0000 0.0000 0.0000
36798.0000 0.0000 17718.0000 24910.0000 0.0000 596.0000 0.0000 1929.0000 15188.0000 0.0000 0.0000 0.0000 3446.0000 0.0000 30241.0000 0.0000 0.0000 6288.0000 11668.0000 0.0000 0.0000 0.0000 18166.0000 7190.0000 0.0000 0.0000 0.0000 0.0000 0.0000 10816.0000 0.0000 0.0000 0.0000 0.0000 0.0000 0.0000 0.0000 0.0000 0.0000 0.0000 0.0000 0.0000 0.0000 0.0000 0.0000 0.0000 0.0000 0.0000 0.0000 0.0000 0.0000 0.0000 0.0000 0.0000 0.0000 0.0000 0.0000 0.0000 0.0000 0.0000 0.0000 0.0000 0.0000 0.0000 0.0000 0.0000 0.0000 0.0000 0.0000 0.0000 0.0000
35737.0000 0.0000 13988.0000 29950.0000 0.0000 2473.0000 0.0000 1365.0000 16111.0000 0.0000 0.0000 0.0000 2858.0000 0.0000 29167.0000 0.0000 0.0000 5824.0000 10032.0000 0.0000 0.0000 0.0000 17121.0000 6963.0000 0.0000 0.0000 0.0000 0.0000 0.0000 8173.0000 0.0000 0.0000 0.0000 0.0000 0.0000 0.0000 0.0000 0.0000 0.0000 0.0000 0.0000 0.0000 0.0000 0.0000 0.0000 0.0000 0.0000 0.0000 0.0000 0.0000 0.0000 0.0000 0.0000 0.0000 0.0000 0.0000 0.0000 0.0000 0.0000 0.0000 0.0000 0.0000 0.0000 0.0000 0.0000 0.0000 0.0000 0.0000 0.0000 0.0000 0.0000
59473.0000 0.0000 22928.0000 39893.0000 0.0000 3676.0000 0.0000 2269.0000 21426.0000 0.0000 0.0000 0.0000 4294.0000 0.0000 40057.0000 0.0000 0.0000 7992.0000 15290.0000 0.0000 0.0000 0.0000 24552.0000 8806.0000 0.0000 0.0000 0.0000 0.0000 0.0000 12529.0000 0.0000 0.0000 0.0000 0.0000 0.0000 0.0000 0.0000 0.0000 0.0000 0.0000 0.0000 0.0000 0.0000 0.0000 0.0000 0.0000 0.0000 0.0000 0.0000 0.0000 0.0000 0.0000 0.0000 0.0000 0.0000 0.0000 0.0000 0.0000 0.0000 0.0000 0.0000 0.0000 0.0000 0.0000 0.0000 0.0000 0.0000 0.0000 0.0000 0.0000 0.0000
38179.0000 0.0000 15977.0000 27193.0000 0.0000 2791.0000 0.0000 1387.0000 15153.0000 0.0000 0.0000 0.0000 3089.0000 0.0000 26854.0000 0.0000 0.0000 5976.0000 11156.0000 0.0000 0.0000 0.0000 15172.0000 7557.0000 0.0000 0.0000 0.0000 0.0000 0.0000 10809.0000 0.0000 0.0000 0.0000 0.0000 0.0000 0.0000 0.0000 0.0000 0.0000 0.0000 0.0000 0.0000 0.0000 0.0000 0.0000 0.0000 0.0000 0.0000 0.0000 0.0000 0.0000 0.0000 0.0000 0.0000 0.0000 0.0000 0.0000 0.0000 0.0000 0.0000 0.0000 0.0000 0.0000 0.0000 0.0000 0.0000 0.0000 0.0000 0.0000 0.0000 0.0000
Cluster phi posterior values
0.0901 0.0000 0.0919 0.0919 0.0000 0.0000 0.0645 0.0000 0.0842 0.0000 0.0000 0.0000 0.0000
0.2870 0.0000 0.2936 0.3150 0.0000 0.0000 0.1987 0.2540 0.0000 0.0000 0.0000 0.0000 0.0000
0.0811 0.0000 0.0817 0.0985 0.0000 0.0000 0.0434 0.0000 0.0000 0.0000 0.0000 0.0912 0.0000
0.3307 0.1846 0.1452 0.1378 0.3806 0.0018 0.2005 0.0000 0.0000 0.1514 0.0000 0.1739 0.1775
0.3097 0.1214 0.1840 0.7994 0.2528 0.1479 0.2065 0.0000 0.0000 0.0000 0.0000 0.0000 0.0978
0.2801 0.2888 0.0000 0.0000 0.5461 0.0166 0.1958 0.0000 0.0000 0.0000 0.0000 0.0000 0.2324
0.1575 0.1610 0.0000 0.0000 0.3579 0.0053 0.1083 0.0000 0.0000 0.0000 0.0000 0.0000 0.1465
0.2399 0.2125 0.0000 0.0000 0.2340 0.0000 0.1584 0.0000 0.0000 0.0000 0.1343 0.0000 0.0000
