gene_id	Sample_0	Sample_0	Sample_1	Sample_1	Sample_2	Sample_2	Sample_3	Sample_3
71;72;73;74;75	466	0	515	9	490	0	423	107
46;58	177	17	194	0	208	0	234	0
0;1;2;20;21;22;23;24;25;26;27;28;29;30;31;32;33;34;35;36;37;38;39;40;41;42	2518	16	2522	0	2074	506	2546	0
3;4;5;6;7;8;9;10;11;12;13;14;15;61	961	402	1337	38	1355	0	1377	0
87;90;96;98;99	416	95	440	66	484	0	362	119
17;18;76;77;79;81;84	373	347	626	108	465	189	535	135
43;44;45;47;48;49;50;51;52;53;54;55;56;57;59;60;62;63;64	1585	282	1864	0	1922	0	1845	11
88;89;91;92;93;94;95;97	666	104	718	115	758	0	657	159
16;19;65;66;67;68;69;70	424	397	605	171	467	332	577	212
78;80;82;83;85;86	269	311	505	83	476	113	486	127
