1 #sols

4
6
0.495669 0.134933 0 0.166311 0.292208 0.00310559 
0.176015 0.130971 0.0255319 0 0.0277008 0 
0.345972 0 0 0 0 0.196787 
0.263207 0.22 0.184426 0.00622407 0 0 

Sample_0 Sample_1 Sample_2 Sample_3 
16;17;18;19;65;66;67;68;69;70;76;77;78;79;80;81;82;83;84;85;86 87;88;89;90;91;92;93;94;95;96;97;98;99 71;72;73;74;75 43;44;45;46;47;48;49;50;52;53;55;56;57;58;59;60;61;62;63;64 3;4;5;6;7;8;9;10;11;12;13;14;15;51;54 0;1;2;20;21;22;23;24;25;26;27;28;29;30;31;32;33;34;35;36;37;38;39;40;41;42 

4
5
0.0680885 0.00621118 0.584416 0.332623 0 
0.245565 0 0.0554017 0 0.0510638 
0.298369 0.393574 0 0 0 
0.145113 0 0 0.0124481 0.368852 
5
5
1 0 0 0 0 
1 1 0 0 0 
1 0 1 0 0 
1 0 0 1 0 
1 0 0 0 1 

1 1 1 1 0.995266 
4
5
0.495669 0.00310559 0.292208 0.166311 0 
0.176015 0 0.0277008 0 0.0255319 
0.345972 0.196787 0 0 0 
0.263207 0 0 0.00622407 0.184426 

Sample_0 Sample_1 Sample_2 Sample_3 
0 5 4 3 2 

