1 #sols

4
8
0.478191 0.266733 0.26508 0.181414 0.151436 0.138851 0.0172777 0.0092723 
0.392421 0 0 0.249068 0.246664 0.190998 0.0227045 0.151503 
0.46275 0.298457 0.266469 0.174664 0.18797 0 0.0831854 0.00543125 
0.183875 0.185577 0 0 0 0 0 0 

Sample_0 Sample_1 Sample_2 Sample_3 
57;58;59;60;61;62;63;64;65;66;67;68;69;70;71;72;73;74;75;76;77;78;79;80;81;82;83;84;85;86;87 55;56 88;89;90 13;14;16;17;19;21 11;12;15;18;20 22;23;24;25;26;27;28;29;30;31;32;33;34;35;36;37;38;39;40;41;42;43;44;45;46;47;48 91;92;93;94;95;96;97;98;99 0;1;2;3;4;5;6;7;8;9;10;49;50;51;52;53;54 

4
5
0.0954181 0.0185446 0.0345553 0.277703 0.530161 
0.0544305 0.303006 0.045409 0.381997 0 
0.215328 0.0108625 0.166371 0 0.532938 
0.367749 0 0 0 0 
5
5
1 0 0 0 0 
1 1 0 0 0 
1 0 1 0 0 
1 0 0 1 0 
1 0 0 0 1 

1 1 1 1 1 
4
5
0.478191 0.0092723 0.0172777 0.138851 0.26508 
0.392421 0.151503 0.0227045 0.190998 0 
0.46275 0.00543125 0.0831854 0 0.266469 
0.183875 0 0 0 0 

Sample_0 Sample_1 Sample_2 Sample_3 
0 7 6 5 2 

