gene_id	Sample_0	Sample_0	Sample_1	Sample_1	Sample_2	Sample_2	Sample_3	Sample_3	Sample_4	Sample_4
38;39;40;41;42;43;44	350	9	337	0	380	1	316	0	352	0
24;25;27;30;37;81;83	337	21	333	0	361	0	334	0	231	114
89;90;91;92;93;94;95;96;97;98;99	387	163	588	0	433	143	569	0	540	15
20;21;22;23;88	263	0	176	84	201	52	250	0	239	0
45;46;47;48;49;50;51;52;53;54;55;56;57;58;59;60;61;62;63;64;65;66;67;68;69;70;71;72;73;74	947	572	1463	33	1137	310	1508	4	868	618
26;28;29;31;32;33;34;35;36;75;76;77;78;79;80;82;84;85;86;87	891	111	1050	0	1012	0	1000	7	584	407
7;8;9;10;11;12;13	298	34	371	0	328	4	246	122	346	7
0;1;2;3;5;6;14;15;19	219	228	325	182	231	238	239	166	198	218
4;16;17;18	117	89	151	52	88	93	119	74	105	81
