1 #sols

5
9
0.0250696 0.0586592 0.296364 0 0.376564 0.110778 0.10241 0.510067 0.432039 
0 0 0 0.323077 0.0220588 0 0 0.358974 0.256158 
0.00262467 0 0.248264 0.205534 0.214236 0 0.0120482 0.507463 0.513812 
0 0 0 0 0.0026455 0.00695134 0.331522 0.409877 0.38342 
0 0.330435 0.027027 0 0.415882 0.410696 0.01983 0.524038 0.435484 

Sample_0 Sample_1 Sample_2 Sample_3 Sample_4 
38;39;40;41;42;43;44 24;25;27;30;37;81;83 89;90;91;92;93;94;95;96;97;98;99 20;21;22;23;88 45;46;47;48;49;50;51;52;53;54;55;56;57;58;59;60;61;62;63;64;65;66;67;68;69;70;71;72;73;74 26;28;29;31;32;33;34;35;36;75;76;77;78;79;80;82;84;85;86;87 7;8;9;10;11;12;13 0;1;2;3;5;6;14;15;19 4;16;17;18 

5
6
0.0349957 0.204819 0 0.592727 0.117318 0.0501393 
0.0717949 0 0.646154 0 0 0 
0.0630593 0.0240964 0.411067 0.496528 0 0.00524934 
0.15671 0.663043 0 0 0 0 
0.245416 0.0396601 0 0.0540541 0.66087 0 
6
6
1 0 0 0 0 0 
1 1 0 0 0 0 
1 0 1 0 0 0 
1 0 0 1 0 0 
1 0 0 0 1 0 
1 0 0 0 0 1 

1 0.98773 0.836192 1 1 1 
5
6
0.5 0.10241 0 0.296364 0.0586592 0.0250696 
0.358974 0 0.323077 0 0 0 
0.5 0.0120482 0.205534 0.248264 0 0.00262467 
0.409877 0.331522 0 0 0 0 
0.5 0.01983 0 0.027027 0.330435 0 

Sample_0 Sample_1 Sample_2 Sample_3 Sample_4 
7 6 3 2 1 0 

