1 #sols

5
13
0.102564 0.0652174 0 0 0 0.0663812 0 0.172764 0.282609 0 0.0836431 0 0 
0 0.0363636 0 0 0 0.0936578 0.0745342 0.22409 0.152174 0 0.159091 0.0353982 0 
0 0 0.0384615 0.0352113 0.151899 0 0 0.318306 0.391304 0.0252525 0.223636 0 0.0784314 
0.125 0.0416667 0.117021 0 0.0681818 0 0 0.358528 0.301887 0.0805687 0.0541045 0.0961538 0 
0 0 0.212766 0.137615 0 0 0.264 0.472598 0.428571 0.0837438 0.215649 0 0.358491 

Sample_0 Sample_1 Sample_2 Sample_3 Sample_4 
55 56 51;54 0;1;2;3;4;5;6;7;9;10;97 91;92;93;94;95 22;23;24;25;26;27;28;29;30;31;32;33;34;35;36;37;38;39;40;41;42;43;44;45;46;47;48;89 96;98;99 57;58;59;60;61;62;63;64;65;66;67;68;69;70;71;73;74;75;76;77;78;79;80;81;82;83;84;85;86;87 72 49;50;52;53 11;12;13;14;15;16;17;18;19;20;21 88;90 8 

5
10
0 0 0 0 0 0 0.101964 0 0.0384362 0.205128 
0 0 0 0.0707965 0 0.149068 0.187316 0 0.0727273 0 
0.125447 0.0864402 0.0704225 0 0.0505051 0 0 0.303797 0 0 
0 0 0 0.192308 0.161137 0 0 0.136364 0.0833333 0.143915 
0 0.144652 0.275229 0 0.167488 0.412631 0 0 0 0 
10
10
1 0 0 0 0 0 0 0 0 0 
1 1 0 0 0 0 0 0 0 0 
1 1 1 0 0 0 0 0 0 0 
1 0 0 1 0 0 0 0 0 0 
1 0 0 0 1 0 0 0 0 0 
1 0 0 0 0 1 0 0 0 0 
1 0 0 0 0 0 1 0 0 0 
1 0 0 0 0 0 0 1 0 0 
1 0 0 0 0 0 0 0 1 0 
1 0 0 0 0 0 0 0 0 1 

1 0.947637 0.916955 1 1 0.999998 1 1 0.971051 0.842355 
5
10
0.172764 0 0 0 0 0 0.050982 0 0.0192181 0.102564 
0.239954 0 0 0.0353982 0 0.0745342 0.0936578 0 0.0363636 0 
0.318306 0.0784314 0.0352113 0 0.0252525 0 0 0.151899 0 0 
0.358528 0 0 0.0961538 0.0805687 0 0 0.0681818 0.0416667 0.0719574 
0.5 0.20994 0.137615 0 0.0837438 0.206316 0 0 0 0 

Sample_0 Sample_1 Sample_2 Sample_3 Sample_4 
7 12 3 11 9 6 5 4 1 0 

