gene_id	Sample_0	Sample_0	Sample_1	Sample_1	Sample_2	Sample_2	Sample_3	Sample_3	Sample_4	Sample_4
55	35	4	47	0	58	0	49	7	45	0
56	43	3	53	2	46	0	46	2	54	0
51;54	99	0	109	0	100	4	83	11	74	20
0;1;2;3;4;5;6;7;9;10;97	529	0	591	0	548	20	583	0	470	75
91;92;93;94;95	253	0	256	0	201	36	246	18	264	0
22;23;24;25;26;27;28;29;30;31;32;33;34;35;36;37;38;39;40;41;42;43;44;45;46;47;48;89	1308	93	1229	127	1405	0	1377	0	1421	0
96;98;99	170	0	149	12	149	0	139	0	92	33
57;58;59;60;61;62;63;64;65;66;67;68;69;70;71;73;74;75;76;77;78;79;80;81;82;83;84;85;86;87	1221	255	1108	320	998	466	959	536	818	733
72	33	13	39	7	28	18	37	16	28	21
49;50;52;53	207	0	210	0	193	5	194	17	186	17
11;12;13;14;15;16;17;18;19;20;21	493	45	444	84	427	123	507	29	411	113
88;90	99	0	109	4	80	0	94	10	79	0
8	47	0	45	0	47	4	28	0	34	19
