MultiBinom clustering
Convergence threshold: 1.000000
Initial num clusters: 100
kmeans: True

Time taken: 15.767557
ARI: 0.863304
Cluster freq error: 0.004722
Num active clusters: 13
Cluster assignments
3
3
3
3
3
3
3
3
12
3
3
10
10
10
10
10
10
10
10
10
10
10
5
5
5
5
5
5
5
5
5
5
5
5
5
5
5
5
5
5
5
5
5
5
5
5
5
5
5
9
9
2
9
9
2
0
1
7
7
7
7
7
7
7
7
7
7
7
7
7
7
7
8
7
7
7
7
7
7
7
7
7
7
7
7
7
7
7
11
5
11
4
4
4
4
4
6
3
6
6
Alpha posterior values
0.0000 3.2239 0.0000 0.0000 0.0000 0.0000 0.0000 0.0000 0.0000 0.0000 0.0000 92.8526 0.0000 0.0000 0.0000 0.0000 180.6801 87.3199 0.0000 0.0000 0.0000 44.9999 0.0000 0.0000 0.0000 0.0000 0.0000 0.0000 0.0000 0.0000 0.0000 0.0000 3.9235 0.0000 0.0000 0.0000 0.0000 0.0000 0.0000 0.0000 0.0000 0.0000 0.0000 0.0000 0.0000 0.0000 0.0000 0.0000 0.0000 0.0000 0.0000 0.0000 0.0000 0.0000 0.0000 0.0000 0.0000 0.0000 0.0000 0.0000 0.0000 0.0000 0.0000 0.0000 0.0000 0.0000 0.0000 0.0000 0.0000 0.0000 0.0000 0.0000 0.0000 0.0000 0.0000 0.0000 0.0000 0.0000 0.0000 0.0000 0.0000 0.0000 0.0000 0.0000 0.0000 0.0000 0.0000 0.0000 0.0000 0.0000 0.0000 0.0000 0.0000 0.0000 0.0000 0.0000 0.0000 0.0000 0.0000 0.0000
0.0000 2.2194 0.0000 0.0000 0.0000 0.0000 0.0000 0.0000 0.0000 0.0000 0.0000 126.7263 0.0000 0.0000 12.0000 0.0000 222.4773 104.5227 0.0000 0.0000 0.0000 84.0000 0.0000 4.0543 0.0000 0.0000 0.0000 0.0000 0.0000 0.0000 0.0000 0.0000 0.0000 0.0000 0.0000 0.0000 0.0000 0.0000 0.0000 0.0000 0.0000 0.0000 0.0000 0.0000 0.0000 0.0000 0.0000 0.0000 0.0000 0.0000 0.0000 0.0000 0.0000 0.0000 0.0000 0.0000 0.0000 0.0000 0.0000 0.0000 0.0000 0.0000 0.0000 0.0000 0.0000 0.0000 0.0000 0.0000 0.0000 0.0000 0.0000 0.0000 0.0000 0.0000 0.0000 0.0000 0.0000 0.0000 0.0000 0.0000 0.0000 0.0000 0.0000 0.0000 0.0000 0.0000 0.0000 0.0000 0.0000 0.0000 0.0000 0.0000 0.0000 0.0000 0.0000 0.0000 0.0000 0.0000 0.0000 0.0000
0.0000 0.0000 0.0000 4.9522 0.0000 0.0000 20.1263 0.0000 35.9996 0.0000 0.0000 0.0000 0.0000 0.0000 0.0000 0.0000 324.1330 159.8670 0.0000 4.1429 0.0000 123.0000 0.0000 0.0000 0.0000 0.0000 0.0000 0.0000 0.0000 0.0000 0.0000 3.7790 0.0000 0.0000 0.0000 0.0000 0.0000 0.0000 0.0000 0.0000 0.0000 0.0000 0.0000 0.0000 0.0000 0.0000 0.0000 0.0000 0.0000 0.0000 0.0000 0.0000 0.0000 0.0000 0.0000 0.0000 0.0000 0.0000 0.0000 0.0000 0.0000 0.0000 0.0000 0.0000 0.0000 0.0000 0.0000 0.0000 0.0000 0.0000 0.0000 0.0000 0.0000 0.0000 0.0000 0.0000 0.0000 0.0000 0.0000 0.0000 0.0000 0.0000 0.0000 0.0000 0.0000 0.0000 0.0000 0.0000 0.0000 0.0000 0.0000 0.0000 0.0000 0.0000 0.0000 0.0000 0.0000 0.0000 0.0000 0.0000
0.0000 2.1893 0.0000 13.0435 0.0000 0.0000 0.0000 0.0000 17.9997 0.0000 0.0000 0.0000 0.0000 0.0000 0.0000 0.0000 376.9637 175.0364 0.0000 14.9568 0.0000 29.0000 0.0000 9.9445 0.0000 0.0000 0.0000 0.0000 0.0000 0.0000 0.0000 0.0000 6.8662 0.0000 0.0000 0.0000 0.0000 0.0000 0.0000 0.0000 0.0000 0.0000 0.0000 0.0000 0.0000 0.0000 0.0000 0.0000 0.0000 0.0000 0.0000 0.0000 0.0000 0.0000 0.0000 0.0000 0.0000 0.0000 0.0000 0.0000 0.0000 0.0000 0.0000 0.0000 0.0000 0.0000 0.0000 0.0000 0.0000 0.0000 0.0000 0.0000 0.0000 0.0000 0.0000 0.0000 0.0000 0.0000 0.0000 0.0000 0.0000 0.0000 0.0000 0.0000 0.0000 0.0000 0.0000 0.0000 0.0000 0.0000 0.0000 0.0000 0.0000 0.0000 0.0000 0.0000 0.0000 0.0000 0.0000 0.0000
0.0000 0.0000 0.0000 22.0011 0.0000 0.0000 75.3120 0.0000 0.0000 0.0000 0.0000 0.0000 0.0000 0.0000 33.2909 0.0000 516.7467 237.2534 0.0000 15.4453 0.0000 112.9999 0.0000 0.0000 0.0000 0.0000 0.0000 0.0000 0.0000 0.0000 0.0000 17.9507 0.0000 0.0000 0.0000 0.0000 0.0000 0.0000 0.0000 0.0000 0.0000 0.0000 0.0000 0.0000 0.0000 0.0000 0.0000 0.0000 0.0000 0.0000 0.0000 0.0000 0.0000 0.0000 0.0000 0.0000 0.0000 0.0000 0.0000 0.0000 0.0000 0.0000 0.0000 0.0000 0.0000 0.0000 0.0000 0.0000 0.0000 0.0000 0.0000 0.0000 0.0000 0.0000 0.0000 0.0000 0.0000 0.0000 0.0000 0.0000 0.0000 0.0000 0.0000 0.0000 0.0000 0.0000 0.0000 0.0000 0.0000 0.0000 0.0000 0.0000 0.0000 0.0000 0.0000 0.0000 0.0000 0.0000 0.0000 0.0000
Beta posterior values
0.0000 47.4011 0.0000 118.0163 0.0000 0.0000 528.1218 0.0000 252.9968 0.0000 0.0000 1303.2413 0.0000 0.0000 171.4628 0.0000 855.1386 398.8617 0.0000 189.9734 0.0000 492.9997 0.0000 100.0263 0.0000 0.0000 0.0000 0.0000 0.0000 0.0000 0.0000 44.4292 34.3310 0.0000 0.0000 0.0000 0.0000 0.0000 0.0000 0.0000 0.0000 0.0000 0.0000 0.0000 0.0000 0.0000 0.0000 0.0000 0.0000 0.0000 0.0000 0.0000 0.0000 0.0000 0.0000 0.0000 0.0000 0.0000 0.0000 0.0000 0.0000 0.0000 0.0000 0.0000 0.0000 0.0000 0.0000 0.0000 0.0000 0.0000 0.0000 0.0000 0.0000 0.0000 0.0000 0.0000 0.0000 0.0000 0.0000 0.0000 0.0000 0.0000 0.0000 0.0000 0.0000 0.0000 0.0000 0.0000 0.0000 0.0000 0.0000 0.0000 0.0000 0.0000 0.0000 0.0000 0.0000 0.0000 0.0000 0.0000
0.0000 57.6246 0.0000 131.7043 0.0000 0.0000 589.7273 0.0000 255.9969 0.0000 0.0000 1224.7143 0.0000 0.0000 150.6812 0.0000 771.5015 375.4987 0.0000 189.3255 0.0000 443.9998 0.0000 109.5592 0.0000 0.0000 0.0000 0.0000 0.0000 0.0000 0.0000 42.5652 46.1016 0.0000 0.0000 0.0000 0.0000 0.0000 0.0000 0.0000 0.0000 0.0000 0.0000 0.0000 0.0000 0.0000 0.0000 0.0000 0.0000 0.0000 0.0000 0.0000 0.0000 0.0000 0.0000 0.0000 0.0000 0.0000 0.0000 0.0000 0.0000 0.0000 0.0000 0.0000 0.0000 0.0000 0.0000 0.0000 0.0000 0.0000 0.0000 0.0000 0.0000 0.0000 0.0000 0.0000 0.0000 0.0000 0.0000 0.0000 0.0000 0.0000 0.0000 0.0000 0.0000 0.0000 0.0000 0.0000 0.0000 0.0000 0.0000 0.0000 0.0000 0.0000 0.0000 0.0000 0.0000 0.0000 0.0000 0.0000
0.0000 51.0943 0.0000 120.7682 0.0000 0.0000 546.6647 0.0000 200.9971 0.0000 0.0000 1400.1733 0.0000 0.0000 150.9668 0.0000 697.5954 328.4049 0.0000 174.1678 0.0000 426.9997 0.0000 80.8409 0.0000 0.0000 0.0000 0.0000 0.0000 0.0000 0.0000 44.4355 56.8913 0.0000 0.0000 0.0000 0.0000 0.0000 0.0000 0.0000 0.0000 0.0000 0.0000 0.0000 0.0000 0.0000 0.0000 0.0000 0.0000 0.0000 0.0000 0.0000 0.0000 0.0000 0.0000 0.0000 0.0000 0.0000 0.0000 0.0000 0.0000 0.0000 0.0000 0.0000 0.0000 0.0000 0.0000 0.0000 0.0000 0.0000 0.0000 0.0000 0.0000 0.0000 0.0000 0.0000 0.0000 0.0000 0.0000 0.0000 0.0000 0.0000 0.0000 0.0000 0.0000 0.0000 0.0000 0.0000 0.0000 0.0000 0.0000 0.0000 0.0000 0.0000 0.0000 0.0000 0.0000 0.0000 0.0000 0.0000
0.0000 50.8918 0.0000 100.7098 0.0000 0.0000 581.0211 0.0000 245.9968 0.0000 0.0000 1372.4623 0.0000 0.0000 140.7172 0.0000 669.7644 326.2360 0.0000 178.0613 0.0000 506.9996 0.0000 94.5823 0.0000 0.0000 0.0000 0.0000 0.0000 0.0000 0.0000 26.4941 48.0634 0.0000 0.0000 0.0000 0.0000 0.0000 0.0000 0.0000 0.0000 0.0000 0.0000 0.0000 0.0000 0.0000 0.0000 0.0000 0.0000 0.0000 0.0000 0.0000 0.0000 0.0000 0.0000 0.0000 0.0000 0.0000 0.0000 0.0000 0.0000 0.0000 0.0000 0.0000 0.0000 0.0000 0.0000 0.0000 0.0000 0.0000 0.0000 0.0000 0.0000 0.0000 0.0000 0.0000 0.0000 0.0000 0.0000 0.0000 0.0000 0.0000 0.0000 0.0000 0.0000 0.0000 0.0000 0.0000 0.0000 0.0000 0.0000 0.0000 0.0000 0.0000 0.0000 0.0000 0.0000 0.0000 0.0000 0.0000
0.0000 58.9161 0.0000 92.4394 0.0000 0.0000 468.8986 0.0000 263.9967 0.0000 0.0000 1416.0601 0.0000 0.0000 93.2835 0.0000 562.7094 283.2908 0.0000 169.2379 0.0000 410.9998 0.0000 79.8837 0.0000 0.0000 0.0000 0.0000 0.0000 0.0000 0.0000 32.1441 44.1398 0.0000 0.0000 0.0000 0.0000 0.0000 0.0000 0.0000 0.0000 0.0000 0.0000 0.0000 0.0000 0.0000 0.0000 0.0000 0.0000 0.0000 0.0000 0.0000 0.0000 0.0000 0.0000 0.0000 0.0000 0.0000 0.0000 0.0000 0.0000 0.0000 0.0000 0.0000 0.0000 0.0000 0.0000 0.0000 0.0000 0.0000 0.0000 0.0000 0.0000 0.0000 0.0000 0.0000 0.0000 0.0000 0.0000 0.0000 0.0000 0.0000 0.0000 0.0000 0.0000 0.0000 0.0000 0.0000 0.0000 0.0000 0.0000 0.0000 0.0000 0.0000 0.0000 0.0000 0.0000 0.0000 0.0000 0.0000
Cluster phi posterior values
0.0920 0.0545 0.0000 0.0000 0.0000 0.0659 0.0000 0.1738 0.1784 0.0000 0.0822 0.0000 0.0000
0.0000 0.0288 0.0000 0.0000 0.0000 0.0932 0.0698 0.2233 0.2167 0.0000 0.1579 0.0302 0.0000
0.0000 0.0000 0.0342 0.0340 0.1494 0.0000 0.0000 0.3169 0.3268 0.0190 0.2227 0.0000 0.0697
0.1181 0.0320 0.1098 0.0000 0.0654 0.0000 0.0000 0.3599 0.3486 0.0740 0.0526 0.0899 0.0000
0.0000 0.0000 0.1884 0.1372 0.0000 0.0000 0.2602 0.4787 0.4556 0.0801 0.2147 0.0000 0.3555
