gene_id	Sample_0	Sample_0	Sample_1	Sample_1	Sample_2	Sample_2	Sample_3	Sample_3	Sample_4	Sample_4	Sample_5	Sample_5
52;53;54;55;56;57;58;59;60;61;62;63;64;65;66;67;68;69;70;71;72;73;74;75;76;77	2600	0	2607	0	1787	814	2286	313	2622	0	2663	0
25;27;28;29;31;32;34;36;37;38;39;40;41;42;45;46	1361	188	1588	0	1437	188	1524	0	1633	0	1576	0
90;91;92	296	0	274	16	213	82	195	67	292	0	316	0
0;1;2;3;4;5	576	17	582	0	575	0	588	0	577	0	618	0
86	96	0	87	0	97	0	88	14	96	0	87	22
8;9;10;11;12;13;14;15;16;17;18;20;21;22;23;24;78;79;80;81;82;83;84;85;93;94;95;96;97;98	2564	407	2866	190	2624	358	2928	0	2945	99	3077	0
87;88;89	306	0	289	11	195	115	219	61	290	0	304	0
26;30;33;35;43;44;47	621	51	742	0	637	50	671	0	688	0	663	0
6;7;48;49;50;51	504	95	479	150	381	206	406	217	632	9	433	166
19;99	156	9	200	13	150	24	206	0	184	5	213	1
