1 #sols

4
10
0 0.00184843 0.472291 0.0743879 0 0.1875 0.00928074 0.27907 0.470588 0 
0.0625 0.172881 0.416175 0 0.25 0.311258 0.162047 0.0847458 0.559633 0.000912409 
0 0.309645 0.492524 0.208571 0 0.474453 0.334129 0 0.40625 0 
0 0 0.340372 0 0 0.101911 0.113839 0 0.231579 0.0997204 

Sample_0 Sample_1 Sample_2 Sample_3 
39 9;86;87;88;89;90;91;92;93;94;95 60;61;62;63;64;65;66;67;68;69;70;71;72;73;74;75;76;77;78;80;81;82;83;84 32;33;34;35;43;44;45;46;47;48;49;50;51;52;53;54;55;56;57;58;59 36;37;38;40;41;42 97;98;99 0;1;2;3;4;5;6;7;8 96 79;85 10;11;12;13;14;15;16;17;18;19;20;21;22;23;24;25;26;27;28;29;30;31 

4
7
0.23397 0 0.55814 0 0.148776 0.00369686 0 
0 0.000188764 0.0527777 0.382838 0 0.272029 0.125 
0 0 0 0 0.417143 0.567906 0 
0.481302 0.199441 0 0 0 0 0 
7
7
1 0 0 0 0 0 0 
1 1 0 0 0 0 0 
1 0 1 0 0 0 0 
1 0 0 1 0 0 0 
1 0 0 0 1 0 0 
1 0 0 0 0 1 0 
1 0 0 0 0 0 1 

1 1 0.993787 1 1 1 1 
4
7
0.472291 0 0.27907 0 0.0743879 0.00184843 0 
0.416417 9.43818e-05 0.0263889 0.191419 0 0.136015 0.0625 
0.492524 0 0 0 0.208571 0.283953 0 
0.340372 0.0997204 0 0 0 0 0 

Sample_0 Sample_1 Sample_2 Sample_3 
2 9 7 4 3 1 0 

