1 #sols

4
11
0.058 0 0 0.453608 0.251765 0.238532 0.197652 0.294347 0.320658 0 0.203681 
0 0.0122474 0.306502 0.426966 0.07125 0.0377358 0.0804829 0.0220941 0.0936721 0.0676329 0 
0 0.144652 0 0.556962 0.330769 0 0.357422 0 0.338718 0.0955056 0.144854 
0.43744 0 0 0.451613 0.46912 0 0.366279 0.422771 0.41736 0 0 

Sample_0 Sample_1 Sample_2 Sample_3 
54;55;56;57;58;59;60;61;62;63 53;67;68;69;70;71;72;73;74;75;76;77;78;79;80;81;82;83;84;85;86;87;88;89;90;91;92;93;95;96;97;99 64;65;66 51 0;10;14;20;22;26;28;31 52 2;11;17;24;30 32;33;34;35;36;37;38;39;40;41;42 1;3;4;5;6;7;8;9;12;13;15;16;18;19;21;23;25;27;29 94;98 43;44;45;46;47;48;49;50 

4
7
0 0.364456 0 0.338972 0 0.296572 0 
0 0.136471 0.0244948 0 0.135266 0.0754717 0.613003 
0 0.320085 0.289304 0.288339 0.102271 0 0 
0.170668 0.732558 0 0 0 0 0 
7
7
1 0 0 0 0 0 0 
1 1 0 0 0 0 0 
1 1 1 0 0 0 0 
1 0 0 1 0 0 0 
1 0 0 0 1 0 0 
1 0 0 0 0 1 0 
1 0 0 0 0 0 1 

1 0.941229 1 1 1 0.999415 0.983238 
4
7
0.5 0.182228 0 0.169486 0 0.148286 0 
0.492353 0.0804829 0.0122474 0 0.0676329 0.0377358 0.306502 
0.5 0.304695 0.144652 0.14417 0.0511357 0 0 
0.451613 0.366279 0 0 0 0 0 

Sample_0 Sample_1 Sample_2 Sample_3 
3 6 1 10 9 5 2 

