1 #sols

4
6
0.497407 0.11391 0.294938 0.00631413 0.157377 0.110075 
0.172545 0.101986 0.0276364 0 0 0 
0.31048 0 0 0.196124 0 0 
0.228764 0.210728 0 0 0.00700191 0 

Sample_0 Sample_1 Sample_2 Sample_3 
16;17;18;19;65;66;67;68;69;70;76;77;78;79;80;81;82;83;84;85;86 71;72;73;74;75;87;88;89;90;91;92;93;94;95;96;97;98;99 3;4;5;6;7;8;9;10;11;12;13;14;15;61 0;1;2;20;21;22;23;24;25;26;27;28;29;30;31;32;33;34;35;36;37;38;39;40;41;42 43;44;45;47;48;49;50;51;53;55;57;59;60;62;63;64 46;52;54;56;58 

4
5
0.219463 0.220149 0.314754 0.0126283 0.227819 
0.141118 0 0 0 0.203972 
0.228712 0 0 0.392248 0 
0.0220692 0 0.0140038 0 0.421456 
5
5
1 0 0 0 0 
1 1 0 0 0 
1 0 1 0 0 
1 0 0 1 0 
1 0 0 0 1 

1 1 1 1 0.912199 
4
5
0.497407 0.110075 0.157377 0.00631413 0.11391 
0.172545 0 0 0 0.101986 
0.31048 0 0 0.196124 0 
0.228764 0 0.00700191 0 0.210728 

Sample_0 Sample_1 Sample_2 Sample_3 
0 5 4 3 1 

