1 #sols

6
9
0.240678 0.470199 0.504762 0 0 0.0792079 0.150838 0.0394737 0.489954 
0 0.450431 0.369565 0.114404 0 0.117216 0 0.133758 0.426848 
0.1571 0.381974 0.53211 0.0349794 0.135965 0.292605 0 0.227273 0.441413 
0 0.10515 0.219048 0.0333778 0 0.0227273 0.13198 0.0326797 0.193572 
0.0689655 0.334694 0.205607 0.00921986 0 0.208054 0.0276243 0.100559 0.276959 
0.0756579 0.451923 0.352459 0.0669993 0.0675477 0.0810811 0.322222 0.0299401 0.473323 

Sample_0 Sample_1 Sample_2 Sample_3 Sample_4 Sample_5 
68;69;70;71;72;73 4;8;11;12;17;19;23;25;91;96 7;92 30;31;32;33;34;35;36;37;38;39;40;41;42;43;44;45;46;47;48;49;50;51;52;53;54;55;56;57;58 77;78;79;80;81;82;83;84;85;86;87;88;89;90 59;60;61;62;66;67 0;74;75;76 63;64;65 1;2;3;5;6;9;10;13;14;15;16;18;20;21;22;24;26;27;28;29;93;94;95;97;98;99 

6
6
0.117928 0.0789474 0.301676 0 0 0.481356 
0.357372 0.267516 0 0 0.228808 0 
0 0.454545 0 0.210526 0.0674765 0.223149 
0 0.0653595 0.263959 0 0.0667557 0 
0.141181 0.201117 0.0552486 0 0.0184397 0.137931 
0 0.0184882 0.592032 0.135095 0.103068 0.151316 
6
6
1 0 0 0 0 0 
1 1 0 0 0 0 
1 0 1 0 0 0 
1 0 0 1 0 0 
1 0 0 0 1 0 
1 0 0 0 0 1 

1 1 0.981201 1 1 1 
6
6
0.489954 0.0394737 0.150838 0 0 0.240678 
0.426848 0.133758 0 0 0.114404 0 
0.477848 0.227273 0 0.105263 0.0337383 0.111574 
0.198037 0.0326797 0.13198 0 0.0333778 0 
0.276959 0.100559 0.0276243 0 0.00921986 0.0689655 
0.5 0.00924409 0.296016 0.0675477 0.0515342 0.0756579 

Sample_0 Sample_1 Sample_2 Sample_3 Sample_4 Sample_5 
8 7 6 4 3 0 

