1 #sols

5
8
0.478107 0.221712 0.119221 0.0397661 0 0.249042 0 0.0410729 
0.263771 0.226585 0.113402 0 0.0298651 0 0 0.0255319 
0.29989 0.179154 0 0 0.0889328 0 0.0544023 0 
0.479858 0.109772 0.00515464 0 0 0.125975 0.250181 0.111916 
0.365909 0.357528 0.0778302 0.224942 0.0639594 0 0 0 

Sample_0 Sample_1 Sample_2 Sample_3 Sample_4 
5;6;7;8;9;10;11;12;13 26;27;28;29;30;31;32;33;34;35;86;87;88;89;90;91;92;93;94;95;96;97;98;99 0;1;2;3 54;55;56;57;58;59;60;61;62 4;63;64;65;66;67;68;69;70;71 36;37;38;39;40;41;42;43;44;45;46;47;48;49;50;51;52;53 72;73;74;75;76;77;78;79;80;81;82;83;84;85 14;15;16;17;18;19;20;21;22;23;24;25 

5
7
0.0580079 0.0821459 0 0.498084 0 0.0795322 0.238443 
0.189944 0.0510638 0 0 0.0597303 0 0.226804 
0.313109 0 0.108805 0 0.177866 0 0 
0 0.223833 0.500362 0.251951 0 0 0.0103093 
0 0 0 0 0.127919 0.449883 0.15566 
7
7
1 0 0 0 0 0 0 
1 1 0 0 0 0 0 
1 0 1 0 0 0 0 
1 0 0 1 0 0 0 
1 0 0 0 1 0 0 
1 0 0 0 0 1 0 
1 0 0 0 0 0 1 

1 1 1 1 1 1 1 
5
7
0.478107 0.0410729 0 0.249042 0 0.0397661 0.119221 
0.263771 0.0255319 0 0 0.0298651 0 0.113402 
0.29989 0 0.0544023 0 0.0889328 0 0 
0.493227 0.111916 0.250181 0.125975 0 0 0.00515464 
0.366731 0 0 0 0.0639594 0.224942 0.0778302 

Sample_0 Sample_1 Sample_2 Sample_3 Sample_4 
0 7 6 5 4 3 2 

