gene_id	Sample_0	Sample_0	Sample_1	Sample_1	Sample_2	Sample_2	Sample_3	Sample_3	Sample_4	Sample_4	Sample_5	Sample_5
91;92;93;94	2123	1873	2563	1411	2329	1732	3308	668	2888	1166	2178	1903
74;75;76	2578	557	3035	0	2953	0	2672	397	2830	135	1960	1005
77;78;79;80;81;82;83;84;85;86;87;88;89;90	13770	0	14112	0	11709	2154	14092	0	14233	0	13040	820
68;69;70;71;72;73	4747	1275	6029	0	5099	940	5977	0	5816	328	5587	406
59;60;61;62;63;64;65;66;67	8328	572	7901	1032	6677	2479	8579	329	7488	1623	8505	538
0	1020	0	1000	0	987	0	895	138	922	54	712	260
1;2;3;4;5;6;7;8;9;10;11;12;13;14;15;16;17;18;19;20;21;22;23;24;25;26;27;28;29	15460	13595	15902	13090	16748	12273	24336	4875	20979	8215	15679	13380
95;96;97;98;99	2685	2336	2787	2122	2878	2082	3664	1343	3573	1386	2689	2343
30;31;32;33;34;35;36;37;38;39;40;41;42;43;44;45;46;47;48;49;50;51;52;53;54;55;56;57;58	29076	0	25694	3358	28055	841	27934	935	28641	269	27221	1617
