1 #sols

4
8
0.0652174 0.0348513 0 0 0.04 0.444737 0 0.0204082 
0.177778 0 0.0952381 0.0168539 0.361272 0.404199 0.0466667 0.254237 
0 0 0.206304 0.0373832 0.0397644 0.258917 0 0 
0 0.023309 0 0.279373 0.416168 0.428377 0.0945946 0.283019 

Sample_0 Sample_1 Sample_2 Sample_3 
61;62 2;3;4;5;6;7;8;9;10;11;12;13;14;15;16;17;18;19;20;21;22;23;24;25;26;27;28;29;30;31;32;33;34;35;36;37;38;39;40;41;42;43;44;45 78;79;80;81;82;83;99 0;1;94;95;96;97;98 46;47;48;49;50;51;53;54;55;56;57;58;59;60 63;64;65;66;67;68;69;70;71;72;73;74;75;76;77 84;85;86;87;88;89;90;91;92;93 52 

4
7
0.64852 0.0408163 0 0 0 0.0697026 0.130435 
0 0.415141 0.0933333 0.0114776 0.121353 0 0.259838 
0.0304597 0 0 0.0747664 0.412607 0 0 
0 0.113163 0.189189 0.558747 0 0.0323717 0 
7
7
1 0 0 0 0 0 0 
1 1 0 0 0 0 0 
1 1 1 0 0 0 0 
1 0 0 1 0 0 0 
1 0 0 0 1 0 0 
1 0 0 0 0 1 0 
1 0 0 0 0 0 1 

1 0.980526 0.926499 1 0.970859 1 0.999993 
4
7
0.444737 0.0204082 0 0 0 0.0348513 0.0652174 
0.450572 0.254237 0.0466667 0.00573878 0.0606767 0 0.129919 
0.258917 0 0 0.0373832 0.206304 0 0 
0.446735 0.151176 0.0945946 0.279373 0 0.0161859 0 

Sample_0 Sample_1 Sample_2 Sample_3 
5 7 6 3 2 1 0 

