gene_id	Sample_0	Sample_0	Sample_1	Sample_1	Sample_2	Sample_2	Sample_3	Sample_3	Sample_4	Sample_4
0;1;2;3;4;5;6;7;8;9;10	1031	0	1076	0	1086	29	1093	0	903	180
11;12;14;15;16;17;18;19;20;21	904	72	833	165	840	240	935	73	778	233
55	92	11	91	4	93	0	93	7	109	0
91;92;93;94;95	502	0	472	0	420	75	448	39	505	0
49;50;51;52;53;54	592	0	637	0	588	20	548	81	473	96
58;64;65;66;74;77;81	616	102	538	120	492	235	458	254	301	365
22;23;24;25;26;27;28;29;30;31;32;33;34;35;36;37;38;39;40;41;42;43;44;45;46;47;48	2478	208	2396	299	2709	0	2736	0	2840	0
57;59;60;61;62;63;67;68;69;70;71;72;73;75;76;78;79;80;82;83;84;85;86;87	1920	444	1872	565	1611	794	1598	839	1231	1146
96;98	203	0	182	5	211	0	201	0	156	57
13	111	5	77	12	62	20	80	16	64	26
56;88;89;90	379	5	389	8	421	0	397	22	393	0
97;99	201	0	180	20	235	0	179	0	151	41
