1 #sols

5
12
0 0.0737705 0.106796 0 0 0.142061 0.0774386 0.187817 0 0.0431034 0.0130208 0 
0 0.165331 0.0421053 0 0 0.182371 0.110946 0.231842 0.026738 0.134831 0.0201511 0.1 
0.026009 0.222222 0 0.151515 0.0328947 0.323246 0 0.330146 0 0.243902 0 0 
0 0.0724206 0.07 0.0800821 0.128776 0.356742 0 0.344276 0 0.166667 0.052506 0 
0.166205 0.230465 0 0 0.168717 0.548048 0 0.48212 0.267606 0.288889 0 0.213542 

Sample_0 Sample_1 Sample_2 Sample_3 Sample_4 
0;1;2;3;4;5;6;7;8;9;10 11;12;14;15;16;17;18;19;20;21 55 91;92;93;94;95 49;50;51;52;53;54 58;64;65;66;74;77;81 22;23;24;25;26;27;28;29;30;31;32;33;34;35;36;37;38;39;40;41;42;43;44;45;46;47;48 57;59;60;61;62;63;67;68;69;70;71;72;73;75;76;78;79;80;82;83;84;85;86;87 96;98 13 56;88;89;90 97;99 

5
9
0 0.0601652 0 0.0260417 0 0 0.154877 0 0.13455 
0 0 0.2 0.0403023 0 0 0.221892 0 0.0467651 
0.106697 0.132757 0 0 0.30303 0.0520179 0 0.0657895 0 
0 0.0681571 0 0.105012 0.160164 0 0 0.257552 0.14 
0.00170803 0 0.292689 0 0 0.33241 0 0.337434 0 
9
9
1 0 0 0 0 0 0 0 0 
1 1 0 0 0 0 0 0 0 
1 1 1 0 0 0 0 0 0 
1 1 0 1 0 0 0 0 0 
1 1 0 0 1 0 0 0 0 
1 1 0 0 0 1 0 0 0 
1 0 0 0 0 0 1 0 0 
1 0 0 0 0 0 0 1 0 
1 0 0 0 0 0 0 0 1 

1 0.946541 0.821425 0.976712 0.981054 0.997747 1 1 0.981423 
5
9
0.187817 0.0431034 0 0.0130208 0 0 0.0774386 0 0.0672752 
0.25448 0.120151 0.1 0.0201511 0 0 0.110946 0 0.0233826 
0.330146 0.243902 0 0 0.151515 0.026009 0 0.0328947 0 
0.365443 0.166667 0 0.052506 0.0800821 0 0 0.128776 0.07 
0.48212 0.312549 0.146344 0 0 0.166205 0 0.168717 0 

Sample_0 Sample_1 Sample_2 Sample_3 Sample_4 
7 9 11 10 3 0 6 4 2 

