MultiBinom clustering
Convergence threshold: 1.000000
Initial num clusters: 396
kmeans: True

Time taken: 3848.103917
Num active clusters: 44
Cluster assignments
9
11
11
11
3
11
33
26
11
11
18
11
11
9
1
11
11
11
11
12
1
34
2
18
20
40
11
24
11
9
9
20
2
15
2
9
9
21
6
24
36
11
11
2
9
27
4
34
11
11
15
0
14
16
11
4
16
9
3
21
13
15
12
12
11
11
2
11
2
9
11
3
17
11
11
11
16
11
11
19
11
12
6
9
11
11
15
7
0
11
9
10
11
19
18
2
15
11
11
12
9
6
11
0
11
11
11
12
11
4
25
2
21
9
12
11
11
2
5
31
11
15
11
25
11
8
2
2
3
11
9
11
3
11
11
20
20
15
42
4
12
11
6
2
11
9
11
12
11
11
9
35
2
11
0
0
2
1
11
7
32
8
11
14
9
9
7
0
12
9
4
14
12
0
3
15
11
27
0
11
9
21
24
11
13
4
12
13
11
21
1
11
34
11
4
0
11
11
24
12
2
2
15
12
28
16
2
2
23
11
14
2
16
11
37
11
9
11
11
11
11
9
4
9
11
11
11
0
11
11
11
11
11
11
11
9
9
11
11
20
0
11
21
0
0
11
9
4
11
2
11
12
2
9
18
12
20
11
11
15
11
11
11
9
16
15
39
11
4
15
0
11
15
2
15
11
15
13
11
11
11
21
11
28
17
11
19
2
11
8
15
11
6
22
9
4
5
11
11
11
11
12
12
2
11
11
11
3
9
11
21
11
11
11
12
16
18
11
11
11
6
9
15
9
11
9
16
41
1
2
11
12
15
11
9
0
3
0
4
11
11
2
26
43
1
11
2
11
1
12
0
11
2
17
11
11
15
11
10
11
9
11
30
4
20
2
12
20
1
11
4
11
29
2
12
3
20
18
8
11
11
9
1
11
2
4
9
11
11
15
20
38
31
4
11
14
Alpha posterior values
0.0000 0.0000 502.2311 0.0000 1798.9425 428.2141 0.0000 0.0000 1286.4353 0.0000 0.0000 501.4609 0.0000 244.4993 686.9215 0.0000 1041.1803 87.1627 0.0000 0.0000 678.2287 0.0000 458.2235 0.0000 0.0000 0.0000 0.0000 116.3602 212.1151 997.6556 0.0000 484.5601 294.9637 0.0000 464.0125 131.7184 461.6217 0.0000 0.0000 0.0000 522.9896 0.0000 0.0000 0.0000 16.7970 57.0015 36.7981 278.4628 0.0000 0.0000 70.0841 102.5190 0.0000 0.0000 0.0000 103.0347 0.0000 0.0000 89.2554 30.4418 0.0000 0.0000 137.7982 0.0000 0.0000 0.0000 0.0000 0.0000 0.0000 40.0589 0.0000 72.5023 0.0000 426.6538 0.0000 31.4024 0.0000 92.4551 0.0000 0.0000 0.0000 48.3099 0.0000 103.0050 0.0000 0.0000 0.0000 0.0000 0.0000 46.9668 0.0000 0.0000 0.0000 0.0000 0.0000 0.0000 28.9612 0.0000 0.0000 0.0000 4.9791 0.0000 0.0000 65.0001 0.0000 0.0000 0.0000 0.0000 4.0002 0.0000 0.0000 0.0000 0.0000 0.0000 0.0000 0.0000 0.0000 0.0000 0.0000 0.0000 0.0000 0.0000 0.0157 0.0000 0.0000 0.0000 0.0000 0.0000 0.0000 0.0000 0.0000 0.0000 0.0000 0.0000 0.0000 0.0000 0.0000 0.0000 0.0000 0.0000 0.0000 0.0000 0.0000 0.0000 0.0000 0.0000 0.0000 0.0000 0.0000 0.0000 0.0000 0.0000 0.0000 0.0000 0.0000 0.0000 0.0000 0.0000 0.0000 0.0000 0.0000 0.0000 0.0000 0.0000 0.0000 0.0000 0.0000 0.0000 0.0000 0.0000 0.0000 0.0000 0.0000 0.0000 0.0000 0.0000 0.0000 0.0000 0.0000 0.0000 0.0000 0.0000 0.0000 0.0000 0.0000 0.0000 0.0000 0.0000 0.0000 0.0000 0.0000 0.0000 0.0000 0.0000 0.0000 0.0000 0.0000 0.0000 0.0000 0.0000 0.0000 0.0000 0.0000 0.0000 0.0000 0.0000 0.0000 0.0000 0.0000 0.0000 0.0000 0.0000 0.0000 0.0000 0.0000 0.0000 0.0000 0.0000 0.0000 0.0000 0.0000 0.0000 0.0000 0.0000 0.0000 0.0000 0.0000 0.0000 0.0000 0.0000 0.0000 0.0000 0.0000 0.0000 0.0000 0.0000 0.0000 0.0000 0.0000 0.0000 0.0000 0.0000 0.0000 0.0000 0.0000 0.0000 0.0000 0.0000 0.0000 0.0000 0.0000 0.0000 0.0000 0.0000 0.0000 0.0000 0.0000 0.0000 0.0000 0.0000 0.0000 0.0000 0.0000 0.0000 0.0000 0.0000 0.0000 0.0000 0.0000 0.0000 0.0000 0.0000 0.0000 0.0000 0.0000 0.0000 0.0000 0.0000 0.0000 0.0000 0.0000 0.0000 0.0000 0.0000 0.0000 0.0000 0.0000 0.0000 0.0000 0.0000 0.0000 0.0000 0.0000 0.0000 0.0000 0.0000 0.0000 0.0000 0.0000 0.0000 0.0000 0.0000 0.0000 0.0000 0.0000 0.0000 0.0000 0.0000 0.0000 0.0000 0.0000 0.0000 0.0000 0.0000 0.0000 0.0000 0.0000 0.0000 0.0000 0.0000 0.0000 0.0000 0.0000 0.0000 0.0000 0.0000 0.0000 0.0000 0.0000 0.0000 0.0000 0.0000 0.0000 0.0000 0.0000 0.0000 0.0000 0.0000 0.0000 0.0000 0.0000 0.0000 0.0000 0.0000 0.0000 0.0000 0.0000 0.0000 0.0000 0.0000 0.0000 0.0000 0.0000 0.0000 0.0000 0.0000 0.0000 0.0000 0.0000 0.0000 0.0000 0.0000 0.0000 0.0000 0.0000 0.0000 0.0000 0.0000 0.0000 0.0000 0.0000 0.0000 0.0000 0.0000 0.0000 0.0000 0.0000 0.0000 0.0000 0.0000 0.0000 0.0000 0.0000 0.0000 0.0000 0.0000 0.0000 0.0000 0.0000 0.0000 0.0000 0.0000 0.0000 0.0000 0.0000 0.0000
0.0000 39.5131 179.8960 0.0000 742.4088 173.9310 0.0000 0.0000 541.7047 0.0000 11.3585 158.1535 0.0000 119.5110 253.9494 0.0000 341.1485 19.8448 0.0000 0.0000 324.6850 0.0000 160.5399 0.0000 0.0000 0.0000 0.0000 65.6177 83.4488 376.7564 0.0000 180.4852 105.9812 0.0000 254.9086 26.6466 253.7257 0.0000 0.0000 0.0000 270.1029 0.0000 0.0000 0.0000 15.5657 15.0469 54.3968 117.2473 0.0000 0.0000 47.7112 32.5556 0.0000 0.0000 0.0000 44.3460 0.0000 0.0000 30.3667 4.4912 0.0000 0.0000 56.7201 0.0000 0.0000 0.0000 0.0000 0.0000 0.0000 15.9475 0.0000 37.5958 0.0000 208.8225 0.0000 17.8794 0.0000 24.8436 0.0000 0.0000 0.0000 24.2527 0.0000 26.0032 0.0000 0.0000 0.0000 0.0000 0.0000 18.9743 0.0000 0.0000 0.0000 0.0000 0.0000 0.0000 38.9157 0.0000 0.0000 0.0000 0.0000 0.0000 0.0000 21.0000 0.0000 0.0000 0.0000 0.0000 6.0002 0.0000 0.0000 0.0000 0.0000 0.0000 0.0000 0.0000 0.0000 0.0000 0.0000 0.0000 0.0000 0.0000 0.0000 0.0000 0.0000 0.0000 0.0000 0.0000 0.0000 0.0000 0.0000 0.0000 0.0000 0.0000 0.0000 0.0000 0.0000 0.0000 0.0000 0.0000 0.0000 0.0000 0.0000 0.0000 0.0000 0.0000 0.0000 0.0000 0.0000 0.0000 0.0000 0.0000 0.0000 0.0000 0.0000 0.0000 0.0000 0.0000 0.0000 0.0000 0.0000 0.0000 0.0000 0.0000 0.0000 0.0000 0.0000 0.0000 0.0000 0.0000 0.0000 0.0000 0.0000 0.0000 0.0000 0.0000 0.0000 0.0000 0.0000 0.0000 0.0000 0.0000 0.0000 0.0000 0.0000 0.0000 0.0000 0.0000 0.0000 0.0000 0.0000 0.0000 0.0000 0.0000 0.0000 0.0000 0.0000 0.0000 0.0000 0.0000 0.0000 0.0000 0.0000 0.0000 0.0000 0.0000 0.0000 0.0000 0.0000 0.0000 0.0000 0.0000 0.0000 0.0000 0.0000 0.0000 0.0000 0.0000 0.0000 0.0000 0.0000 0.0000 0.0000 0.0000 0.0000 0.0000 0.0000 0.0000 0.0000 0.0000 0.0000 0.0000 0.0000 0.0000 0.0000 0.0000 0.0000 0.0000 0.0000 0.0000 0.0000 0.0000 0.0000 0.0000 0.0000 0.0000 0.0000 0.0000 0.0000 0.0000 0.0000 0.0000 0.0000 0.0000 0.0000 0.0000 0.0000 0.0000 0.0000 0.0000 0.0000 0.0000 0.0000 0.0000 0.0000 0.0000 0.0000 0.0000 0.0000 0.0000 0.0000 0.0000 0.0000 0.0000 0.0000 0.0000 0.0000 0.0000 0.0000 0.0000 0.0000 0.0000 0.0000 0.0000 0.0000 0.0000 0.0000 0.0000 0.0000 0.0000 0.0000 0.0000 0.0000 0.0000 0.0000 0.0000 0.0000 0.0000 0.0000 0.0000 0.0000 0.0000 0.0000 0.0000 0.0000 0.0000 0.0000 0.0000 0.0000 0.0000 0.0000 0.0000 0.0000 0.0000 0.0000 0.0000 0.0000 0.0000 0.0000 0.0000 0.0000 0.0000 0.0000 0.0000 0.0000 0.0000 0.0000 0.0000 0.0000 0.0000 0.0000 0.0000 0.0000 0.0000 0.0000 0.0000 0.0000 0.0000 0.0000 0.0000 0.0000 0.0000 0.0000 0.0000 0.0000 0.0000 0.0000 0.0000 0.0000 0.0000 0.0000 0.0000 0.0000 0.0000 0.0000 0.0000 0.0000 0.0000 0.0000 0.0000 0.0000 0.0000 0.0000 0.0000 0.0000 0.0000 0.0000 0.0000 0.0000 0.0000 0.0000 0.0000 0.0000 0.0000 0.0000 0.0000 0.0000 0.0000 0.0000 0.0000 0.0000 0.0000 0.0000 0.0000 0.0000 0.0000 0.0000 0.0000 0.0000 0.0000 0.0000 0.0000 0.0000 0.0000 0.0000 0.0000
0.0000 286.7729 403.2375 0.0000 1835.4145 404.6628 0.0000 0.0000 1159.6625 0.0000 82.5748 378.5186 0.0000 222.9219 639.9238 0.0000 947.2258 0.0000 0.0000 0.0000 673.0008 0.0000 347.4841 0.0000 0.0000 0.0000 0.0000 108.8908 176.8508 707.0649 0.0000 503.2998 264.8378 0.0000 604.8090 145.1058 637.6289 0.0000 0.0000 0.0000 577.9787 0.0000 0.0000 0.0000 19.6061 33.6981 25.5303 274.6269 0.0000 0.0000 64.6915 25.3061 0.0000 0.0000 0.0000 108.3526 0.0000 0.0000 43.1510 32.4664 0.0000 0.0000 105.8875 0.0000 0.0000 0.0000 0.0000 0.0000 0.0000 73.7470 0.0000 65.7770 0.0000 475.6133 0.0000 24.6528 0.0000 65.0938 0.0000 0.0000 0.0000 24.0368 0.0000 48.0456 0.0000 0.0000 0.0000 0.0000 0.0000 43.0059 0.0000 0.0000 0.0000 0.0000 0.0000 0.0000 73.8418 0.0000 0.0000 0.0000 1.9916 0.0000 0.0000 22.0011 0.0000 0.0000 0.0000 0.0000 47.0052 0.0000 0.0000 0.0000 0.0000 0.0000 0.0000 0.0000 0.0000 0.0000 0.0000 0.0000 0.0000 0.0000 0.0054 0.0000 0.0000 0.0000 0.0000 0.0000 0.0000 0.0000 0.0000 0.0000 0.0000 0.0000 0.0000 0.0000 0.0000 0.0000 0.0000 0.0000 0.0000 0.0000 0.0000 0.0000 0.0000 0.0000 0.0000 0.0000 0.0000 0.0000 0.0000 0.0000 0.0000 0.0000 0.0000 0.0000 0.0000 0.0000 0.0000 0.0000 0.0000 0.0000 0.0000 0.0000 0.0000 0.0000 0.0000 0.0000 0.0000 0.0000 0.0000 0.0000 0.0000 0.0000 0.0000 0.0000 0.0000 0.0000 0.0000 0.0000 0.0000 0.0000 0.0000 0.0000 0.0000 0.0000 0.0000 0.0000 0.0000 0.0000 0.0000 0.0000 0.0000 0.0000 0.0000 0.0000 0.0000 0.0000 0.0000 0.0000 0.0000 0.0000 0.0000 0.0000 0.0000 0.0000 0.0000 0.0000 0.0000 0.0000 0.0000 0.0000 0.0000 0.0000 0.0000 0.0000 0.0000 0.0000 0.0000 0.0000 0.0000 0.0000 0.0000 0.0000 0.0000 0.0000 0.0000 0.0000 0.0000 0.0000 0.0000 0.0000 0.0000 0.0000 0.0000 0.0000 0.0000 0.0000 0.0000 0.0000 0.0000 0.0000 0.0000 0.0000 0.0000 0.0000 0.0000 0.0000 0.0000 0.0000 0.0000 0.0000 0.0000 0.0000 0.0000 0.0000 0.0000 0.0000 0.0000 0.0000 0.0000 0.0000 0.0000 0.0000 0.0000 0.0000 0.0000 0.0000 0.0000 0.0000 0.0000 0.0000 0.0000 0.0000 0.0000 0.0000 0.0000 0.0000 0.0000 0.0000 0.0000 0.0000 0.0000 0.0000 0.0000 0.0000 0.0000 0.0000 0.0000 0.0000 0.0000 0.0000 0.0000 0.0000 0.0000 0.0000 0.0000 0.0000 0.0000 0.0000 0.0000 0.0000 0.0000 0.0000 0.0000 0.0000 0.0000 0.0000 0.0000 0.0000 0.0000 0.0000 0.0000 0.0000 0.0000 0.0000 0.0000 0.0000 0.0000 0.0000 0.0000 0.0000 0.0000 0.0000 0.0000 0.0000 0.0000 0.0000 0.0000 0.0000 0.0000 0.0000 0.0000 0.0000 0.0000 0.0000 0.0000 0.0000 0.0000 0.0000 0.0000 0.0000 0.0000 0.0000 0.0000 0.0000 0.0000 0.0000 0.0000 0.0000 0.0000 0.0000 0.0000 0.0000 0.0000 0.0000 0.0000 0.0000 0.0000 0.0000 0.0000 0.0000 0.0000 0.0000 0.0000 0.0000 0.0000 0.0000 0.0000 0.0000 0.0000 0.0000 0.0000 0.0000 0.0000 0.0000 0.0000 0.0000 0.0000 0.0000 0.0000 0.0000 0.0000 0.0000 0.0000 0.0000 0.0000 0.0000 0.0000 0.0000 0.0000 0.0000 0.0000 0.0000 0.0000 0.0000
0.0000 0.0000 549.2380 0.0000 2400.0830 489.6372 0.0000 0.0000 1380.0502 0.0000 0.0000 425.3373 0.0000 360.1804 699.9165 0.0000 1364.4435 75.0665 0.0000 0.0000 856.3315 0.0000 661.7215 0.0000 0.0000 0.0000 0.0000 121.6729 166.7599 1149.0962 0.0000 527.8605 333.4354 0.0000 723.3962 165.5228 560.8527 0.0000 0.0000 0.0000 604.1886 0.0000 0.0000 0.0000 37.6777 106.0015 43.3988 252.8097 0.0000 0.0000 133.8688 124.1727 0.0000 0.0000 0.0000 102.9276 0.0000 0.0000 113.4600 24.3396 0.0000 0.0000 79.6895 0.0000 0.0000 0.0000 0.0000 0.0000 0.0000 52.8554 0.0000 54.0708 0.0000 471.8400 0.0000 51.0836 0.0000 80.7276 0.0000 0.0000 0.0000 69.6901 0.0000 86.0124 0.0000 0.0000 0.0000 0.0000 0.0000 119.7775 0.0000 0.0000 0.0000 0.0000 0.0000 0.0000 92.7992 0.0000 0.0000 0.0000 0.0000 0.0000 0.0000 15.0023 0.0000 0.0000 0.0000 0.0000 0.0000 0.0000 0.0000 0.0000 0.0000 0.0000 0.0000 0.0000 0.0000 0.0000 0.0000 0.0000 0.0000 0.0000 0.0043 0.0000 0.0000 0.0000 0.0000 0.0000 0.0000 0.0000 0.0000 0.0000 0.0000 0.0000 0.0000 0.0000 0.0000 0.0000 0.0000 0.0000 0.0000 0.0000 0.0000 0.0000 0.0000 0.0000 0.0000 0.0000 0.0000 0.0000 0.0000 0.0000 0.0000 0.0000 0.0000 0.0000 0.0000 0.0000 0.0000 0.0000 0.0000 0.0000 0.0000 0.0000 0.0000 0.0000 0.0000 0.0000 0.0000 0.0000 0.0000 0.0000 0.0000 0.0000 0.0000 0.0000 0.0000 0.0000 0.0000 0.0000 0.0000 0.0000 0.0000 0.0000 0.0000 0.0000 0.0000 0.0000 0.0000 0.0000 0.0000 0.0000 0.0000 0.0000 0.0000 0.0000 0.0000 0.0000 0.0000 0.0000 0.0000 0.0000 0.0000 0.0000 0.0000 0.0000 0.0000 0.0000 0.0000 0.0000 0.0000 0.0000 0.0000 0.0000 0.0000 0.0000 0.0000 0.0000 0.0000 0.0000 0.0000 0.0000 0.0000 0.0000 0.0000 0.0000 0.0000 0.0000 0.0000 0.0000 0.0000 0.0000 0.0000 0.0000 0.0000 0.0000 0.0000 0.0000 0.0000 0.0000 0.0000 0.0000 0.0000 0.0000 0.0000 0.0000 0.0000 0.0000 0.0000 0.0000 0.0000 0.0000 0.0000 0.0000 0.0000 0.0000 0.0000 0.0000 0.0000 0.0000 0.0000 0.0000 0.0000 0.0000 0.0000 0.0000 0.0000 0.0000 0.0000 0.0000 0.0000 0.0000 0.0000 0.0000 0.0000 0.0000 0.0000 0.0000 0.0000 0.0000 0.0000 0.0000 0.0000 0.0000 0.0000 0.0000 0.0000 0.0000 0.0000 0.0000 0.0000 0.0000 0.0000 0.0000 0.0000 0.0000 0.0000 0.0000 0.0000 0.0000 0.0000 0.0000 0.0000 0.0000 0.0000 0.0000 0.0000 0.0000 0.0000 0.0000 0.0000 0.0000 0.0000 0.0000 0.0000 0.0000 0.0000 0.0000 0.0000 0.0000 0.0000 0.0000 0.0000 0.0000 0.0000 0.0000 0.0000 0.0000 0.0000 0.0000 0.0000 0.0000 0.0000 0.0000 0.0000 0.0000 0.0000 0.0000 0.0000 0.0000 0.0000 0.0000 0.0000 0.0000 0.0000 0.0000 0.0000 0.0000 0.0000 0.0000 0.0000 0.0000 0.0000 0.0000 0.0000 0.0000 0.0000 0.0000 0.0000 0.0000 0.0000 0.0000 0.0000 0.0000 0.0000 0.0000 0.0000 0.0000 0.0000 0.0000 0.0000 0.0000 0.0000 0.0000 0.0000 0.0000 0.0000 0.0000 0.0000 0.0000 0.0000 0.0000 0.0000 0.0000 0.0000 0.0000 0.0000 0.0000 0.0000 0.0000 0.0000 0.0000 0.0000 0.0000 0.0000 0.0000
0.0000 0.0000 304.6330 0.0000 1582.0571 325.2461 0.0000 0.0000 838.8603 0.0000 0.0000 325.5597 0.0000 230.1070 440.9399 0.0000 964.5168 12.2781 0.0000 0.0000 338.5027 0.0000 454.6338 0.0000 0.0000 0.0000 0.0000 90.1737 208.8984 757.3844 0.0000 381.4832 190.7479 0.0000 404.7075 101.4875 335.1784 0.0000 0.0000 0.0000 469.5395 0.0000 0.0000 0.0000 15.7222 38.0007 43.1651 187.3708 0.0000 0.0000 71.0093 74.4882 0.0000 0.0000 0.0000 166.9038 0.0000 0.0000 56.5934 29.4776 0.0000 0.0000 100.0585 0.0000 0.0000 0.0000 0.0000 0.0000 0.0000 30.0324 0.0000 35.7236 0.0000 355.9427 0.0000 56.4375 0.0000 33.4916 0.0000 0.0000 0.0000 37.8345 0.0000 98.0033 0.0000 0.0000 0.0000 0.0000 0.0000 77.8579 0.0000 0.0000 0.0000 0.0000 0.0000 0.0000 28.9393 0.0000 0.0000 0.0000 0.0000 0.0000 0.0000 55.9994 0.0000 0.0000 0.0000 0.0000 22.0008 0.0000 0.0000 0.0000 0.0000 0.0000 0.0000 0.0000 0.0000 0.0000 0.0000 0.0000 0.0000 0.0000 0.0119 0.0000 0.0000 0.0000 0.0000 0.0000 0.0000 0.0000 0.0000 0.0000 0.0000 0.0000 0.0000 0.0000 0.0000 0.0000 0.0000 0.0000 0.0000 0.0000 0.0000 0.0000 0.0000 0.0000 0.0000 0.0000 0.0000 0.0000 0.0000 0.0000 0.0000 0.0000 0.0000 0.0000 0.0000 0.0000 0.0000 0.0000 0.0000 0.0000 0.0000 0.0000 0.0000 0.0000 0.0000 0.0000 0.0000 0.0000 0.0000 0.0000 0.0000 0.0000 0.0000 0.0000 0.0000 0.0000 0.0000 0.0000 0.0000 0.0000 0.0000 0.0000 0.0000 0.0000 0.0000 0.0000 0.0000 0.0000 0.0000 0.0000 0.0000 0.0000 0.0000 0.0000 0.0000 0.0000 0.0000 0.0000 0.0000 0.0000 0.0000 0.0000 0.0000 0.0000 0.0000 0.0000 0.0000 0.0000 0.0000 0.0000 0.0000 0.0000 0.0000 0.0000 0.0000 0.0000 0.0000 0.0000 0.0000 0.0000 0.0000 0.0000 0.0000 0.0000 0.0000 0.0000 0.0000 0.0000 0.0000 0.0000 0.0000 0.0000 0.0000 0.0000 0.0000 0.0000 0.0000 0.0000 0.0000 0.0000 0.0000 0.0000 0.0000 0.0000 0.0000 0.0000 0.0000 0.0000 0.0000 0.0000 0.0000 0.0000 0.0000 0.0000 0.0000 0.0000 0.0000 0.0000 0.0000 0.0000 0.0000 0.0000 0.0000 0.0000 0.0000 0.0000 0.0000 0.0000 0.0000 0.0000 0.0000 0.0000 0.0000 0.0000 0.0000 0.0000 0.0000 0.0000 0.0000 0.0000 0.0000 0.0000 0.0000 0.0000 0.0000 0.0000 0.0000 0.0000 0.0000 0.0000 0.0000 0.0000 0.0000 0.0000 0.0000 0.0000 0.0000 0.0000 0.0000 0.0000 0.0000 0.0000 0.0000 0.0000 0.0000 0.0000 0.0000 0.0000 0.0000 0.0000 0.0000 0.0000 0.0000 0.0000 0.0000 0.0000 0.0000 0.0000 0.0000 0.0000 0.0000 0.0000 0.0000 0.0000 0.0000 0.0000 0.0000 0.0000 0.0000 0.0000 0.0000 0.0000 0.0000 0.0000 0.0000 0.0000 0.0000 0.0000 0.0000 0.0000 0.0000 0.0000 0.0000 0.0000 0.0000 0.0000 0.0000 0.0000 0.0000 0.0000 0.0000 0.0000 0.0000 0.0000 0.0000 0.0000 0.0000 0.0000 0.0000 0.0000 0.0000 0.0000 0.0000 0.0000 0.0000 0.0000 0.0000 0.0000 0.0000 0.0000 0.0000 0.0000 0.0000 0.0000 0.0000 0.0000 0.0000 0.0000 0.0000 0.0000 0.0000 0.0000 0.0000 0.0000 0.0000 0.0000 0.0000 0.0000 0.0000 0.0000 0.0000 0.0000 0.0000 0.0000
Beta posterior values
0.0000 84.7459 1290.4739 0.0000 7667.2829 2567.8263 0.0000 0.0000 3850.4453 0.0000 0.0000 1151.9698 0.0000 716.8503 425.9370 0.0000 6377.3923 1355.9367 0.0000 0.0000 10946.3397 0.0000 4190.8256 0.0000 0.0000 0.0000 0.0000 226.4864 938.3358 4307.9469 2.5819 1214.4701 481.1109 0.0000 1972.8309 403.5637 1369.3683 0.0000 0.0000 0.0000 2841.1078 0.0000 0.0000 0.0000 155.7018 151.0058 149.1462 254.6296 0.0000 0.0000 293.7321 452.0379 1.4284 1.3675 0.0000 742.4602 0.0000 0.0000 290.5876 135.5437 0.0000 0.9111 623.3126 0.8057 0.0000 0.7069 0.0000 0.6135 0.5812 241.2719 0.0000 210.5142 0.0000 588.3264 0.0000 257.3707 0.0000 270.5954 0.0000 0.0000 0.0000 580.9941 0.0000 272.0148 0.0000 0.0000 0.0879 0.0000 0.0000 299.7287 0.0000 0.0000 0.0337 0.0000 0.0000 0.0201 273.6638 0.0000 0.0000 0.0000 278.8309 0.0000 0.0000 379.0028 0.0000 0.0000 0.0000 0.0000 517.0098 0.0000 0.0000 0.0000 0.0000 0.0000 0.0000 0.0000 0.0000 0.0000 0.0000 0.0000 0.0000 0.0000 0.1345 0.0000 0.0000 0.0000 0.0000 0.0000 0.0000 0.0000 0.0000 0.0000 0.0000 0.0000 0.0000 0.0000 0.0000 0.0000 0.0000 0.0000 0.0000 0.0000 0.0000 0.0000 0.0000 0.0000 0.0000 0.0000 0.0000 0.0000 0.0000 0.0000 0.0000 0.0000 0.0000 0.0000 0.0000 0.0000 0.0000 0.0000 0.0000 0.0000 0.0000 0.0000 0.0000 0.0000 0.0000 0.0000 0.0000 0.0000 0.0000 0.0000 0.0000 0.0000 0.0000 0.0000 0.0000 0.0000 0.0000 0.0000 0.0000 0.0000 0.0000 0.0000 0.0000 0.0000 0.0000 0.0000 0.0000 0.0000 0.0000 0.0000 0.0000 0.0000 0.0000 0.0000 0.0000 0.0000 0.0000 0.0000 0.0000 0.0000 0.0000 0.0000 0.0000 0.0000 0.0000 0.0000 0.0000 0.0000 0.0000 0.0000 0.0000 0.0000 0.0000 0.0000 0.0000 0.0000 0.0000 0.0000 0.0000 0.0000 0.0000 0.0000 0.0000 0.0000 0.0000 0.0000 0.0000 0.0000 0.0000 0.0000 0.0000 0.0000 0.0000 0.0000 0.0000 0.0000 0.0000 0.0000 0.0000 0.0000 0.0000 0.0000 0.0000 0.0000 0.0000 0.0000 0.0000 0.0000 0.0000 0.0000 0.0000 0.0000 0.0000 0.0000 0.0000 0.0000 0.0000 0.0000 0.0000 0.0000 0.0000 0.0000 0.0000 0.0000 0.0000 0.0000 0.0000 0.0000 0.0000 0.0000 0.0000 0.0000 0.0000 0.0000 0.0000 0.0000 0.0000 0.0000 0.0000 0.0000 0.0000 0.0000 0.0000 0.0000 0.0000 0.0000 0.0000 0.0000 0.0000 0.0000 0.0000 0.0000 0.0000 0.0000 0.0000 0.0000 0.0000 0.0000 0.0000 0.0000 0.0000 0.0000 0.0000 0.0000 0.0000 0.0000 0.0000 0.0000 0.0000 0.0000 0.0000 0.0000 0.0000 0.0000 0.0000 0.0000 0.0000 0.0000 0.0000 0.0000 0.0000 0.0000 0.0000 0.0000 0.0000 0.0000 0.0000 0.0000 0.0000 0.0000 0.0000 0.0000 0.0000 0.0000 0.0000 0.0000 0.0000 0.0000 0.0000 0.0000 0.0000 0.0000 0.0000 0.0000 0.0000 0.0000 0.0000 0.0000 0.0000 0.0000 0.0000 0.0000 0.0000 0.0000 0.0000 0.0000 0.0000 0.0000 0.0000 0.0000 0.0000 0.0000 0.0000 0.0000 0.0000 0.0000 0.0000 0.0000 0.0000 0.0000 0.0000 0.0000 0.0000 0.0000 0.0000 0.0000 0.0000 0.0000 0.0000 0.0000 0.0000 0.0000 0.0000 0.0000 0.0000 0.0000 0.0000 0.0000 0.0000 0.0000 0.0000 0.0000 0.0000 0.0000
0.0000 3099.6497 645.1994 0.0000 3722.9907 1203.3958 0.0000 0.0000 2178.0619 0.0000 474.7848 548.5600 0.0000 344.8896 277.9612 0.0000 2987.5695 1955.0403 0.0000 0.0000 7490.2457 0.0000 2378.8806 0.0000 0.0000 0.0000 0.0000 97.5402 530.8801 2114.3830 0.0000 643.4597 266.9173 0.0000 927.2791 238.4449 660.1817 0.0000 0.0000 0.0000 1236.8595 0.0000 0.0000 0.0000 44.0207 105.6319 346.1834 106.3214 0.0000 0.0000 156.1367 219.9927 0.0000 0.0000 0.0000 315.1557 0.0000 0.0000 133.8263 85.3055 0.0000 0.0000 259.0516 0.0000 0.0000 0.0000 0.0000 0.0000 0.0000 74.0773 0.0000 85.1435 0.0000 313.8016 0.0000 122.3752 0.0000 155.9781 0.0000 0.0000 0.0000 254.1248 0.0000 162.0247 0.0000 0.0000 0.0000 0.0000 0.0000 121.8499 0.0000 0.0000 0.0000 0.0000 0.0000 0.0000 128.7217 0.0000 0.0000 0.0000 0.0000 0.0000 0.0000 190.0028 0.0000 0.0000 0.0000 0.0000 364.0178 0.0000 0.0000 0.0000 0.0000 0.0000 0.0000 0.0000 0.0000 0.0000 0.0000 0.0000 0.0000 0.0000 0.0821 0.0000 0.0000 0.0000 0.0000 0.0000 0.0000 0.0000 0.0000 0.0000 0.0000 0.0000 0.0000 0.0000 0.0000 0.0000 0.0000 0.0000 0.0000 0.0000 0.0000 0.0000 0.0000 0.0000 0.0000 0.0000 0.0000 0.0000 0.0000 0.0000 0.0000 0.0000 0.0000 0.0000 0.0000 0.0000 0.0000 0.0000 0.0000 0.0000 0.0000 0.0000 0.0000 0.0000 0.0000 0.0000 0.0000 0.0000 0.0000 0.0000 0.0000 0.0000 0.0000 0.0000 0.0000 0.0000 0.0000 0.0000 0.0000 0.0000 0.0000 0.0000 0.0000 0.0000 0.0000 0.0000 0.0000 0.0000 0.0000 0.0000 0.0000 0.0000 0.0000 0.0000 0.0000 0.0000 0.0000 0.0000 0.0000 0.0000 0.0000 0.0000 0.0000 0.0000 0.0000 0.0000 0.0000 0.0000 0.0000 0.0000 0.0000 0.0000 0.0000 0.0000 0.0000 0.0000 0.0000 0.0000 0.0000 0.0000 0.0000 0.0000 0.0000 0.0000 0.0000 0.0000 0.0000 0.0000 0.0000 0.0000 0.0000 0.0000 0.0000 0.0000 0.0000 0.0000 0.0000 0.0000 0.0000 0.0000 0.0000 0.0000 0.0000 0.0000 0.0000 0.0000 0.0000 0.0000 0.0000 0.0000 0.0000 0.0000 0.0000 0.0000 0.0000 0.0000 0.0000 0.0000 0.0000 0.0000 0.0000 0.0000 0.0000 0.0000 0.0000 0.0000 0.0000 0.0000 0.0000 0.0000 0.0000 0.0000 0.0000 0.0000 0.0000 0.0000 0.0000 0.0000 0.0000 0.0000 0.0000 0.0000 0.0000 0.0000 0.0000 0.0000 0.0000 0.0000 0.0000 0.0000 0.0000 0.0000 0.0000 0.0000 0.0000 0.0000 0.0000 0.0000 0.0000 0.0000 0.0000 0.0000 0.0000 0.0000 0.0000 0.0000 0.0000 0.0000 0.0000 0.0000 0.0000 0.0000 0.0000 0.0000 0.0000 0.0000 0.0000 0.0000 0.0000 0.0000 0.0000 0.0000 0.0000 0.0000 0.0000 0.0000 0.0000 0.0000 0.0000 0.0000 0.0000 0.0000 0.0000 0.0000 0.0000 0.0000 0.0000 0.0000 0.0000 0.0000 0.0000 0.0000 0.0000 0.0000 0.0000 0.0000 0.0000 0.0000 0.0000 0.0000 0.0000 0.0000 0.0000 0.0000 0.0000 0.0000 0.0000 0.0000 0.0000 0.0000 0.0000 0.0000 0.0000 0.0000 0.0000 0.0000 0.0000 0.0000 0.0000 0.0000 0.0000 0.0000 0.0000 0.0000 0.0000 0.0000 0.0000 0.0000 0.0000 0.0000 0.0000 0.0000 0.0000 0.0000 0.0000 0.0000 0.0000 0.0000 0.0000 0.0000 0.0000 0.0000 0.0000 0.0000
0.0000 3979.3046 1254.3135 0.0000 7449.8187 2541.2624 0.0000 0.0000 4073.1697 0.0000 492.8319 1164.4899 0.0000 674.8483 454.9348 0.0000 6548.9273 0.0000 0.0000 0.0000 10174.3177 0.0000 4525.0513 0.0000 0.0000 0.0000 0.0000 262.0233 940.7727 4479.8639 0.0000 1034.3376 395.3311 0.0000 1785.0506 370.8662 1242.1000 0.0000 0.0000 0.0000 2542.7120 0.0000 0.0000 0.0000 166.4745 203.3730 170.2945 217.7382 0.0000 0.0000 249.9215 456.6686 0.0000 0.0000 0.0000 961.4147 0.0000 0.0000 272.3677 120.3042 0.0000 0.0000 502.8725 0.0000 0.0000 0.0000 0.0000 0.0000 0.0000 176.7831 0.0000 237.6451 0.0000 596.0003 0.0000 296.5092 0.0000 266.2186 0.0000 0.0000 0.0000 512.1468 0.0000 238.2264 0.0000 0.0000 0.0000 0.0000 0.0000 313.1419 0.0000 0.0000 0.0000 0.0000 0.0000 0.0000 221.5284 0.0000 0.0000 0.0000 270.8604 0.0000 0.0000 398.0180 0.0000 0.0000 0.0000 0.0000 429.0472 0.0000 0.0000 0.0000 0.0000 0.0000 0.0000 0.0000 0.0000 0.0000 0.0000 0.0000 0.0000 0.0000 0.1177 0.0000 0.0000 0.0000 0.0000 0.0000 0.0000 0.0000 0.0000 0.0000 0.0000 0.0000 0.0000 0.0000 0.0000 0.0000 0.0000 0.0000 0.0000 0.0000 0.0000 0.0000 0.0000 0.0000 0.0000 0.0000 0.0000 0.0000 0.0000 0.0000 0.0000 0.0000 0.0000 0.0000 0.0000 0.0000 0.0000 0.0000 0.0000 0.0000 0.0000 0.0000 0.0000 0.0000 0.0000 0.0000 0.0000 0.0000 0.0000 0.0000 0.0000 0.0000 0.0000 0.0000 0.0000 0.0000 0.0000 0.0000 0.0000 0.0000 0.0000 0.0000 0.0000 0.0000 0.0000 0.0000 0.0000 0.0000 0.0000 0.0000 0.0000 0.0000 0.0000 0.0000 0.0000 0.0000 0.0000 0.0000 0.0000 0.0000 0.0000 0.0000 0.0000 0.0000 0.0000 0.0000 0.0000 0.0000 0.0000 0.0000 0.0000 0.0000 0.0000 0.0000 0.0000 0.0000 0.0000 0.0000 0.0000 0.0000 0.0000 0.0000 0.0000 0.0000 0.0000 0.0000 0.0000 0.0000 0.0000 0.0000 0.0000 0.0000 0.0000 0.0000 0.0000 0.0000 0.0000 0.0000 0.0000 0.0000 0.0000 0.0000 0.0000 0.0000 0.0000 0.0000 0.0000 0.0000 0.0000 0.0000 0.0000 0.0000 0.0000 0.0000 0.0000 0.0000 0.0000 0.0000 0.0000 0.0000 0.0000 0.0000 0.0000 0.0000 0.0000 0.0000 0.0000 0.0000 0.0000 0.0000 0.0000 0.0000 0.0000 0.0000 0.0000 0.0000 0.0000 0.0000 0.0000 0.0000 0.0000 0.0000 0.0000 0.0000 0.0000 0.0000 0.0000 0.0000 0.0000 0.0000 0.0000 0.0000 0.0000 0.0000 0.0000 0.0000 0.0000 0.0000 0.0000 0.0000 0.0000 0.0000 0.0000 0.0000 0.0000 0.0000 0.0000 0.0000 0.0000 0.0000 0.0000 0.0000 0.0000 0.0000 0.0000 0.0000 0.0000 0.0000 0.0000 0.0000 0.0000 0.0000 0.0000 0.0000 0.0000 0.0000 0.0000 0.0000 0.0000 0.0000 0.0000 0.0000 0.0000 0.0000 0.0000 0.0000 0.0000 0.0000 0.0000 0.0000 0.0000 0.0000 0.0000 0.0000 0.0000 0.0000 0.0000 0.0000 0.0000 0.0000 0.0000 0.0000 0.0000 0.0000 0.0000 0.0000 0.0000 0.0000 0.0000 0.0000 0.0000 0.0000 0.0000 0.0000 0.0000 0.0000 0.0000 0.0000 0.0000 0.0000 0.0000 0.0000 0.0000 0.0000 0.0000 0.0000 0.0000 0.0000 0.0000 0.0000 0.0000 0.0000 0.0000 0.0000 0.0000 0.0000 0.0000 0.0000 0.0000 0.0000 0.0000 0.0000 0.0000 0.0000
0.0000 0.0000 875.4388 0.0000 5883.7727 3122.2979 0.0000 0.0000 3467.4538 0.0000 0.0000 900.0667 0.0000 422.1629 280.9641 0.0000 5233.4278 739.2929 0.0000 0.0000 11638.2428 0.0000 4283.2182 0.0000 0.0000 0.0000 0.0000 206.6330 872.2429 3649.7956 0.0000 750.4640 184.9022 0.0000 1289.9413 271.0928 996.6005 0.0000 0.0000 0.0000 2260.5358 0.0000 0.0000 0.0000 132.2079 97.0024 139.6418 213.5053 0.0000 0.0000 156.2035 388.3638 0.0000 0.0000 0.0000 916.5670 0.0000 0.0000 205.3883 135.2936 0.0000 0.0000 548.3117 0.0000 0.0000 0.0000 0.0000 0.0000 0.0000 193.5532 0.0000 173.4799 0.0000 410.6303 0.0000 238.5396 0.0000 224.7230 0.0000 0.0000 0.0000 473.6387 0.0000 269.0485 0.0000 0.0000 0.0000 0.0000 0.0000 228.6232 0.0000 0.0000 0.0000 0.0000 0.0000 0.0000 207.5520 0.0000 0.0000 0.0000 0.0000 0.0000 0.0000 300.0363 0.0000 0.0000 0.0000 0.0000 0.0000 0.0000 0.0000 0.0000 0.0000 0.0000 0.0000 0.0000 0.0000 0.0000 0.0000 0.0000 0.0000 0.0000 0.1431 0.0000 0.0000 0.0000 0.0000 0.0000 0.0000 0.0000 0.0000 0.0000 0.0000 0.0000 0.0000 0.0000 0.0000 0.0000 0.0000 0.0000 0.0000 0.0000 0.0000 0.0000 0.0000 0.0000 0.0000 0.0000 0.0000 0.0000 0.0000 0.0000 0.0000 0.0000 0.0000 0.0000 0.0000 0.0000 0.0000 0.0000 0.0000 0.0000 0.0000 0.0000 0.0000 0.0000 0.0000 0.0000 0.0000 0.0000 0.0000 0.0000 0.0000 0.0000 0.0000 0.0000 0.0000 0.0000 0.0000 0.0000 0.0000 0.0000 0.0000 0.0000 0.0000 0.0000 0.0000 0.0000 0.0000 0.0000 0.0000 0.0000 0.0000 0.0000 0.0000 0.0000 0.0000 0.0000 0.0000 0.0000 0.0000 0.0000 0.0000 0.0000 0.0000 0.0000 0.0000 0.0000 0.0000 0.0000 0.0000 0.0000 0.0000 0.0000 0.0000 0.0000 0.0000 0.0000 0.0000 0.0000 0.0000 0.0000 0.0000 0.0000 0.0000 0.0000 0.0000 0.0000 0.0000 0.0000 0.0000 0.0000 0.0000 0.0000 0.0000 0.0000 0.0000 0.0000 0.0000 0.0000 0.0000 0.0000 0.0000 0.0000 0.0000 0.0000 0.0000 0.0000 0.0000 0.0000 0.0000 0.0000 0.0000 0.0000 0.0000 0.0000 0.0000 0.0000 0.0000 0.0000 0.0000 0.0000 0.0000 0.0000 0.0000 0.0000 0.0000 0.0000 0.0000 0.0000 0.0000 0.0000 0.0000 0.0000 0.0000 0.0000 0.0000 0.0000 0.0000 0.0000 0.0000 0.0000 0.0000 0.0000 0.0000 0.0000 0.0000 0.0000 0.0000 0.0000 0.0000 0.0000 0.0000 0.0000 0.0000 0.0000 0.0000 0.0000 0.0000 0.0000 0.0000 0.0000 0.0000 0.0000 0.0000 0.0000 0.0000 0.0000 0.0000 0.0000 0.0000 0.0000 0.0000 0.0000 0.0000 0.0000 0.0000 0.0000 0.0000 0.0000 0.0000 0.0000 0.0000 0.0000 0.0000 0.0000 0.0000 0.0000 0.0000 0.0000 0.0000 0.0000 0.0000 0.0000 0.0000 0.0000 0.0000 0.0000 0.0000 0.0000 0.0000 0.0000 0.0000 0.0000 0.0000 0.0000 0.0000 0.0000 0.0000 0.0000 0.0000 0.0000 0.0000 0.0000 0.0000 0.0000 0.0000 0.0000 0.0000 0.0000 0.0000 0.0000 0.0000 0.0000 0.0000 0.0000 0.0000 0.0000 0.0000 0.0000 0.0000 0.0000 0.0000 0.0000 0.0000 0.0000 0.0000 0.0000 0.0000 0.0000 0.0000 0.0000 0.0000 0.0000 0.0000 0.0000 0.0000 0.0000 0.0000 0.0000 0.0000 0.0000 0.0000 0.0000 0.0000 0.0000
0.0000 0.0000 764.8705 0.0000 4530.5876 1844.6193 0.0000 0.0000 2741.0205 0.0000 0.0000 630.8566 0.0000 352.1389 254.9597 0.0000 3866.9262 128.8870 0.0000 0.0000 4637.9412 0.0000 2478.4600 0.0000 0.0000 0.0000 0.0000 161.1927 494.5917 2787.8223 0.0000 618.6281 239.7479 0.0000 1169.9653 253.7133 812.4968 0.0000 0.0000 0.0000 1611.4258 0.0000 0.0000 0.0000 77.1650 83.0021 537.4256 160.3502 0.0000 0.0000 158.5161 297.0297 0.0000 0.0000 0.0000 417.0213 0.0000 0.0000 138.9099 96.5549 0.0000 0.0000 395.7643 0.0000 0.0000 0.0000 0.0000 0.0000 0.0000 132.7867 0.0000 132.7581 0.0000 316.9443 0.0000 151.4740 0.0000 211.9058 0.0000 0.0000 0.0000 316.0346 0.0000 137.0077 0.0000 0.0000 0.0000 0.0000 0.0000 180.6937 0.0000 0.0000 0.0000 0.0000 0.0000 0.0000 134.7209 0.0000 0.0000 0.0000 0.0000 0.0000 0.0000 241.9982 0.0000 0.0000 0.0000 0.0000 244.0088 0.0000 0.0000 0.0000 0.0000 0.0000 0.0000 0.0000 0.0000 0.0000 0.0000 0.0000 0.0000 0.0000 0.0767 0.0000 0.0000 0.0000 0.0000 0.0000 0.0000 0.0000 0.0000 0.0000 0.0000 0.0000 0.0000 0.0000 0.0000 0.0000 0.0000 0.0000 0.0000 0.0000 0.0000 0.0000 0.0000 0.0000 0.0000 0.0000 0.0000 0.0000 0.0000 0.0000 0.0000 0.0000 0.0000 0.0000 0.0000 0.0000 0.0000 0.0000 0.0000 0.0000 0.0000 0.0000 0.0000 0.0000 0.0000 0.0000 0.0000 0.0000 0.0000 0.0000 0.0000 0.0000 0.0000 0.0000 0.0000 0.0000 0.0000 0.0000 0.0000 0.0000 0.0000 0.0000 0.0000 0.0000 0.0000 0.0000 0.0000 0.0000 0.0000 0.0000 0.0000 0.0000 0.0000 0.0000 0.0000 0.0000 0.0000 0.0000 0.0000 0.0000 0.0000 0.0000 0.0000 0.0000 0.0000 0.0000 0.0000 0.0000 0.0000 0.0000 0.0000 0.0000 0.0000 0.0000 0.0000 0.0000 0.0000 0.0000 0.0000 0.0000 0.0000 0.0000 0.0000 0.0000 0.0000 0.0000 0.0000 0.0000 0.0000 0.0000 0.0000 0.0000 0.0000 0.0000 0.0000 0.0000 0.0000 0.0000 0.0000 0.0000 0.0000 0.0000 0.0000 0.0000 0.0000 0.0000 0.0000 0.0000 0.0000 0.0000 0.0000 0.0000 0.0000 0.0000 0.0000 0.0000 0.0000 0.0000 0.0000 0.0000 0.0000 0.0000 0.0000 0.0000 0.0000 0.0000 0.0000 0.0000 0.0000 0.0000 0.0000 0.0000 0.0000 0.0000 0.0000 0.0000 0.0000 0.0000 0.0000 0.0000 0.0000 0.0000 0.0000 0.0000 0.0000 0.0000 0.0000 0.0000 0.0000 0.0000 0.0000 0.0000 0.0000 0.0000 0.0000 0.0000 0.0000 0.0000 0.0000 0.0000 0.0000 0.0000 0.0000 0.0000 0.0000 0.0000 0.0000 0.0000 0.0000 0.0000 0.0000 0.0000 0.0000 0.0000 0.0000 0.0000 0.0000 0.0000 0.0000 0.0000 0.0000 0.0000 0.0000 0.0000 0.0000 0.0000 0.0000 0.0000 0.0000 0.0000 0.0000 0.0000 0.0000 0.0000 0.0000 0.0000 0.0000 0.0000 0.0000 0.0000 0.0000 0.0000 0.0000 0.0000 0.0000 0.0000 0.0000 0.0000 0.0000 0.0000 0.0000 0.0000 0.0000 0.0000 0.0000 0.0000 0.0000 0.0000 0.0000 0.0000 0.0000 0.0000 0.0000 0.0000 0.0000 0.0000 0.0000 0.0000 0.0000 0.0000 0.0000 0.0000 0.0000 0.0000 0.0000 0.0000 0.0000 0.0000 0.0000 0.0000 0.0000 0.0000 0.0000 0.0000 0.0000 0.0000 0.0000 0.0000 0.0000 0.0000 0.0000 0.0000 0.0000 0.0000
Cluster phi posterior values
0.0000 0.2799 0.1900 0.1427 0.2503 0.5000 0.3031 0.2539 0.6174 0.1403 0.0599 0.0583 0.0984 0.3387 0.1839 0.1879 0.2850 0.3798 0.1902 0.2454 0.2519 0.1553 0.0949 0.2729 0.1953 0.5224 0.1915 0.1841 0.1212 0.2341 0.1815 0.1805 0.1411 0.2555 0.4202 0.1074 0.2540 0.0761 0.2741 0.1344 0.0944 0.0158 0.1456 0.0067
0.0123 0.2174 0.1661 0.1258 0.1990 0.0220 0.2231 0.2565 0.4774 0.1023 0.0096 0.0414 0.0629 0.4012 0.1348 0.1510 0.2184 0.2833 0.2152 0.0983 0.2772 0.1788 0.2569 0.1215 0.1344 0.5246 0.2324 0.1268 0.1218 0.1826 0.0451 0.1782 0.1735 0.3050 0.3993 0.1248 0.1354 0.0856 0.1364 0.1321 0.2305 0.5000 0.0976 0.0149
0.0670 0.2430 0.1976 0.1371 0.2215 0.1426 0.2450 0.2479 0.5846 0.1263 0.5000 0.0620 0.0711 0.2927 0.1577 0.1362 0.3271 0.4009 0.2529 0.2806 0.3391 0.1850 0.1031 0.1406 0.1274 0.5579 0.2044 0.0512 0.1007 0.1353 0.2107 0.1732 0.2935 0.2160 0.4438 0.0755 0.1955 0.0440 0.1667 0.1197 0.2491 0.0055 0.0513 0.0979
0.5000 0.3854 0.2897 0.1354 0.2846 0.5000 0.3207 0.4603 0.7139 0.2067 0.0913 0.0685 0.1337 0.3700 0.1600 0.2393 0.4128 0.6437 0.3592 0.3787 0.3599 0.2107 0.2200 0.5223 0.2348 0.5423 0.4613 0.2416 0.1004 0.3553 0.1503 0.1261 0.2133 0.2367 0.5347 0.1753 0.2635 0.1276 0.2415 0.3433 0.3083 0.5000 0.0462 0.5000
0.5000 0.2845 0.2587 0.1496 0.2342 0.5000 0.3401 0.3949 0.6339 0.1995 0.0820 0.0678 0.1548 0.3578 0.2965 0.2135 0.3812 0.4429 0.2567 0.2848 0.2917 0.2254 0.1654 0.3125 0.0732 0.5390 0.3083 0.1994 0.2853 0.2882 0.2318 0.2010 0.1825 0.2106 0.5290 0.2704 0.1350 0.1058 0.4167 0.3004 0.1748 0.5000 0.1869 0.0811
