gene_id	Sample_0	Sample_0	Sample_1	Sample_1	Sample_2	Sample_2	Sample_3	Sample_3
84;85;86;87;88;89;90;91;92	912	0	868	58	871	0	814	65
2;3;4;5;6;7;8;9;10;11;12;13;14;16;17;18;19;20;21;22;23;24;25;26;27;28;29;30;31;32;33;34;35;36;37;39;40;41;42;43;44;45	3889	155	4280	0	4086	0	4181	63
63;64;65;66;67;68;69;70;71;72;73;74;75;76;77	846	693	863	577	1170	406	934	566
61;62	203	10	164	43	196	0	225	0
15;38	222	0	166	0	193	0	206	7
0;1	232	0	163	18	206	13	141	67
46;47;48;49;50;51;52;53;54;55;56;57;58;59;60	1506	65	963	531	1438	80	917	628
78;79;80;81;82;83;99	696	0	676	55	543	148	632	0
93;94;95;96;97;98	603	0	626	0	569	37	460	146
