1 #sols

4
9
0 0.0383284 0.450292 0.0469484 0 0 0.0413749 0 0 
0.062635 0 0.400694 0.207729 0 0.0994475 0.355422 0.0752394 0 
0 0 0.257614 0 0 0.0593607 0.0527009 0.214182 0.0610561 
0.0739477 0.0148445 0.377333 0 0.0328638 0.322115 0.406472 0 0.240924 

Sample_0 Sample_1 Sample_2 Sample_3 
84;85;86;87;88;89;90;91;92 2;3;4;5;6;7;8;9;10;11;12;13;14;16;17;18;19;20;21;22;23;24;25;26;27;28;29;30;31;32;33;34;35;36;37;39;40;41;42;43;44;45 63;64;65;66;67;68;69;70;71;72;73;74;75;76;77 61;62 15;38 0;1 46;47;48;49;50;51;52;53;54;55;56;57;58;59;60 78;79;80;81;82;83;99 93;94;95;96;97;98 

4
7
0.730031 0 0 0 0.0938967 0.0766568 0 
0.110181 0 0.150479 0 0.415459 0 0.12527 
0 0.122112 0.428365 0 0 0 0 
0.0295065 0.481848 0 0.0657277 0 0.029689 0.147895 
7
7
1 0 0 0 0 0 0 
1 1 0 0 0 0 0 
1 0 1 0 0 0 0 
1 0 0 1 0 0 0 
1 0 0 0 1 0 0 
1 0 0 0 0 1 0 
1 0 0 0 0 0 1 

1 1 0.986707 1 1 1 1 
4
7
0.450292 0 0 0 0.0469484 0.0383284 0 
0.400694 0 0.0752394 0 0.207729 0 0.062635 
0.275238 0.0610561 0.214182 0 0 0 0 
0.377333 0.240924 0 0.0328638 0 0.0148445 0.0739477 

Sample_0 Sample_1 Sample_2 Sample_3 
2 8 7 4 3 1 0 

