1 #sols

5
9
0.109883 0.129844 0.452714 0.216667 0.00584795 0.0758294 0 0.00362976 0 
0.289262 0.065057 0.368607 0 0.175966 0.0704225 0.142857 0.243137 0.0453401 
0.300298 0 0.427667 0 0.0737327 0.211823 0.105769 0.0889831 0 
0.101078 0.047588 0.138607 0 0.119048 0 0 0.0907336 0.0980392 
0.151079 0 0.411948 0.216495 0.202247 0 0 0.0941176 0 

Sample_0 Sample_1 Sample_2 Sample_3 Sample_4 
25;26;27;28;29;30;31;32;33;34;35;36;37;38 0;1;2;3;4;5;6;7;8;9;10;11;12;13;14 39;40;41;42;43;44;45;46;47;48;49;50;51;52;53;54;55;56;57;58;59;60;61;62;63;64;65;66;67;68;69 75;76;77;78;79;80;81;82;83;84;85;86;87;88;89;90;91;92;93;96;97;98 23;72 94;95 99 24;70;71;73;74 15;16;17;18;19;20;21;22 

5
6
0 0.433333 0.259687 0.060748 0 0.151659 
0.0285761 0 0.130114 0.151965 0.285714 0.140845 
0.254738 0 0 0 0.176951 0.423645 
0 0 0.095176 0.182039 0 0 
0.0887475 0.43299 0 0.302158 0 0 
6
6
1 0 0 0 0 0 
1 1 0 0 0 0 
1 0 1 0 0 0 
1 0 0 1 0 0 
1 0 0 1 1 0 
1 0 0 1 0 1 

1 1 1 0.999847 0.999383 0.92739 
5
6
0.452714 0.216667 0.129844 0.106203 0 0.0758294 
0.368607 0 0.065057 0.289262 0.142857 0.0704225 
0.427667 0 0 0.300298 0.0884754 0.211823 
0.138607 0 0.047588 0.0910194 0 0 
0.411948 0.216495 0 0.151079 0 0 

Sample_0 Sample_1 Sample_2 Sample_3 Sample_4 
2 3 1 0 6 5 

