gene_id	Sample_0	Sample_0	Sample_1	Sample_1	Sample_2	Sample_2	Sample_3	Sample_3	Sample_4	Sample_4
18;19;22;24;25;26;27;28;29;30;31;32;33;34;35;36;37;38;39;40;41;43;44;45;46;47;48	2584	180	2613	0	2364	323	2719	0	2543	120
96;97	99	117	138	36	129	77	157	32	128	82
85;86;87;89;90;91;92;93	786	0	786	0	600	223	680	154	818	0
7	91	7	101	25	104	6	110	0	87	9
0;1;2;3	390	0	360	50	355	23	400	0	401	0
21;23	195	19	192	0	186	12	188	0	174	9
4;5;6;8;65;66;69;70;71;72;73;74;75	1226	104	1221	115	1234	47	1329	0	1070	194
9;10;11;12;13;14;15;16;17;60	907	68	1041	0	1024	1	997	0	808	180
88	102	0	106	2	72	34	92	18	71	0
20;42;57;58;59;61;62;63	760	68	785	0	789	23	745	0	633	117
50;51;52;56	330	72	289	86	368	18	370	0	269	133
49;53;54;55	367	46	256	93	350	35	410	0	275	131
76;77;78;79;80;81;82;83;84;94;95;98;99	729	597	810	536	726	625	1130	231	821	480
64;67;68	288	10	252	36	306	4	287	0	218	46
