gene_id	Sample_0	Sample_0	Sample_1	Sample_1	Sample_2	Sample_2	Sample_3	Sample_3
54;55;56;57;58;59;60;61;62;63	942	58	1006	0	993	0	589	458
53;67;68;69;70;71;72;73;74;75;76;77;78;79;80;81;82;83;84;85;86;87;88;89;90;91;92;93;95;96;97;99	3210	0	3226	40	2655	449	3160	0
0;2;10;11;17;24;28;30;31	724	190	823	73	581	323	510	354
32;33;34;35;36;37;38;39;40;41;42	724	302	1018	23	1135	0	654	479
1;3;4;5;6;7;8;9;12;13;14;15;16;18;19;20;21;22;23;25;26;27;29	1644	749	2196	212	1539	768	1342	995
52	83	26	102	4	106	0	96	0
64;65;66	264	0	224	99	283	0	297	0
51	53	44	51	38	35	44	51	42
94;98	195	0	193	14	161	17	222	0
43;44;45;46;47;48;49;50	649	166	820	0	673	114	740	0
