1 #sols

4
10
0.058 0 0.207877 0.294347 0.312996 0.238532 0 0.453608 0 0.203681 
0 0.0122474 0.0814732 0.0220941 0.0880399 0.0377358 0.306502 0.426966 0.0676329 0 
0 0.144652 0.357301 0 0.3329 0 0 0.556962 0.0955056 0.144854 
0.43744 0 0.409722 0.422771 0.42576 0 0 0.451613 0 0 

Sample_0 Sample_1 Sample_2 Sample_3 
54;55;56;57;58;59;60;61;62;63 53;67;68;69;70;71;72;73;74;75;76;77;78;79;80;81;82;83;84;85;86;87;88;89;90;91;92;93;95;96;97;99 0;2;10;11;17;24;28;30;31 32;33;34;35;36;37;38;39;40;41;42 1;3;4;5;6;7;8;9;12;13;14;15;16;18;19;20;21;22;23;25;26;27;29 52 64;65;66 51 94;98 43;44;45;46;47;48;49;50 

4
6
0.0227903 0.407362 0 0 0.477064 0 
0.00569729 0 0.135266 0.613003 0.0754717 0.0244948 
0.229977 0.289708 0.191011 0 0 0.289304 
0.903226 0 0 0 0 0 
6
6
1 0 0 0 0 0 
1 1 0 0 0 0 
1 0 1 0 0 0 
1 0 0 1 0 0 
1 0 0 0 1 0 
1 0 0 0 0 1 

1 1 1 0.983238 0.999415 1 
4
6
0.453608 0.203681 0 0 0.238532 0 
0.426966 0 0.0676329 0.306502 0.0377358 0.0122474 
0.5 0.144854 0.0955056 0 0 0.144652 
0.451613 0 0 0 0 0 

Sample_0 Sample_1 Sample_2 Sample_3 
7 9 8 6 5 1 

