1 #sols

4
8
0.472179 0.1875 0.00928074 0 0.00259067 0.0823529 0 0 
0.428241 0.311258 0.162047 0.162338 0.176606 0.00481696 0.224719 0.000912409 
0.485807 0.474453 0.334129 0.393548 0.279817 0.199454 0 0 
0.332291 0.101911 0.113839 0 0 0 0 0.0997204 

Sample_0 Sample_1 Sample_2 Sample_3 
60;61;62;63;64;65;66;67;68;69;70;71;72;73;74;75;76;77;78;79;80;81;82;83;84;85 97;98;99 0;1;2;3;4;5;6;7;8 88;91;92 9;86;87;89;90;93;94;95 32;33;34;35;43;44;45;46;47;48;49;50;51;52;53;54;55;56;57;58;59;96 36;37;38;39;40;41;42 10;11;12;13;14;15;16;17;18;19;20;21;22;23;24;25;26;27;28;29;30;31 

4
5
0.774471 0 0 0.164706 0.00518135 
0.0423735 0.00182482 0.449438 0.00963391 0.353211 
0.0130738 0 0 0.398907 0.559633 
0.465141 0.199441 0 0 0 
5
5
1 0 0 0 0 
1 1 0 0 0 
1 0 1 0 0 
1 0 0 1 0 
1 0 0 0 1 

1 1 1 1 1 
4
5
0.472179 0 0 0.0823529 0.00259067 
0.428241 0.000912409 0.224719 0.00481696 0.176606 
0.485807 0 0 0.199454 0.279817 
0.332291 0.0997204 0 0 0 

Sample_0 Sample_1 Sample_2 Sample_3 
0 7 6 5 4 

