gene_id	Sample_0	Sample_0	Sample_1	Sample_1	Sample_2	Sample_2	Sample_3	Sample_3
46;47;48;49;52;53;54;56;57;58;59;60;62;64	1209	182	1345	0	1433	0	1389	2
77;78;80;82;83;84;85;86	363	403	682	110	622	159	626	162
1	88	0	94	0	65	29	93	0
3;4;5;6;7;8;9;10;11;12;13;14;15;61	961	402	1337	38	1355	0	1377	0
0;2;20;21;22;23;24;25;26;27;28;29;30;31;32;33;34;35;36;37;38;39;40;41;42	2430	16	2428	0	2009	477	2453	0
87;88;89;90;91;92;93;94;95;96;97;98;99	1082	199	1158	181	1242	0	1019	278
43;44;45;50;51;55;63	553	117	713	0	697	0	690	9
17;18;76;79;81	279	255	449	81	319	143	395	100
16;19;65;66;67;68;69;70	424	397	605	171	467	332	577	212
71;72;73;74;75	466	0	515	9	490	0	423	107
