1 #sols

4
8
0 0.448816 0.0413586 0 0.0435003 0 0 0.0346679 
0.0851703 0.40708 0.339434 0.064741 0.218996 0.0577625 0 0 
0.0487682 0.26089 0.0466249 0.210874 0 0 0.0417225 0 
0.31303 0.421995 0.401821 0 0 0.0744495 0.258217 0.0157659 

Sample_0 Sample_1 Sample_2 Sample_3 
0;1 63;64;65;66;67;68;69;70;71;72;73;74;75;76;77 46;47;48;49;50;51;52;53;54;55;56;57;58;59;60 78;79;80;81;82;83;99 61;62 84;85;86;87;88;89;90;91;92 93;94;95;96;97;98 2;3;4;5;6;7;8;9;10;11;12;13;14;15;16;17;18;19;20;21;22;23;24;25;26;27;28;29;30;31;32;33;34;35;36;37;38;39;40;41;42;43;44;45 

4
6
0.741295 0.0693359 0 0 0.0870005 0 
0.131161 0 0 0.115525 0.437992 0.129482 
0.0165868 0 0.083445 0 0 0.421747 
0.147126 0.0315317 0.516433 0.148899 0 0 
6
6
1 0 0 0 0 0 
1 1 0 0 0 0 
1 0 1 0 0 0 
1 0 0 1 0 0 
1 0 0 0 1 0 
1 0 0 0 0 1 

1 1 1 1 1 1 
4
6
0.448816 0.0346679 0 0 0.0435003 0 
0.40708 0 0 0.0577625 0.218996 0.064741 
0.26089 0 0.0417225 0 0 0.210874 
0.421995 0.0157659 0.258217 0.0744495 0 0 

Sample_0 Sample_1 Sample_2 Sample_3 
1 7 6 5 4 3 

