1 #sols

4
8
0.0165664 0 0.158762 0.00136899 0.333678 0.0588542 0.485266 0 
0.15826 0.205139 0.367954 0.156482 0.0682523 0 0.424255 0.000363042 
0.3016 0 0.476365 0.300326 0 0.184268 0.484336 0 
0.0989221 0.000995874 0.1254 0 0 0 0.335047 0.100635 

Sample_0 Sample_1 Sample_2 Sample_3 
0;1;2;3;4;5;6;7;8 36;37;38;39;40;41;42 97;98;99 9;86;87;88;89;90;91;92;93;94;95 96 32;33;34;35;43;44;45;46;47;48;49;50;51;52;53;54;55;56;57;58;59 60;61;62;63;64;65;66;67;68;69;70;71;72;73;74;75;76;77;78;79;80;81;82;83;84;85 10;11;12;13;14;15;16;17;18;19;20;21;22;23;24;25;26;27;28;29;30;31 

4
6
0.18273 0 0.117708 0.667355 0.00273798 0 
0 0.000284317 0 0.136505 0.312963 0.410278 
0 0 0.368536 0 0.600135 0 
0.46683 0.201271 0 0 0 0.00199175 
6
6
1 0 0 0 0 0 
1 1 0 0 0 0 
1 0 1 0 0 0 
1 0 0 1 0 0 
1 0 0 0 1 0 
1 0 0 0 0 1 

1 1 1 1 1 1 
4
6
0.485266 0 0.0588542 0.333678 0.00136899 0 
0.430015 0.000142159 0 0.0682523 0.156482 0.205139 
0.484336 0 0.184268 0 0.300068 0 
0.335047 0.100635 0 0 0 0.000995874 

Sample_0 Sample_1 Sample_2 Sample_3 
6 7 5 4 3 1 

