1 #sols

5
9
0.00782936 0 0.0626418 0.0866995 0.188285 0.286219 0.182494 0.200204 0 
0 0.0671982 0 0 0.121978 0.465603 0.294928 0.114345 0 
0.0531672 0 0.0650539 0 0.179444 0.23734 0.179504 0.132576 0.00660502 
0.106046 0 0 0.103365 0.0422945 0.354391 0.0442165 0.0404624 0.123015 
0 0.0482393 0 0 0 0.0478103 0 0 0 

Sample_0 Sample_1 Sample_2 Sample_3 Sample_4 
0;25;26;27;28;29;30;31;32;33;34;35;36;37;38;39;40;41;42;43;44;45;46;47;48;49;50;51;52;53;54;55;56;57;58;59 93;94;95;96;97;98;99 85;86;87;88;89;90;91;92 73;74;75 1;2;3;4;5;6;7;8;9;10;11;12;13;15;16;17;18;19;20;21;22;23;24 60;61;62;63;64;65;66;67;68;69;70;71;72 76;77;78;79;80;81 14 82;83;84 

5
6
0 0.275125 0.125284 0 0.173399 0.0156587 
0.702515 0.22869 0 0 0 0 
0.0899832 0.135044 0.130108 0.01321 0 0.106334 
0 0.0739388 0 0.246029 0.206731 0.203838 
0.0956205 0 0 0 0 0 
6
6
1 0 0 0 0 0 
1 1 0 0 0 0 
1 1 1 0 0 0 
1 0 0 1 0 0 
1 0 0 0 1 0 
1 0 0 0 0 1 

1 1 0.884446 1 1 1 
5
6
0.294733 0.200204 0.0626418 0 0.0866995 0.00782936 
0.465603 0.114345 0 0 0 0 
0.23734 0.132576 0.0650539 0.00660502 0 0.0531672 
0.365269 0.0369694 0 0.123015 0.103365 0.101919 
0.0478103 0 0 0 0 0 

Sample_0 Sample_1 Sample_2 Sample_3 Sample_4 
5 7 2 8 3 0 

