1 #sols

5
8
0.452714 0.175676 0.0979592 0.0163934 0 0.0511182 0.216667 0.0848512 
0.368607 0.275701 0.291775 0.224576 0.220907 0.0932476 0 0.0582057 
0.427667 0.348571 0.293059 0.110553 0.0734694 0.175896 0 0 
0.138607 0.0956522 0.102073 0.109005 0.0947776 0 0 0.0651064 
0.411948 0.206349 0.142381 0.185567 0.097166 0 0.216495 0 

Sample_0 Sample_1 Sample_2 Sample_3 Sample_4 
39;40;41;42;43;44;45;46;47;48;49;50;51;52;53;54;55;56;57;58;59;60;61;62;63;64;65;66;67;68;69 31;37 25;26;27;28;29;30;32;33;34;35;36;38 23;24 70;71;72;73;74 94;95;99 75;76;77;78;79;80;81;82;83;84;85;86;87;88;89;90;91;92;93;96;97;98 0;1;2;3;4;5;6;7;8;9;10;11;12;13;14;15;16;17;18;19;20;21;22 

5
6
0.120743 0.0794126 0.169702 0.102236 0.433333 0 
0 0.104368 0.116411 0.186495 0 0.374967 
0.0112523 0.345351 0 0.351792 0 0.146939 
0 0.0485723 0.130213 0 0 0.13197 
0 0.285012 0 0 0.38956 0.194332 
6
6
1 0 0 0 0 0 
1 1 0 0 0 0 
1 1 1 0 0 0 
1 1 0 1 0 0 
1 0 0 0 1 0 
1 0 0 0 0 1 

1 0.965611 0.962794 0.999988 1 0.997179 
5
6
0.452714 0.175676 0.0848512 0.0511182 0.216667 0 
0.39112 0.203637 0.0582057 0.0932476 0 0.187483 
0.427667 0.348571 0 0.175896 0 0.0734694 
0.155378 0.0893925 0.0651064 0 0 0.065985 
0.434452 0.142506 0 0 0.19478 0.097166 

Sample_0 Sample_1 Sample_2 Sample_3 Sample_4 
0 1 7 5 6 4 

