1 #sols

4
10
0.456042 0.00508647 0 0.180451 0.278228 0.0326797 0.486903 0.0337243 0.0339246 0 
0.039478 0.0224949 0 0.0368034 0.0126232 0.43998 0.489641 0.450259 0.450469 0 
0.165138 0.193957 0.000986193 0 0.175694 0.0410628 0.323848 0.0298557 0.0307769 0.116926 
0 0 0.0967413 0 0 0.078629 0.357181 0 0.0956635 0.252854 

Sample_0 Sample_1 Sample_2 Sample_3 
90;91;92 96 12 11 0;1;2;3;4;5;6;7;8;9;10;97;98;99 19;30 71;72;73;74;75;76;77;78;79;80;81;82;83;84;85;86;87;88;89 35;36;37;38;39;40;41;42;43;44;45;46;47;48;49;50;51;52;53;54;55;56;57;58;59;60;61;62;63;64;65;66;67;68;69;70 13;14;15;16;17;18;20;21;22;23;24;25;26;27;28;29;31;32;33;34 93;94;95 

4
6
0 0 0.0674487 0.556456 0.360902 0 
0 0 0.900518 0.0238114 0.0736067 0 
0.000772342 0.233852 0.0597114 0.351388 0 0.00197239 
0.0151707 0.505709 0 0 0 0.193483 
6
6
1 0 0 0 0 0 
1 1 0 0 0 0 
1 0 1 0 0 0 
1 0 0 1 0 0 
1 0 0 0 1 0 
1 0 0 0 0 1 

1 1 1 1 1 1 
4
6
0.492403 0 0.0337243 0.278228 0.180451 0 
0.498968 0 0.450259 0.0119057 0.0368034 0 
0.323848 0.116926 0.0298557 0.175694 0 0.000986193 
0.357181 0.252854 0 0 0 0.0967413 

Sample_0 Sample_1 Sample_2 Sample_3 
6 9 7 4 3 2 

