gene_id	Sample_0	Sample_0	Sample_1	Sample_1	Sample_2	Sample_2	Sample_3	Sample_3
90;91;92	1652	1385	2944	121	2457	486	2995	0
96	978	5	956	22	827	199	1023	0
12	1062	0	979	0	1013	1	887	95
11	872	192	916	35	1028	0	1010	0
0;1;2;3;4;5;6;7;8;9;10;97;98;99	10068	3881	13923	178	11490	2449	13868	0
19;30	1924	65	1129	887	1985	85	1828	156
71;72;73;74;75;76;77;78;79;80;81;82;83;84;85;86;87;88;89	9755	9257	9730	9335	12784	6123	12049	6695
35;36;37;38;39;40;41;42;43;44;45;46;47;48;49;50;51;52;53;54;55;56;57;58;59;60;61;62;63;64;65;66;67;68;69;70	34927	1219	19728	16158	34964	1076	35990	0
13;14;15;16;17;18;20;21;22;23;24;25;26;27;28;29;31;32;33;34	19279	677	10967	8990	19525	620	18122	1917
93;94;95	2978	0	2905	0	2666	353	2225	753
