1 #sols

6
7
0.272787 0.114783 0 0.0895833 0.0492424 0 0 
0.183136 0.147005 0.0153061 0 0.135135 0.121127 0.0279871 
0.404105 0.273567 0 0.162055 0.0322581 0 0 
0.490711 0.478261 0.476636 0.0164271 0 0 0 
0.132812 0 0 0.039749 0 0 0.0699881 
0.269831 0.135283 0 0.0702479 0.0756303 0.0865801 0 

Sample_0 Sample_1 Sample_2 Sample_3 Sample_4 Sample_5 
57;58;59;60;61;62;63;64;65;66;67;68;69;70;71;72;73;74;75;76;77;78;79;80;81;82;83;84;85;86;87 11;12;13;14;15;16;17;18;19;20;21 96;97;98;99 55;56;88;89;90;91;92;93;94;95 22;23;24;25;26 27;28;29;30;31;32;33;34;35;36;37;38;39;40;41;42;43;44;45;46;47;48 0;1;2;3;4;5;6;7;8;9;10;49;50;51;52;53;54 

6
5
0.267923 0 0 0.0984848 0.179167 
0 0.0335035 0.194816 0.191453 0 
0.419584 0 0 0.0645161 0.324111 
0.948568 0 0 0 0.0328542 
0.0461508 0.139976 0 0 0.0794979 
0.0747445 0 0.17316 0.151261 0.140496 
5
5
1 0 0 0 0 
1 1 0 0 0 
1 0 1 0 0 
1 0 0 1 0 
1 0 0 0 1 

1 0.999999 0.999991 0.968932 1 
6
5
0.272787 0 0 0.0492424 0.0895833 
0.209886 0.0167518 0.0974082 0.0957265 0 
0.404105 0 0 0.0322581 0.162055 
0.490711 0 0 0 0.0164271 
0.132812 0.0699881 0 0 0.039749 
0.269831 0 0.0865801 0.0756303 0.0702479 

Sample_0 Sample_1 Sample_2 Sample_3 Sample_4 Sample_5 
0 6 5 4 3 

