1 #sols

6
10
0.373841 0 0.130413 0.37182 0 0 0 0.364153 0 0 
0.396304 0.21808 0 0.38255 0 0.0946266 0 0.411143 0.214043 0 
0.139607 0 0 0.120574 0 0.0510653 0.065167 0.427222 0.0784489 0 
0.419453 0 0 0.408862 0.141137 0.188604 0.0378423 0.455918 0 0.131013 
0.19254 0 0.0288806 0.180791 0 0 0 0.408017 0 0 
0.24895 0.193738 0 0.212435 0.0355805 0 0 0.22565 0.197301 0.0232333 

Sample_0 Sample_1 Sample_2 Sample_3 Sample_4 Sample_5 
12 70;71;72;73;74;75;76;77;78;79;80;81;82;83;84;85;86;87;88;89;90;91;92;93 52;53;54;55;56;57;58;59;60;61;62;63 11 64;66;67;68;69;97;98;99 94;95;96 13;14;15;16;17;18;19;30;31;32;33;34;35;36;37;38;39;40;41;42;43;44;45;46;47;48;49;50;51 0;1;2;3;4;5;6;7;8;9;10 20;21;22;23;24;25;26;27;28;29 65 

6
7
0.46748 0 0 0 0 0.260827 0 
0.196873 0 0 0.189253 0 0 0.43616 
0.621979 0 0.130334 0.102131 0 0 0 
0 0.210749 0.0700829 0.368201 0.262804 0 0 
0.758274 0 0 0 0 0.0577611 0 
0 0.0365391 0 0 0.0611522 0 0.374469 
7
7
1 0 0 0 0 0 0 
1 1 0 0 0 0 0 
1 0 1 0 0 0 0 
1 0 0 1 0 0 0 
1 0 0 0 1 0 0 
1 0 0 0 0 1 0 
1 0 0 0 0 0 1 

1 1 1 1 1 1 1 
6
7
0.364153 0 0 0 0 0.130413 0 
0.411143 0 0 0.0946266 0 0 0.21808 
0.427222 0 0.065167 0.0510653 0 0 0 
0.455918 0.105374 0.0350414 0.1841 0.131402 0 0 
0.408017 0 0 0 0 0.0288806 0 
0.23608 0.0182695 0 0 0.0305761 0 0.187235 

Sample_0 Sample_1 Sample_2 Sample_3 Sample_4 Sample_5 
7 9 6 5 4 2 1 

