1 #sols

5
9
0 0.0705128 0 0 0.0785228 0.177158 0 0 0.0505051 
0.0268456 0.162833 0 0 0.108602 0.221325 0.0645995 0 0 
0 0.223752 0.0328947 0.026009 0 0.328544 0 0.151515 0 
0.0440252 0.0806159 0.128776 0 0.00246827 0.347094 0 0.0800821 0.0792079 
0 0.235241 0.168717 0.166205 0 0.496549 0.241975 0 0 

Sample_0 Sample_1 Sample_2 Sample_3 Sample_4 
88;89;90 11;12;13;14;15;16;17;18;19;20;21 49;50;51;52;53;54 0;1;2;3;4;5;6;7;8;9;10 22;23;24;25;26;27;28;29;30;31;32;33;34;35;36;37;38;39;40;41;42;43;44;45;46;47;48;55 57;58;59;60;61;62;63;64;65;66;67;68;69;70;71;72;73;74;75;76;77;78;79;80;81;82;83;84;85;86;87 96;97;98;99 91;92;93;94;95 56 

5
8
0.0962597 0.10101 0 0 0.157046 0 0 0 
0.0425549 0 0 0.129199 0.217204 0 0 0.0536913 
0.23625 0 0.30303 0 0 0.0520179 0.0657895 0 
0.02507 0.158416 0.160164 0 0.00493653 0 0.257552 0.0880503 
0 0 0 0.458952 0 0.277715 0.263333 0 
8
8
1 0 0 0 0 0 0 0 
1 1 0 0 0 0 0 0 
1 0 1 0 0 0 0 0 
1 0 0 1 0 0 0 0 
1 0 0 0 1 0 0 0 
1 0 0 0 0 1 0 0 
1 0 0 0 0 0 1 0 
1 0 0 0 0 0 0 1 

1 0.99982 1 1 1 1 1 1 
5
8
0.177158 0.0505051 0 0 0.0785228 0 0 0 
0.221325 0 0 0.0645995 0.108602 0 0 0.0268456 
0.328544 0 0.151515 0 0 0.026009 0.0328947 0 
0.347094 0.0792079 0.0800821 0 0.00246827 0 0.128776 0.0440252 
0.5 0 0 0.229476 0 0.138857 0.131667 0 

Sample_0 Sample_1 Sample_2 Sample_3 Sample_4 
5 8 7 6 4 3 2 0 

