1 #sols

6
6
0.218806 0 0 0 0.0781763 0.0583265 
0.396793 0.261881 0.219094 0.0986028 0 0 
0.167107 0 0 0 0 0 
0.312095 0 0 0 0 0.0529892 
0.340939 0.1334 0.149541 0.144089 0 0 
0.0355998 0 0 0 0.0362154 0 

Sample_0 Sample_1 Sample_2 Sample_3 Sample_4 Sample_5 
0;1;2;3;4;5;6;7;8;9;10;11;12;33;34;35;36;37;38;39;40;94;95;96;97;98;99 92 87;88;89;90;91;93 13;14;15;16;17;18;19;20;21;22;23;24;25;26;27;28;29;30;31;32 41;42;43;44;45;46;47;48;49;50;51;52;53;82;83;84;85;86 54;55;56;57;58;59;60;61;62;63;64;65;66;67;68;69;70;71;72;73;74;75;76;77;78;79;80;81 

6
4
0.320958 0.116653 0 0 
0.158192 0 0.197206 0.438189 
0.334214 0 0 0 
0.518211 0.105978 0 0 
0.0946169 0 0.288179 0.299081 
0.0711996 0 0 0 
4
4
1 0 0 0 
1 1 0 0 
1 0 1 0 
1 0 0 1 

1 1 1 1 
6
4
0.218806 0.0583265 0 0 
0.396793 0 0.0986028 0.219094 
0.167107 0 0 0 
0.312095 0.0529892 0 0 
0.340939 0 0.144089 0.149541 
0.0355998 0 0 0 

Sample_0 Sample_1 Sample_2 Sample_3 Sample_4 Sample_5 
0 5 3 2 

