gene_id	Sample_0	Sample_0	Sample_1	Sample_1	Sample_2	Sample_2	Sample_3	Sample_3	Sample_4	Sample_4
75;76;77;78;79;80;81;82;83;84;85;86;87;88;89;90;91;92;93;96;97;98	1739	481	2166	0	2185	0	2165	0	1748	483
23	73	1	98	19	97	9	107	13	63	21
94	95	6	101	6	84	16	109	0	96	0
99	102	0	84	14	93	11	84	0	114	0
24	107	2	85	34	80	13	81	10	95	15
95	100	10	97	9	76	27	113	0	87	0
66	64	38	77	33	63	43	94	13	76	36
25;26;27;28;29;30;31;32;33;34;35;36;37;38	1288	159	973	396	939	403	1334	150	1180	210
0;1;2;3;4;5;6;7;8;9;10;11;12;13;14	1280	191	1394	97	1516	0	1461	73	1481	0
15;16;17;18;19;20;21;22	780	0	758	36	786	0	736	80	812	0
70;71;72;73;74	539	0	395	112	454	36	468	49	446	48
39;40;41;42;43;44;45;46;47;48;49;50;51;52;53;54;55;56;57;58;59;60;61;62;63;64;65;67;68;69	1620	1355	1886	1113	1745	1308	2541	411	1814	1288
