1 #sols

5
12
0.216667 0.0135135 0.0594059 0 0.0183486 0.0909091 0.372549 0.109883 0.129844 0 0 0.455462 
0 0.162393 0.0560748 0.142857 0.285714 0.0849057 0.3 0.289262 0.065057 0.0453401 0.220907 0.371124 
0 0.0849057 0.16 0.105769 0.139785 0.262136 0.40566 0.300298 0 0 0.0734694 0.428431 
0 0.108333 0 0 0.10989 0 0.121495 0.101078 0.047588 0.0980392 0.0947776 0.139228 
0.216495 0.25 0 0 0.136364 0 0.321429 0.151079 0 0 0.097166 0.415216 

Sample_0 Sample_1 Sample_2 Sample_3 Sample_4 
75;76;77;78;79;80;81;82;83;84;85;86;87;88;89;90;91;92;93;96;97;98 23 94 99 24 95 66 25;26;27;28;29;30;31;32;33;34;35;36;37;38 0;1;2;3;4;5;6;7;8;9;10;11;12;13;14 15;16;17;18;19;20;21;22 70;71;72;73;74 39;40;41;42;43;44;45;46;47;48;49;50;51;52;53;54;55;56;57;58;59;60;61;62;63;64;65;67;68;69 

5
8
0 0 0 0.217428 0.0971361 0 0.040748 0.389786 
0 0.35347 0.0588641 0.100477 0.145371 0.144599 0.038441 0 
0 0.146939 0 0 0.330519 0.0970101 0.236853 0 
0 0.13197 0.148015 0.0704409 0 0 0 0 
0.0155355 0.194332 0 0 0 0 0 0.43299 
8
8
1 0 0 0 0 0 0 0 
1 1 0 0 0 0 0 0 
1 0 1 0 0 0 0 0 
1 0 0 1 0 0 0 0 
1 0 0 0 1 0 0 0 
1 0 0 0 0 1 0 0 
1 0 0 0 0 0 1 0 
1 0 0 0 0 0 0 1 

1 0.823926 0.806644 0.998874 0.985738 0.996592 0.999956 0.994783 
5
8
0.372549 0 0 0.108714 0.048568 0 0.020374 0.194893 
0.420611 0.176735 0.0294321 0.0502386 0.0726857 0.0722996 0.0192205 0 
0.40566 0.0734694 0 0 0.16526 0.0485051 0.118426 0 
0.175213 0.065985 0.0740075 0.0352204 0 0 0 0 
0.321429 0.097166 0 0 0 0 0 0.216495 

Sample_0 Sample_1 Sample_2 Sample_3 Sample_4 
6 10 9 8 5 3 2 0 

