MultiBinom clustering
Convergence threshold: 1.000000
Initial num clusters: 396
kmeans: True

Time taken: 1407.420797
Num active clusters: 78
Cluster assignments
25
74
74
20
68
74
4
34
1
74
26
14
1
40
39
20
20
1
20
74
2
3
31
39
51
26
35
5
32
64
25
2
55
66
25
18
40
36
45
10
55
1
1
52
11
47
45
3
10
1
63
1
24
4
1
55
2
63
25
0
2
56
5
23
1
37
38
74
4
63
9
44
71
10
14
9
7
10
10
49
37
5
46
25
1
74
43
73
32
1
63
1
74
34
45
46
40
22
74
23
62
49
37
74
1
1
1
74
1
8
28
17
63
24
23
74
74
26
15
27
1
25
1
3
10
28
12
26
63
74
5
1
44
9
1
12
49
43
35
61
5
1
51
42
1
74
1
1
35
74
33
18
77
29
1
1
26
45
74
30
75
28
1
14
1
18
58
1
76
18
55
14
1
1
74
17
1
40
32
74
64
63
41
20
51
34
1
7
37
70
67
1
3
37
2
74
74
37
64
5
52
11
53
74
35
49
31
11
34
37
19
39
39
10
5
74
5
37
1
37
10
25
4
25
23
50
10
74
74
35
74
32
74
74
1
9
24
74
1
2
1
1
63
1
1
1
33
61
74
26
74
23
25
0
4
74
63
37
35
47
1
74
23
59
2
16
46
1
38
47
15
5
69
26
11
10
63
49
35
1
1
55
37
35
71
74
2
4
20
28
46
1
49
40
48
45
15
29
35
1
13
33
23
55
1
13
74
56
63
74
63
74
20
1
74
73
54
37
29
74
65
5
12
27
74
14
49
1
2
11
13
1
48
5
25
1
25
1
17
10
27
55
57
37
30
13
21
1
39
5
37
1
26
71
1
22
54
1
74
10
68
5
6
21
57
38
5
49
2
10
52
74
40
46
37
40
58
34
28
74
13
17
45
74
26
72
69
9
1
66
51
60
27
12
74
26
Alpha posterior values
0.0000 779.6968 1899.1964 1186.0000 1039.1110 461.4645 0.0000 569.0002 0.0000 204.9884 0.0000 658.1300 635.8396 0.0000 0.0000 0.0000 393.0001 0.0000 0.0000 186.4924 0.0000 620.9587 474.3389 0.0000 0.0000 0.0000 0.0000 0.0000 421.5776 0.0000 0.0000 282.6441 370.2010 932.6576 1388.8811 339.2238 0.0000 2325.0000 188.0078 193.1931 0.0000 0.0000 302.9005 0.0000 0.0000 324.8859 736.6552 345.0192 187.0387 0.0000 0.0000 131.6549 621.3346 0.0000 0.0000 965.1609 0.0000 0.0000 815.8159 0.0000 0.0000 126.8725 270.5055 253.1680 1025.3994 694.7629 0.0000 0.0000 470.6336 304.3354 1493.6386 0.0000 0.0000 0.0000 0.0000 16.2608 926.8445 0.0000 700.0452 195.0483 271.6056 1152.7454 216.6158 0.0000 300.9436 377.3185 0.0000 0.0000 0.0000 142.9918 210.9871 0.0000 0.0000 305.1887 157.5519 0.0000 1740.4801 369.2497 239.1119 0.0000 345.5254 0.0000 246.1464 113.8996 0.0000 176.9640 0.0000 438.0000 0.0000 237.8646 0.0000 0.0000 0.0000 0.0000 605.2698 0.0000 0.0000 0.0000 0.0000 0.0000 0.0000 0.0000 441.6914 151.5125 109.9227 0.0000 0.0000 166.8201 292.2416 0.0000 140.4654 0.0000 141.4767 185.0939 187.8549 0.0000 203.0003 0.0000 0.0000 0.0000 0.0000 0.0000 0.0000 0.0000 0.0000 0.0000 0.0000 0.0000 0.0000 0.0000 0.0000 0.0000 0.0000 0.0000 0.0000 0.0000 0.0000 112.8761 0.0000 0.0000 0.0000 0.0000 0.0000 0.0000 0.0000 0.0000 41.0007 0.0000 0.0000 0.0000 0.0000 0.0000 0.0000 0.0000 0.0000 0.0000 0.0000 0.0000 0.0000 0.0000 0.0000 0.0000 0.0000 0.0000 0.0000 0.0000 0.0000 0.0000 0.0000 0.0000 0.0000 0.0000 0.0000 0.0000 0.0000 0.0000 0.0000 0.0000 0.0000 0.0000 0.0000 0.0000 0.0000 0.0000 0.0000 0.0000 0.0000 0.0000 0.0000 0.0000 0.0000 0.0000 0.0000 0.0000 0.0000 0.0000 0.0000 0.0000 0.0000 0.0000 0.0000 0.0000 0.0000 0.0000 0.0000 0.0000 0.0000 0.0000 0.0000 0.0000 0.0000 0.0000 0.0000 0.0000 0.0000 0.0000 0.0000 0.0000 0.0000 0.0000 0.0000 0.0000 0.0000 0.0000 0.0000 0.0000 0.0000 0.0000 0.0000 0.0000 0.0000 0.0000 0.0000 0.0000 0.0000 0.0000 0.0000 0.0000 0.0000 0.0000 0.0000 0.0000 0.0000 0.0000 0.0000 0.0000 0.0000 0.0000 0.0000 0.0000 0.0000 0.0000 0.0000 0.0000 0.0000 0.0000 0.0000 0.0000 0.0000 0.0000 0.0000 0.0000 0.0000 0.0000 0.0000 0.0000 0.0000 0.0000 0.0000 0.0000 0.0000 0.0000 0.0000 0.0000 0.0000 0.0000 0.0000 0.0000 0.0000 0.0000 0.0000 0.0000 0.0000 0.0000 0.0000 0.0000 0.0000 0.0000 0.0000 0.0000 0.0000 0.0000 0.0000 0.0000 0.0000 0.0000 0.0000 0.0000 0.0000 0.0000 0.0000 0.0000 0.0000 0.0000 0.0000 0.0000 0.0000 0.0000 0.0000 0.0000 0.0000 0.0000 0.0000 0.0000 0.0000 0.0000 0.0000 0.0000 0.0000 0.0000 0.0000 0.0000 0.0000 0.0000 0.0000 0.0000 0.0000 0.0000 0.0000 0.0000 0.0000 0.0000 0.0000 0.0000 0.0000 0.0000 0.0000 0.0000 0.0000 0.0000 0.0000 0.0000 0.0000 0.0000 0.0000 0.0000 0.0000 0.0000 0.0000 0.0000 0.0000 0.0000 0.0000 0.0000 0.0000 0.0000 0.0000 0.0000 0.0000 0.0000 0.0000 0.0000 0.0000 0.0000 0.0000 0.0000 0.0000 0.0000 0.0000 0.0000 0.0000 0.0000 0.0000 0.0000 0.0000 0.0000
0.0000 475.9168 1544.2996 1094.0000 871.7700 441.5018 0.0000 559.0001 0.0000 0.0000 568.3690 438.4394 688.6788 0.0000 0.0000 0.0000 262.0000 23.5121 0.0000 160.5098 0.0000 393.3177 400.5163 0.0000 0.0000 0.0000 0.0000 0.0000 367.3021 0.0000 0.0000 251.2922 359.9893 829.9526 1283.8563 281.1497 0.0000 1860.0000 120.0060 236.2404 0.0000 0.0000 261.7161 0.0000 45.9013 264.8356 561.0583 274.0505 188.0390 0.0000 0.0000 139.5132 494.9615 0.0000 0.0000 946.5974 0.0000 0.0000 611.1967 0.0000 0.0000 97.9016 231.5580 211.0579 973.0246 520.3348 0.0000 0.0000 334.2245 186.6655 979.2769 0.0000 0.0000 0.0000 0.0000 0.0000 846.4236 0.0000 541.2020 139.0437 229.3615 1085.6862 201.3986 0.0000 314.5774 334.2454 0.0000 0.0000 0.0000 98.7488 126.9932 0.0000 0.0000 221.2703 109.9842 0.0000 1568.5273 286.8792 192.0890 0.0000 264.1018 0.0000 298.6321 74.9059 0.0000 179.9632 0.0000 299.0000 0.0000 206.8816 0.0000 0.0000 0.0000 0.0000 433.1802 0.0000 0.0000 0.0000 0.0000 0.0000 0.0000 0.0000 416.4591 191.4998 106.6240 0.0000 0.0000 137.0483 256.0066 0.0000 74.1051 0.0000 111.5662 140.0477 99.0247 0.0000 148.0002 0.0000 0.0000 0.0000 0.0000 0.0000 0.0000 0.0000 0.0000 0.0000 0.0000 0.0000 0.0000 0.0000 0.0000 0.0000 0.0000 0.0000 0.0000 0.0000 0.0000 45.9891 0.0000 0.0000 0.0000 0.0000 0.0000 0.0000 0.0000 0.0000 0.0000 0.0000 0.0000 0.0000 0.0000 0.0000 0.0000 0.0000 0.0000 0.0000 0.0000 0.0000 0.0000 0.0000 0.0000 0.0000 0.0000 0.0000 0.0000 0.0000 0.0000 0.0000 0.0000 0.0000 0.0000 0.0000 0.0000 0.0000 0.0000 0.0000 0.0000 0.0000 0.0000 0.0000 0.0000 0.0000 0.0000 0.0000 0.0000 0.0000 0.0000 0.0000 0.0000 0.0000 0.0000 0.0000 0.0000 0.0000 0.0000 0.0000 0.0000 0.0000 0.0000 0.0000 0.0000 0.0000 0.0000 0.0000 0.0000 0.0000 0.0000 0.0000 0.0000 0.0000 0.0000 0.0000 0.0000 0.0000 0.0000 0.0000 0.0000 0.0000 0.0000 0.0000 0.0000 0.0000 0.0000 0.0000 0.0000 0.0000 0.0000 0.0000 0.0000 0.0000 0.0000 0.0000 0.0000 0.0000 0.0000 0.0000 0.0000 0.0000 0.0000 0.0000 0.0000 0.0000 0.0000 0.0000 0.0000 0.0000 0.0000 0.0000 0.0000 0.0000 0.0000 0.0000 0.0000 0.0000 0.0000 0.0000 0.0000 0.0000 0.0000 0.0000 0.0000 0.0000 0.0000 0.0000 0.0000 0.0000 0.0000 0.0000 0.0000 0.0000 0.0000 0.0000 0.0000 0.0000 0.0000 0.0000 0.0000 0.0000 0.0000 0.0000 0.0000 0.0000 0.0000 0.0000 0.0000 0.0000 0.0000 0.0000 0.0000 0.0000 0.0000 0.0000 0.0000 0.0000 0.0000 0.0000 0.0000 0.0000 0.0000 0.0000 0.0000 0.0000 0.0000 0.0000 0.0000 0.0000 0.0000 0.0000 0.0000 0.0000 0.0000 0.0000 0.0000 0.0000 0.0000 0.0000 0.0000 0.0000 0.0000 0.0000 0.0000 0.0000 0.0000 0.0000 0.0000 0.0000 0.0000 0.0000 0.0000 0.0000 0.0000 0.0000 0.0000 0.0000 0.0000 0.0000 0.0000 0.0000 0.0000 0.0000 0.0000 0.0000 0.0000 0.0000 0.0000 0.0000 0.0000 0.0000 0.0000 0.0000 0.0000 0.0000 0.0000 0.0000 0.0000 0.0000 0.0000 0.0000 0.0000 0.0000 0.0000 0.0000 0.0000 0.0000 0.0000 0.0000 0.0000 0.0000 0.0000 0.0000 0.0000 0.0000 0.0000 0.0000 0.0000 0.0000
0.0000 948.7739 1755.9421 1349.0000 1028.7819 546.7170 0.0000 685.0002 0.0000 0.0000 0.0000 455.0557 874.7510 0.0000 0.0000 0.0000 296.6037 243.8078 0.0000 181.4846 0.0000 504.8139 390.5401 0.0000 0.0000 0.0000 0.0000 0.0000 404.7920 0.0000 0.0000 331.2750 293.0409 1091.7734 1498.2917 290.9791 0.0000 2237.0000 161.0113 295.9406 0.0000 0.0000 251.0409 0.0000 169.0962 324.4129 692.1759 297.9103 161.7282 0.0000 0.0000 523.1991 633.2667 0.0000 0.0000 1016.6534 0.0000 0.0000 622.3945 0.0000 0.0000 82.0756 222.7793 290.2990 1136.1583 506.3082 0.0000 0.0000 459.0724 233.6652 1314.6796 0.0000 0.0000 0.0000 0.0000 0.0000 1025.1446 0.0000 709.1926 158.4894 352.2056 1276.2189 227.1270 0.0000 390.1266 364.1288 0.0000 0.0000 0.0000 135.2427 134.9772 0.0000 0.0000 291.7291 113.3544 0.0000 1863.3516 298.5003 270.0913 0.0000 267.2054 0.0000 308.5993 120.7727 0.0000 187.9870 0.0000 406.0000 0.0000 192.9186 0.0000 0.0000 0.0000 0.0000 560.2579 0.0000 0.0000 0.0000 0.0000 0.0000 0.0000 0.0000 936.0492 194.6413 68.4434 0.0000 0.0000 201.5682 324.7377 0.0000 0.0000 0.0000 93.7070 124.6868 115.0982 0.0000 123.2212 0.0000 0.0000 0.0000 0.0000 0.0000 0.0000 0.0000 0.0000 0.0000 0.0000 0.0000 0.0000 0.0000 0.0000 0.0000 0.0000 0.0000 0.0000 0.0000 0.0000 66.9342 0.0000 0.0000 0.0000 0.0000 0.0000 0.0000 0.0000 0.0000 0.0000 0.0000 0.0000 0.0000 0.0000 0.0000 0.0000 0.0000 0.0000 0.0000 0.0000 0.0000 0.0000 0.0000 0.0000 0.0000 0.0000 0.0000 0.0000 0.0000 0.0000 0.0000 0.0000 0.0000 0.0000 0.0000 0.0000 0.0000 0.0000 0.0000 0.0000 0.0000 0.0000 0.0000 0.0000 0.0000 0.0000 0.0000 0.0000 0.0000 0.0000 0.0000 0.0000 0.0000 0.0000 0.0000 0.0000 0.0000 0.0000 0.0000 0.0000 0.0000 0.0000 0.0000 0.0000 0.0000 0.0000 0.0000 0.0000 0.0000 0.0000 0.0000 0.0000 0.0000 0.0000 0.0000 0.0000 0.0000 0.0000 0.0000 0.0000 0.0000 0.0000 0.0000 0.0000 0.0000 0.0000 0.0000 0.0000 0.0000 0.0000 0.0000 0.0000 0.0000 0.0000 0.0000 0.0000 0.0000 0.0000 0.0000 0.0000 0.0000 0.0000 0.0000 0.0000 0.0000 0.0000 0.0000 0.0000 0.0000 0.0000 0.0000 0.0000 0.0000 0.0000 0.0000 0.0000 0.0000 0.0000 0.0000 0.0000 0.0000 0.0000 0.0000 0.0000 0.0000 0.0000 0.0000 0.0000 0.0000 0.0000 0.0000 0.0000 0.0000 0.0000 0.0000 0.0000 0.0000 0.0000 0.0000 0.0000 0.0000 0.0000 0.0000 0.0000 0.0000 0.0000 0.0000 0.0000 0.0000 0.0000 0.0000 0.0000 0.0000 0.0000 0.0000 0.0000 0.0000 0.0000 0.0000 0.0000 0.0000 0.0000 0.0000 0.0000 0.0000 0.0000 0.0000 0.0000 0.0000 0.0000 0.0000 0.0000 0.0000 0.0000 0.0000 0.0000 0.0000 0.0000 0.0000 0.0000 0.0000 0.0000 0.0000 0.0000 0.0000 0.0000 0.0000 0.0000 0.0000 0.0000 0.0000 0.0000 0.0000 0.0000 0.0000 0.0000 0.0000 0.0000 0.0000 0.0000 0.0000 0.0000 0.0000 0.0000 0.0000 0.0000 0.0000 0.0000 0.0000 0.0000 0.0000 0.0000 0.0000 0.0000 0.0000 0.0000 0.0000 0.0000 0.0000 0.0000 0.0000 0.0000 0.0000 0.0000 0.0000 0.0000 0.0000 0.0000 0.0000 0.0000 0.0000 0.0000 0.0000 0.0000 0.0000 0.0000 0.0000 0.0000 0.0000
0.0000 0.0000 2809.8692 1742.0000 1455.8588 986.9934 0.0000 823.0003 0.0000 0.0000 0.0000 1041.4228 1010.9179 0.0000 0.0000 0.0000 403.7482 0.0000 0.0000 251.6798 0.0000 740.7667 740.5230 0.0000 0.0000 0.0000 0.0000 232.9171 480.5943 0.0000 0.0000 578.2262 643.5859 1447.5767 2143.6156 457.0218 0.0000 2780.0000 309.0113 409.8941 0.0000 0.0000 461.4449 0.0000 0.0000 525.4834 1298.7684 587.9298 191.0518 0.0000 0.0000 0.0000 668.0490 0.0000 0.0000 1680.3632 0.0000 0.0000 1244.6097 0.0000 0.0000 112.8866 425.1991 407.1329 1508.5410 1172.2026 0.0000 0.0000 730.7953 390.3614 1965.9625 0.0000 0.0000 0.0000 0.0000 0.0000 1232.9120 0.0000 812.9781 213.0959 489.5209 1633.2781 330.1628 0.0000 557.4806 580.9686 0.0000 0.0000 0.0000 195.6717 273.9840 0.0000 0.0000 384.5260 184.1880 0.0000 2415.5488 526.2270 232.1524 0.0000 462.5542 0.0000 346.4849 201.8012 0.0000 157.7340 0.0000 552.0000 0.0000 273.8470 0.0000 0.0000 0.0000 0.0000 855.3857 0.0000 0.0000 0.0000 0.0000 0.0000 0.0000 0.0000 1209.7260 224.8690 165.5645 0.0000 0.0000 218.5138 459.7927 0.0000 385.0947 0.0000 193.3695 302.1224 140.4109 0.0000 257.0004 0.0000 0.0000 0.0000 0.0000 0.0000 0.0000 0.0000 0.0000 0.0000 0.0000 0.0000 0.0000 0.0000 0.0000 0.0000 0.0000 0.0000 0.0000 0.0000 0.0000 43.0091 0.0000 0.0000 0.0000 0.0000 0.0000 0.0000 0.0000 0.0000 79.0204 0.0000 0.0000 0.0000 0.0000 0.0000 0.0000 0.0000 0.0000 0.0000 0.0000 0.0000 0.0000 0.0000 0.0000 0.0000 0.0000 0.0000 0.0000 0.0000 0.0000 0.0000 0.0000 0.0000 0.0000 0.0000 0.0000 0.0000 0.0000 0.0000 0.0000 0.0000 0.0000 0.0000 0.0000 0.0000 0.0000 0.0000 0.0000 0.0000 0.0000 0.0000 0.0000 0.0000 0.0000 0.0000 0.0000 0.0000 0.0000 0.0000 0.0000 0.0000 0.0000 0.0000 0.0000 0.0000 0.0000 0.0000 0.0000 0.0000 0.0000 0.0000 0.0000 0.0000 0.0000 0.0000 0.0000 0.0000 0.0000 0.0000 0.0000 0.0000 0.0000 0.0000 0.0000 0.0000 0.0000 0.0000 0.0000 0.0000 0.0000 0.0000 0.0000 0.0000 0.0000 0.0000 0.0000 0.0000 0.0000 0.0000 0.0000 0.0000 0.0000 0.0000 0.0000 0.0000 0.0000 0.0000 0.0000 0.0000 0.0000 0.0000 0.0000 0.0000 0.0000 0.0000 0.0000 0.0000 0.0000 0.0000 0.0000 0.0000 0.0000 0.0000 0.0000 0.0000 0.0000 0.0000 0.0000 0.0000 0.0000 0.0000 0.0000 0.0000 0.0000 0.0000 0.0000 0.0000 0.0000 0.0000 0.0000 0.0000 0.0000 0.0000 0.0000 0.0000 0.0000 0.0000 0.0000 0.0000 0.0000 0.0000 0.0000 0.0000 0.0000 0.0000 0.0000 0.0000 0.0000 0.0000 0.0000 0.0000 0.0000 0.0000 0.0000 0.0000 0.0000 0.0000 0.0000 0.0000 0.0000 0.0000 0.0000 0.0000 0.0000 0.0000 0.0000 0.0000 0.0000 0.0000 0.0000 0.0000 0.0000 0.0000 0.0000 0.0000 0.0000 0.0000 0.0000 0.0000 0.0000 0.0000 0.0000 0.0000 0.0000 0.0000 0.0000 0.0000 0.0000 0.0000 0.0000 0.0000 0.0000 0.0000 0.0000 0.0000 0.0000 0.0000 0.0000 0.0000 0.0000 0.0000 0.0000 0.0000 0.0000 0.0000 0.0000 0.0000 0.0000 0.0000 0.0000 0.0000 0.0000 0.0000 0.0000 0.0000 0.0000 0.0000 0.0000 0.0000 0.0000 0.0000 0.0000 0.0000 0.0000 0.0000 0.0000 0.0000 0.0000 0.0000
0.0000 0.0000 2481.7003 1483.0000 1253.5993 735.3784 0.0000 822.0003 0.0000 0.0000 749.4845 1032.0721 801.5835 0.0000 0.0000 0.0000 531.0001 0.0000 0.0000 284.7884 0.0000 592.9464 885.8205 0.0000 0.0000 0.0000 0.0000 0.0000 500.3207 0.0000 0.0000 504.6992 566.3203 1228.0623 1795.5034 445.2696 0.0000 2574.0000 283.0109 339.3595 0.0000 0.0000 569.5851 0.0000 0.0000 585.4958 994.3660 510.0348 260.0500 0.0000 0.0000 210.8237 721.3869 0.0000 0.0000 1468.7625 0.0000 0.0000 1083.7334 0.0000 0.0000 173.8253 563.8030 278.3448 1304.6458 970.1885 0.0000 0.0000 638.9488 364.0233 1623.6984 0.0000 0.0000 0.0000 0.0000 158.6974 1020.6492 0.0000 654.7387 145.3896 434.5247 1658.6084 270.1882 0.0000 516.0635 537.0626 0.0000 0.0000 0.0000 229.0372 333.9806 0.0000 0.0000 359.1122 196.3041 0.0000 2232.6150 449.2438 298.1494 0.0000 478.1768 0.0000 345.6463 184.8034 0.0000 227.9548 0.0000 581.0000 0.0000 188.8985 0.0000 0.0000 0.0000 0.0000 749.3224 0.0000 0.0000 0.0000 0.0000 0.0000 0.0000 0.0000 629.1041 170.8319 170.3958 0.0000 0.0000 250.2327 314.6942 0.0000 226.8846 0.0000 277.0715 200.1362 200.8460 0.0000 237.0005 0.0000 0.0000 0.0000 0.0000 0.0000 0.0000 0.0000 0.0000 0.0000 0.0000 0.0000 0.0000 0.0000 0.0000 0.0000 0.0000 0.0000 0.0000 0.0000 0.0000 0.0000 0.0000 0.0000 0.0000 0.0000 0.0000 0.0000 0.0000 0.0000 0.0000 0.0000 0.0000 0.0000 0.0000 0.0000 0.0000 0.0000 0.0000 0.0000 0.0000 0.0000 0.0000 0.0000 0.0000 0.0000 0.0000 0.0000 0.0000 0.0000 0.0000 0.0000 0.0000 0.0000 0.0000 0.0000 0.0000 0.0000 0.0000 0.0000 0.0000 0.0000 0.0000 0.0000 0.0000 0.0000 0.0000 0.0000 0.0000 0.0000 0.0000 0.0000 0.0000 0.0000 0.0000 0.0000 0.0000 0.0000 0.0000 0.0000 0.0000 0.0000 0.0000 0.0000 0.0000 0.0000 0.0000 0.0000 0.0000 0.0000 0.0000 0.0000 0.0000 0.0000 0.0000 0.0000 0.0000 0.0000 0.0000 0.0000 0.0000 0.0000 0.0000 0.0000 0.0000 0.0000 0.0000 0.0000 0.0000 0.0000 0.0000 0.0000 0.0000 0.0000 0.0000 0.0000 0.0000 0.0000 0.0000 0.0000 0.0000 0.0000 0.0000 0.0000 0.0000 0.0000 0.0000 0.0000 0.0000 0.0000 0.0000 0.0000 0.0000 0.0000 0.0000 0.0000 0.0000 0.0000 0.0000 0.0000 0.0000 0.0000 0.0000 0.0000 0.0000 0.0000 0.0000 0.0000 0.0000 0.0000 0.0000 0.0000 0.0000 0.0000 0.0000 0.0000 0.0000 0.0000 0.0000 0.0000 0.0000 0.0000 0.0000 0.0000 0.0000 0.0000 0.0000 0.0000 0.0000 0.0000 0.0000 0.0000 0.0000 0.0000 0.0000 0.0000 0.0000 0.0000 0.0000 0.0000 0.0000 0.0000 0.0000 0.0000 0.0000 0.0000 0.0000 0.0000 0.0000 0.0000 0.0000 0.0000 0.0000 0.0000 0.0000 0.0000 0.0000 0.0000 0.0000 0.0000 0.0000 0.0000 0.0000 0.0000 0.0000 0.0000 0.0000 0.0000 0.0000 0.0000 0.0000 0.0000 0.0000 0.0000 0.0000 0.0000 0.0000 0.0000 0.0000 0.0000 0.0000 0.0000 0.0000 0.0000 0.0000 0.0000 0.0000 0.0000 0.0000 0.0000 0.0000 0.0000 0.0000 0.0000 0.0000 0.0000 0.0000 0.0000 0.0000 0.0000 0.0000 0.0000 0.0000 0.0000 0.0000 0.0000 0.0000 0.0000 0.0000 0.0000 0.0000 0.0000 0.0000 0.0000 0.0000 0.0000 0.0000 0.0000 0.0000 0.0000
Beta posterior values
0.0000 19128.0904 4886.7282 1528.0000 3498.7000 4350.0987 0.0000 1360.0004 0.0000 3521.2592 0.0000 3092.7781 3056.0794 0.0000 0.0000 0.0000 1487.0003 0.0000 0.0000 750.3028 0.0000 2076.9304 3003.8402 0.0000 0.0000 0.0000 0.0000 0.0000 1209.6000 0.0000 0.0000 2619.6464 1991.4280 6090.7733 5870.5871 1573.0733 0.0000 1644.0000 585.0231 802.8461 0.0000 0.0000 1344.0512 0.0000 0.0000 2473.4264 2334.8445 1980.1954 749.1749 0.0000 0.0000 6118.2861 2047.4641 0.0000 0.0000 3240.4407 0.0000 0.0000 4341.9184 0.0000 0.0000 305.6930 1408.2902 1715.2840 3103.5239 2670.0044 0.0000 0.0000 1941.3317 1205.6992 3073.8357 0.0000 0.0000 0.0000 0.0000 1241.0558 2331.7761 0.0000 2428.2699 722.2929 1463.8873 4782.8254 1327.5551 0.0000 1133.3426 1001.0863 0.0000 0.0000 0.0000 798.0451 728.9586 0.0000 0.0000 920.9422 809.5774 0.0000 8948.9069 2353.7752 734.2767 0.0000 1492.0536 0.0000 1635.9142 623.3164 0.0000 775.8385 0.0000 776.0000 0.0000 727.5923 0.0000 0.0000 0.0000 0.0000 1236.5597 0.0000 0.0000 0.0000 0.0000 0.0000 0.0000 0.0000 4936.6484 822.7049 868.1515 0.0000 0.0000 787.4768 1381.5969 0.0000 3589.6656 0.0000 730.6058 763.3335 772.4064 0.0000 512.0008 0.0000 0.0000 0.0000 0.0000 0.0000 0.0000 0.0000 0.0000 0.0000 0.0000 0.0000 0.0000 0.0000 0.0000 0.0000 0.0000 0.0000 0.0000 0.0000 0.0000 1462.4942 0.0000 0.0000 0.0000 0.0000 0.0000 0.0000 0.0000 0.0000 1918.8179 0.0000 0.0000 0.0000 0.0000 0.0000 0.0000 0.0000 0.0000 0.0000 0.0000 0.0000 0.0000 0.0000 0.0000 0.0000 0.0000 0.0000 0.0000 0.0000 0.0000 0.0000 0.0000 0.0000 0.0000 0.0000 0.0000 0.0000 0.0000 0.0000 0.0000 0.0000 0.0000 0.0000 0.0000 0.0000 0.0000 0.0000 0.0000 0.0000 0.0000 0.0000 0.0000 0.0000 0.0000 0.0000 0.0000 0.0000 0.0000 0.0000 0.0000 0.0000 0.0000 0.0000 0.0000 0.0000 0.0000 0.0000 0.0000 0.0000 0.0000 0.0000 0.0000 0.0000 0.0000 0.0000 0.0000 0.0000 0.0000 0.0000 0.0000 0.0000 0.0000 0.0000 0.0000 0.0000 0.0000 0.0000 0.0000 0.0000 0.0000 0.0000 0.0000 0.0000 0.0000 0.0000 0.0000 0.0000 0.0000 0.0000 0.0000 0.0000 0.0000 0.0000 0.0000 0.0000 0.0000 0.0000 0.0000 0.0000 0.0000 0.0000 0.0000 0.0000 0.0000 0.0000 0.0000 0.0000 0.0000 0.0000 0.0000 0.0000 0.0000 0.0000 0.0000 0.0000 0.0000 0.0000 0.0000 0.0000 0.0000 0.0000 0.0000 0.0000 0.0000 0.0000 0.0000 0.0000 0.0000 0.0000 0.0000 0.0000 0.0000 0.0000 0.0000 0.0000 0.0000 0.0000 0.0000 0.0000 0.0000 0.0000 0.0000 0.0000 0.0000 0.0000 0.0000 0.0000 0.0000 0.0000 0.0000 0.0000 0.0000 0.0000 0.0000 0.0000 0.0000 0.0000 0.0000 0.0000 0.0000 0.0000 0.0000 0.0000 0.0000 0.0000 0.0000 0.0000 0.0000 0.0000 0.0000 0.0000 0.0000 0.0000 0.0000 0.0000 0.0000 0.0000 0.0000 0.0000 0.0000 0.0000 0.0000 0.0000 0.0000 0.0000 0.0000 0.0000 0.0000 0.0000 0.0000 0.0000 0.0000 0.0000 0.0000 0.0000 0.0000 0.0000 0.0000 0.0000 0.0000 0.0000 0.0000 0.0000 0.0000 0.0000 0.0000 0.0000 0.0000 0.0000 0.0000 0.0000 0.0000 0.0000 0.0000 0.0000 0.0000 0.0000 0.0000 0.0000 0.0000 0.0000 0.0000 0.0000 0.0000 0.0000 0.0000 0.0000 0.0000 0.0000
0.0000 19732.8450 5368.2240 1804.0000 3692.6393 4539.8764 0.0000 1377.0005 0.0000 0.0000 10572.6642 3056.5558 2925.7308 0.0000 0.0000 0.0000 1487.0003 1860.7729 0.0000 783.3025 0.0000 2227.6106 3051.5433 0.0000 0.0000 0.0000 0.0000 0.0000 1279.9516 0.0000 0.0000 2745.9097 2004.5668 5997.7509 5891.9924 1617.1664 0.0000 2066.0000 710.0279 873.5487 0.0000 0.0000 1382.0957 0.0000 2776.3561 2520.3519 2654.7523 1990.6634 757.1640 0.0000 0.0000 3903.2818 2180.6951 0.0000 0.0000 3227.7379 0.0000 0.0000 4513.9953 0.0000 0.0000 329.6690 1428.2745 1875.4554 3332.0220 3024.8640 0.0000 0.0000 2075.0868 1282.4042 3819.0323 0.0000 0.0000 0.0000 0.0000 0.0000 2312.5229 0.0000 2564.6710 774.2928 1470.7539 4738.5913 1368.0299 0.0000 1316.8738 1068.3211 0.0000 0.0000 0.0000 842.1953 770.9552 0.0000 0.0000 976.7975 857.8891 0.0000 8987.6880 2412.4448 776.3366 0.0000 1586.0137 0.0000 1591.7300 847.2230 0.0000 739.8482 0.0000 946.9999 0.0000 765.5740 0.0000 0.0000 0.0000 0.0000 1411.7022 0.0000 0.0000 0.0000 0.0000 0.0000 0.0000 0.0000 12039.8471 779.5080 877.0257 0.0000 0.0000 816.2158 1420.0708 0.0000 687.7202 0.0000 728.6148 817.3734 867.7809 0.0000 561.0011 0.0000 0.0000 0.0000 0.0000 0.0000 0.0000 0.0000 0.0000 0.0000 0.0000 0.0000 0.0000 0.0000 0.0000 0.0000 0.0000 0.0000 0.0000 0.0000 0.0000 1520.8064 0.0000 0.0000 0.0000 0.0000 0.0000 0.0000 0.0000 0.0000 0.0000 0.0000 0.0000 0.0000 0.0000 0.0000 0.0000 0.0000 0.0000 0.0000 0.0000 0.0000 0.0000 0.0000 0.0000 0.0000 0.0000 0.0000 0.0000 0.0000 0.0000 0.0000 0.0000 0.0000 0.0000 0.0000 0.0000 0.0000 0.0000 0.0000 0.0000 0.0000 0.0000 0.0000 0.0000 0.0000 0.0000 0.0000 0.0000 0.0000 0.0000 0.0000 0.0000 0.0000 0.0000 0.0000 0.0000 0.0000 0.0000 0.0000 0.0000 0.0000 0.0000 0.0000 0.0000 0.0000 0.0000 0.0000 0.0000 0.0000 0.0000 0.0000 0.0000 0.0000 0.0000 0.0000 0.0000 0.0000 0.0000 0.0000 0.0000 0.0000 0.0000 0.0000 0.0000 0.0000 0.0000 0.0000 0.0000 0.0000 0.0000 0.0000 0.0000 0.0000 0.0000 0.0000 0.0000 0.0000 0.0000 0.0000 0.0000 0.0000 0.0000 0.0000 0.0000 0.0000 0.0000 0.0000 0.0000 0.0000 0.0000 0.0000 0.0000 0.0000 0.0000 0.0000 0.0000 0.0000 0.0000 0.0000 0.0000 0.0000 0.0000 0.0000 0.0000 0.0000 0.0000 0.0000 0.0000 0.0000 0.0000 0.0000 0.0000 0.0000 0.0000 0.0000 0.0000 0.0000 0.0000 0.0000 0.0000 0.0000 0.0000 0.0000 0.0000 0.0000 0.0000 0.0000 0.0000 0.0000 0.0000 0.0000 0.0000 0.0000 0.0000 0.0000 0.0000 0.0000 0.0000 0.0000 0.0000 0.0000 0.0000 0.0000 0.0000 0.0000 0.0000 0.0000 0.0000 0.0000 0.0000 0.0000 0.0000 0.0000 0.0000 0.0000 0.0000 0.0000 0.0000 0.0000 0.0000 0.0000 0.0000 0.0000 0.0000 0.0000 0.0000 0.0000 0.0000 0.0000 0.0000 0.0000 0.0000 0.0000 0.0000 0.0000 0.0000 0.0000 0.0000 0.0000 0.0000 0.0000 0.0000 0.0000 0.0000 0.0000 0.0000 0.0000 0.0000 0.0000 0.0000 0.0000 0.0000 0.0000 0.0000 0.0000 0.0000 0.0000 0.0000 0.0000 0.0000 0.0000 0.0000 0.0000 0.0000 0.0000 0.0000 0.0000 0.0000 0.0000 0.0000 0.0000 0.0000 0.0000 0.0000 0.0000 0.0000 0.0000 0.0000 0.0000
0.0000 20896.5423 5038.8190 1577.0000 3687.3065 5656.4391 0.0000 1244.0005 0.0000 0.0000 0.0000 3251.1855 2768.2731 0.0000 0.0000 0.0000 1504.7763 1781.2389 0.0000 805.3228 0.0000 2229.7691 3610.4955 0.0000 0.0000 0.0000 0.0000 0.0000 1273.7535 0.0000 0.0000 3561.6343 2006.0532 6180.8674 6027.7987 1809.3979 0.0000 1740.0000 551.0403 684.3071 0.0000 0.0000 1269.8317 0.0000 2671.1469 2955.9199 2463.3318 2455.4297 778.2177 0.0000 0.0000 4606.0353 2063.4033 0.0000 0.0000 3059.3683 0.0000 0.0000 5099.4966 0.0000 0.0000 357.5610 1458.7256 1881.1149 3077.3755 3237.6099 0.0000 0.0000 1947.8811 1440.0377 3351.2132 0.0000 0.0000 0.0000 0.0000 0.0000 2237.1120 0.0000 2406.2675 744.8205 1427.1576 4619.9339 1438.2600 0.0000 1039.5222 1055.6112 0.0000 0.0000 0.0000 846.3163 765.5823 0.0000 0.0000 959.9813 908.1119 0.0000 9019.3182 2667.2385 698.3603 0.0000 1608.1133 0.0000 1551.0951 863.7913 0.0000 742.0076 0.0000 821.9999 0.0000 761.7229 0.0000 0.0000 0.0000 0.0000 1322.6327 0.0000 0.0000 0.0000 0.0000 0.0000 0.0000 0.0000 12002.6104 767.7989 930.7886 0.0000 0.0000 743.8644 1420.7640 0.0000 0.0000 0.0000 741.1556 826.7687 827.5242 0.0000 632.3344 0.0000 0.0000 0.0000 0.0000 0.0000 0.0000 0.0000 0.0000 0.0000 0.0000 0.0000 0.0000 0.0000 0.0000 0.0000 0.0000 0.0000 0.0000 0.0000 0.0000 1523.7133 0.0000 0.0000 0.0000 0.0000 0.0000 0.0000 0.0000 0.0000 0.0000 0.0000 0.0000 0.0000 0.0000 0.0000 0.0000 0.0000 0.0000 0.0000 0.0000 0.0000 0.0000 0.0000 0.0000 0.0000 0.0000 0.0000 0.0000 0.0000 0.0000 0.0000 0.0000 0.0000 0.0000 0.0000 0.0000 0.0000 0.0000 0.0000 0.0000 0.0000 0.0000 0.0000 0.0000 0.0000 0.0000 0.0000 0.0000 0.0000 0.0000 0.0000 0.0000 0.0000 0.0000 0.0000 0.0000 0.0000 0.0000 0.0000 0.0000 0.0000 0.0000 0.0000 0.0000 0.0000 0.0000 0.0000 0.0000 0.0000 0.0000 0.0000 0.0000 0.0000 0.0000 0.0000 0.0000 0.0000 0.0000 0.0000 0.0000 0.0000 0.0000 0.0000 0.0000 0.0000 0.0000 0.0000 0.0000 0.0000 0.0000 0.0000 0.0000 0.0000 0.0000 0.0000 0.0000 0.0000 0.0000 0.0000 0.0000 0.0000 0.0000 0.0000 0.0000 0.0000 0.0000 0.0000 0.0000 0.0000 0.0000 0.0000 0.0000 0.0000 0.0000 0.0000 0.0000 0.0000 0.0000 0.0000 0.0000 0.0000 0.0000 0.0000 0.0000 0.0000 0.0000 0.0000 0.0000 0.0000 0.0000 0.0000 0.0000 0.0000 0.0000 0.0000 0.0000 0.0000 0.0000 0.0000 0.0000 0.0000 0.0000 0.0000 0.0000 0.0000 0.0000 0.0000 0.0000 0.0000 0.0000 0.0000 0.0000 0.0000 0.0000 0.0000 0.0000 0.0000 0.0000 0.0000 0.0000 0.0000 0.0000 0.0000 0.0000 0.0000 0.0000 0.0000 0.0000 0.0000 0.0000 0.0000 0.0000 0.0000 0.0000 0.0000 0.0000 0.0000 0.0000 0.0000 0.0000 0.0000 0.0000 0.0000 0.0000 0.0000 0.0000 0.0000 0.0000 0.0000 0.0000 0.0000 0.0000 0.0000 0.0000 0.0000 0.0000 0.0000 0.0000 0.0000 0.0000 0.0000 0.0000 0.0000 0.0000 0.0000 0.0000 0.0000 0.0000 0.0000 0.0000 0.0000 0.0000 0.0000 0.0000 0.0000 0.0000 0.0000 0.0000 0.0000 0.0000 0.0000 0.0000 0.0000 0.0000 0.0000 0.0000 0.0000 0.0000 0.0000 0.0000 0.0000 0.0000 0.0000 0.0000 0.0000 0.0000 0.0000 0.0000 0.0000
0.0000 0.0000 4416.2914 1357.0000 3305.1380 5299.2688 0.0000 1092.0004 0.0000 0.0000 0.0000 2701.5050 2809.8720 0.0000 0.0000 0.0000 2926.2843 0.0000 0.0000 735.1871 0.0000 2113.0668 2829.0391 0.0000 0.0000 0.0000 0.0000 5736.0957 1256.0309 0.0000 0.0000 5365.6839 1889.4399 5946.5208 5607.1429 2765.6123 0.0000 1242.0000 516.0209 657.0203 0.0000 0.0000 1105.6784 0.0000 0.0000 2746.8642 2105.5196 6335.6135 765.2726 0.0000 0.0000 0.0000 2111.8119 0.0000 0.0000 2619.6051 0.0000 0.0000 4151.3048 0.0000 0.0000 341.6567 1216.8299 2917.3075 2828.0782 2373.3553 0.0000 0.0000 1773.5335 1302.6286 3009.6461 0.0000 0.0000 0.0000 0.0000 0.0000 2069.9778 0.0000 2391.9974 745.2704 1391.9224 4499.1175 1944.2933 0.0000 1104.4917 868.5370 0.0000 0.0000 0.0000 759.4120 666.9601 0.0000 0.0000 963.4823 794.1432 0.0000 8682.4601 2329.0392 740.3644 0.0000 1390.0166 0.0000 1572.1393 620.2511 0.0000 786.5685 0.0000 325.0000 0.0000 681.6202 0.0000 0.0000 0.0000 0.0000 1032.5708 0.0000 0.0000 0.0000 0.0000 0.0000 0.0000 0.0000 17921.0253 755.7619 887.2413 0.0000 0.0000 737.8864 1279.2474 0.0000 4016.7910 0.0000 760.5577 648.2969 854.4558 0.0000 475.0009 0.0000 0.0000 0.0000 0.0000 0.0000 0.0000 0.0000 0.0000 0.0000 0.0000 0.0000 0.0000 0.0000 0.0000 0.0000 0.0000 0.0000 0.0000 0.0000 0.0000 1650.4262 0.0000 0.0000 0.0000 0.0000 0.0000 0.0000 0.0000 0.0000 2211.7477 0.0000 0.0000 0.0000 0.0000 0.0000 0.0000 0.0000 0.0000 0.0000 0.0000 0.0000 0.0000 0.0000 0.0000 0.0000 0.0000 0.0000 0.0000 0.0000 0.0000 0.0000 0.0000 0.0000 0.0000 0.0000 0.0000 0.0000 0.0000 0.0000 0.0000 0.0000 0.0000 0.0000 0.0000 0.0000 0.0000 0.0000 0.0000 0.0000 0.0000 0.0000 0.0000 0.0000 0.0000 0.0000 0.0000 0.0000 0.0000 0.0000 0.0000 0.0000 0.0000 0.0000 0.0000 0.0000 0.0000 0.0000 0.0000 0.0000 0.0000 0.0000 0.0000 0.0000 0.0000 0.0000 0.0000 0.0000 0.0000 0.0000 0.0000 0.0000 0.0000 0.0000 0.0000 0.0000 0.0000 0.0000 0.0000 0.0000 0.0000 0.0000 0.0000 0.0000 0.0000 0.0000 0.0000 0.0000 0.0000 0.0000 0.0000 0.0000 0.0000 0.0000 0.0000 0.0000 0.0000 0.0000 0.0000 0.0000 0.0000 0.0000 0.0000 0.0000 0.0000 0.0000 0.0000 0.0000 0.0000 0.0000 0.0000 0.0000 0.0000 0.0000 0.0000 0.0000 0.0000 0.0000 0.0000 0.0000 0.0000 0.0000 0.0000 0.0000 0.0000 0.0000 0.0000 0.0000 0.0000 0.0000 0.0000 0.0000 0.0000 0.0000 0.0000 0.0000 0.0000 0.0000 0.0000 0.0000 0.0000 0.0000 0.0000 0.0000 0.0000 0.0000 0.0000 0.0000 0.0000 0.0000 0.0000 0.0000 0.0000 0.0000 0.0000 0.0000 0.0000 0.0000 0.0000 0.0000 0.0000 0.0000 0.0000 0.0000 0.0000 0.0000 0.0000 0.0000 0.0000 0.0000 0.0000 0.0000 0.0000 0.0000 0.0000 0.0000 0.0000 0.0000 0.0000 0.0000 0.0000 0.0000 0.0000 0.0000 0.0000 0.0000 0.0000 0.0000 0.0000 0.0000 0.0000 0.0000 0.0000 0.0000 0.0000 0.0000 0.0000 0.0000 0.0000 0.0000 0.0000 0.0000 0.0000 0.0000 0.0000 0.0000 0.0000 0.0000 0.0000 0.0000 0.0000 0.0000 0.0000 0.0000 0.0000 0.0000 0.0000 0.0000 0.0000 0.0000 0.0000 0.0000 0.0000 0.0000 0.0000 0.0000 0.0000 0.0000 0.0000 0.0000
0.0000 0.0000 4683.1332 1597.0000 3672.9615 4758.9762 0.0000 1093.0004 0.0000 0.0000 11764.9779 2811.7049 2897.0720 0.0000 0.0000 0.0000 1259.0002 0.0000 0.0000 705.6690 0.0000 2300.4735 2704.8710 0.0000 0.0000 0.0000 0.0000 0.0000 1279.7118 0.0000 0.0000 2347.5405 1958.6000 6359.6807 5848.5197 1472.0482 0.0000 1579.0000 465.0289 764.7510 0.0000 0.0000 1190.8644 0.0000 0.0000 2282.7750 2432.9551 1863.1486 695.1630 0.0000 0.0000 1890.0230 2026.3985 0.0000 0.0000 3143.9380 0.0000 0.0000 4443.9563 0.0000 0.0000 348.6498 1171.8545 1916.3240 3136.3585 2525.0736 0.0000 0.0000 1884.5958 1300.1293 3416.0176 0.0000 0.0000 0.0000 0.0000 856.3046 2203.9035 0.0000 2527.9656 778.6073 1465.7020 4715.8959 1355.0148 0.0000 1078.9549 893.2818 0.0000 0.0000 0.0000 723.1551 564.9699 0.0000 0.0000 987.7685 792.8133 0.0000 8943.1082 2426.5409 677.4222 0.0000 1392.8676 0.0000 1568.6202 598.3972 0.0000 714.8518 0.0000 625.0000 0.0000 769.5774 0.0000 0.0000 0.0000 0.0000 1152.5868 0.0000 0.0000 0.0000 0.0000 0.0000 0.0000 0.0000 7131.0998 777.3256 825.9900 0.0000 0.0000 711.1458 1473.7881 0.0000 4026.7603 0.0000 669.8786 745.2937 703.4618 0.0000 481.0014 0.0000 0.0000 0.0000 0.0000 0.0000 0.0000 0.0000 0.0000 0.0000 0.0000 0.0000 0.0000 0.0000 0.0000 0.0000 0.0000 0.0000 0.0000 0.0000 0.0000 0.0000 0.0000 0.0000 0.0000 0.0000 0.0000 0.0000 0.0000 0.0000 0.0000 0.0000 0.0000 0.0000 0.0000 0.0000 0.0000 0.0000 0.0000 0.0000 0.0000 0.0000 0.0000 0.0000 0.0000 0.0000 0.0000 0.0000 0.0000 0.0000 0.0000 0.0000 0.0000 0.0000 0.0000 0.0000 0.0000 0.0000 0.0000 0.0000 0.0000 0.0000 0.0000 0.0000 0.0000 0.0000 0.0000 0.0000 0.0000 0.0000 0.0000 0.0000 0.0000 0.0000 0.0000 0.0000 0.0000 0.0000 0.0000 0.0000 0.0000 0.0000 0.0000 0.0000 0.0000 0.0000 0.0000 0.0000 0.0000 0.0000 0.0000 0.0000 0.0000 0.0000 0.0000 0.0000 0.0000 0.0000 0.0000 0.0000 0.0000 0.0000 0.0000 0.0000 0.0000 0.0000 0.0000 0.0000 0.0000 0.0000 0.0000 0.0000 0.0000 0.0000 0.0000 0.0000 0.0000 0.0000 0.0000 0.0000 0.0000 0.0000 0.0000 0.0000 0.0000 0.0000 0.0000 0.0000 0.0000 0.0000 0.0000 0.0000 0.0000 0.0000 0.0000 0.0000 0.0000 0.0000 0.0000 0.0000 0.0000 0.0000 0.0000 0.0000 0.0000 0.0000 0.0000 0.0000 0.0000 0.0000 0.0000 0.0000 0.0000 0.0000 0.0000 0.0000 0.0000 0.0000 0.0000 0.0000 0.0000 0.0000 0.0000 0.0000 0.0000 0.0000 0.0000 0.0000 0.0000 0.0000 0.0000 0.0000 0.0000 0.0000 0.0000 0.0000 0.0000 0.0000 0.0000 0.0000 0.0000 0.0000 0.0000 0.0000 0.0000 0.0000 0.0000 0.0000 0.0000 0.0000 0.0000 0.0000 0.0000 0.0000 0.0000 0.0000 0.0000 0.0000 0.0000 0.0000 0.0000 0.0000 0.0000 0.0000 0.0000 0.0000 0.0000 0.0000 0.0000 0.0000 0.0000 0.0000 0.0000 0.0000 0.0000 0.0000 0.0000 0.0000 0.0000 0.0000 0.0000 0.0000 0.0000 0.0000 0.0000 0.0000 0.0000 0.0000 0.0000 0.0000 0.0000 0.0000 0.0000 0.0000 0.0000 0.0000 0.0000 0.0000 0.0000 0.0000 0.0000 0.0000 0.0000 0.0000 0.0000 0.0000 0.0000 0.0000 0.0000 0.0000 0.0000 0.0000 0.0000 0.0000 0.0000 0.0000 0.0000 0.0000 0.0000 0.0000
Cluster phi posterior values
0.1743 0.0391 0.2798 0.4370 0.2289 0.0958 0.1953 0.2948 0.2836 0.0548 0.5000 0.1753 0.1721 0.0374 0.2088 0.5000 0.1987 0.2300 0.1362 0.1618 0.5000 0.2583 0.0713 0.0971 0.1565 0.1327 0.1912 0.1771 0.5858 0.0206 0.1936 0.1837 0.5000 0.1159 0.2397 0.1481 0.1995 0.0209 0.2327 0.2294 0.1581 0.1948 0.2928 0.1609 0.1283 0.2482 0.2063 0.1949 0.2013 0.3269 0.0125 0.2843 0.2236 0.2123 0.1562 0.1941 0.1399 0.2095 0.2735 0.1516 0.2242 0.2487 0.1625 0.1628 0.1354 0.2454 0.1878 0.2429 0.1305 0.1540 0.1854 0.3606 0.2461 0.3285 0.0820 0.1552 0.1120 0.1745
0.1525 0.0235 0.2233 0.3774 0.1909 0.0885 0.1020 0.2886 0.2083 0.5000 0.0509 0.1253 0.1904 0.0963 0.1495 0.0121 0.1697 0.1499 0.1158 0.1323 0.5000 0.2228 0.0290 0.0836 0.1520 0.1215 0.1788 0.1478 0.4738 0.5000 0.2125 0.1589 0.0160 0.0949 0.1743 0.1207 0.1986 0.0343 0.1848 0.2267 0.1191 0.1459 0.2283 0.1392 0.1008 0.2259 0.1466 0.1385 0.1267 0.2040 0.5000 0.2678 0.1741 0.1518 0.1346 0.1863 0.1280 0.1926 0.2381 0.1045 0.1410 0.1844 0.1132 0.1485 0.1061 0.1980 0.1425 0.1442 0.1577 0.0807 0.1953 0.2397 0.2124 0.2346 0.0334 0.1969 0.1080 0.1434
0.1858 0.0434 0.2584 0.4610 0.2180 0.0880 0.1217 0.3550 0.1626 0.5000 0.5000 0.1226 0.2400 0.5000 0.1644 0.1201 0.1836 0.1844 0.0974 0.1118 0.5000 0.2410 0.0417 0.0849 0.1272 0.1500 0.1990 0.1383 0.5625 0.5000 0.3016 0.1648 0.0593 0.0987 0.2192 0.1079 0.1717 0.1019 0.2347 0.2493 0.1087 0.1307 0.1860 0.1322 0.1334 0.2696 0.1351 0.1905 0.1393 0.2817 0.5000 0.3142 0.2275 0.1751 0.1977 0.2164 0.1361 0.2727 0.2563 0.1374 0.1495 0.2328 0.1106 0.1712 0.1004 0.2787 0.1422 0.2257 0.1657 0.1222 0.2018 0.3304 0.2018 0.2974 0.0723 0.2019 0.0680 0.2129
0.2642 0.5000 0.3888 0.5621 0.3057 0.1569 0.1408 0.4297 0.3509 0.5000 0.5000 0.2781 0.2645 0.0873 0.1211 0.5000 0.2548 0.2594 0.2073 0.2024 0.0389 0.2766 0.0250 0.0972 0.2539 0.1957 0.2765 0.1416 0.6913 0.0342 0.3840 0.2943 0.5000 0.1604 0.3815 0.0848 0.1995 0.5000 0.2402 0.3907 0.2306 0.3177 0.2478 0.2587 0.1223 0.3478 0.3305 0.2917 0.2304 0.3951 0.5000 0.3732 0.2535 0.2221 0.2600 0.2663 0.1449 0.3353 0.4007 0.2046 0.2910 0.2851 0.1879 0.2176 0.1841 0.2384 0.2495 0.3744 0.1804 0.2451 0.1667 0.6296 0.2864 0.4530 0.0632 0.2290 0.1569 0.2282
0.1757 0.5000 0.3463 0.4815 0.2544 0.1337 0.2218 0.4292 0.3298 0.5000 0.0598 0.2684 0.2166 0.0532 0.2965 0.5000 0.2873 0.2048 0.2466 0.2924 0.5000 0.2809 0.5000 0.1767 0.2241 0.1618 0.2348 0.2320 0.6198 0.5000 0.3071 0.3234 0.5000 0.2040 0.2900 0.2147 0.2720 0.1000 0.2624 0.3183 0.1960 0.2114 0.3324 0.3247 0.1265 0.2937 0.2775 0.2530 0.2185 0.3221 0.1559 0.3164 0.2056 0.1570 0.2285 0.2601 0.1659 0.3234 0.3754 0.2403 0.3714 0.2664 0.1981 0.1997 0.1560 0.3054 0.2554 0.3782 0.1803 0.2356 0.2415 0.4817 0.1968 0.3939 0.0810 0.1798 0.1707 0.2600
