1 #sols

4
12
0 0 0 0.0348513 0.0212766 0.0652174 0.0438596 0.335714 0.469355 0.0380762 0 0 
0.0466667 0.166667 0 0 0.380952 0.177778 0.259843 0.401274 0.404959 0.402198 0.0833333 0.0625 
0 0.307692 0.0358744 0 0.02 0 0.0220264 0.253425 0.260229 0.047836 0.188552 0.0408163 
0.0945946 0 0.257042 0.023309 0.303571 0 0.389105 0.5 0.410256 0.431373 0 0.343434 

Sample_0 Sample_1 Sample_2 Sample_3 
84;85;86;87;88;89;90;91;92;93 81 94;95;96;97;98 2;3;4;5;6;7;8;9;10;11;12;13;14;15;16;17;18;19;20;21;22;23;24;25;26;27;28;29;30;31;32;33;34;35;36;37;38;39;40;41;42;43;44;45 49 61;62 47;51;52;53;60 66;67;74 63;64;65;68;69;70;71;72;73;75;76;77 46;48;50;54;55;56;57;58;59 78;79;80;82;83;99 0;1 

4
6
0.471291 0 0.130435 0.0697026 0 0 
0.186992 0.166667 0.355556 0 0 0.0933333 
0.0579961 0.377104 0 0 0.0717489 0 
0.250108 0 0 0.0466179 0.514085 0.189189 
6
6
1 0 0 0 0 0 
1 1 0 0 0 0 
1 0 1 0 0 0 
1 0 0 1 0 0 
1 0 0 0 1 0 
1 0 0 0 0 1 

1 0.943155 0.999883 1 1 1 
4
6
0.335714 0 0.0652174 0.0348513 0 0 
0.401274 0.0833333 0.177778 0 0 0.0466667 
0.253425 0.188552 0 0 0.0358744 0 
0.5 0 0 0.023309 0.257042 0.0945946 

Sample_0 Sample_1 Sample_2 Sample_3 
7 10 5 3 2 0 

