MultiBinom clustering
Convergence threshold: 1.000000
Initial num clusters: 75
kmeans: True

Time taken: 6.245261
ARI: 0.923332
Cluster freq error: 0.006472
Num active clusters: 12
Cluster assignments
11
11
3
3
3
3
3
3
3
3
3
3
3
3
3
3
3
3
3
3
3
3
3
3
3
3
3
3
3
3
3
3
3
3
3
3
3
3
3
3
3
3
3
3
3
3
9
6
9
4
9
6
6
6
9
9
9
9
9
9
6
5
5
8
8
8
7
7
8
8
8
8
8
8
7
8
8
8
10
10
10
1
10
10
0
0
0
0
0
0
0
0
0
0
2
2
2
2
2
10
Alpha posterior values
0.0000 0.0000 0.0000 0.0000 0.0000 0.0000 74.9999 0.0000 0.0000 1.6368 6.0001 0.0000 0.0000 12.3432 61.3762 276.6238 16.0199 0.0000 0.0000 0.0000 0.0000 0.0000 0.0000 0.0000 0.0000 0.0000 0.0000 0.0000 0.0000 0.0000 0.0000 0.0001 0.0000 0.0000 0.0000 0.0000 0.0000 0.0000 0.0000 0.0000 0.0000 0.0000 0.0000 0.0000 0.0000 0.0000 0.0000 0.0000 0.0000 0.0000 0.0000 0.0000 0.0000 0.0000 0.0000 0.0000 0.0000 0.0000 0.0000 0.0000 0.0000 0.0000 0.0000 0.0000 0.0000 0.0000 0.0000 0.0000 0.0000 0.0000 0.0000 0.0000 0.0000 0.0000 0.0000 0.0000 0.0000 0.0000 0.0000 0.0000 0.0000 0.0000 0.0000 0.0000 0.0000 0.0000 0.0000 0.0000 0.0000 0.0000 0.0000 0.0000 0.0000 0.0000 0.0000 0.0000 0.0000 0.0000 0.0000 0.0000
0.0000 20.9947 0.0000 8.9711 0.0000 0.0000 0.0000 0.0000 0.0000 28.2476 16.0000 0.0000 0.0000 91.2411 68.1864 239.8136 145.5130 0.0000 23.0289 0.0000 6.0030 0.0000 0.0000 0.0000 0.0000 0.0000 0.0000 0.0000 0.0000 0.0000 0.0000 0.0005 0.0000 0.0000 0.0000 0.0000 0.0000 0.0000 0.0000 0.0000 0.0000 0.0000 0.0000 0.0000 0.0000 0.0000 0.0000 0.0000 0.0000 0.0000 0.0000 0.0000 0.0000 0.0000 0.0000 0.0000 0.0000 0.0000 0.0000 0.0000 0.0000 0.0000 0.0000 0.0000 0.0000 0.0000 0.0000 0.0000 0.0000 0.0000 0.0000 0.0000 0.0000 0.0000 0.0000 0.0000 0.0000 0.0000 0.0000 0.0000 0.0000 0.0000 0.0000 0.0000 0.0000 0.0000 0.0000 0.0000 0.0000 0.0000 0.0000 0.0000 0.0000 0.0000 0.0000 0.0000 0.0000 0.0000 0.0000 0.0000
0.0000 0.0000 0.0000 20.0952 7.9830 0.0000 0.0000 0.0000 0.0000 2.3291 0.0000 0.0000 0.0000 7.0547 43.7851 152.2149 17.6169 0.0000 51.9048 0.0000 4.0162 0.0000 0.0000 0.0000 0.0000 0.0000 0.0000 0.0000 0.0000 0.0000 0.0000 0.0001 0.0000 0.0000 0.0000 0.0000 0.0000 0.0000 0.0000 0.0000 0.0000 0.0000 0.0000 0.0000 0.0000 0.0000 0.0000 0.0000 0.0000 0.0000 0.0000 0.0000 0.0000 0.0000 0.0000 0.0000 0.0000 0.0000 0.0000 0.0000 0.0000 0.0000 0.0000 0.0000 0.0000 0.0000 0.0000 0.0000 0.0000 0.0000 0.0000 0.0000 0.0000 0.0000 0.0000 0.0000 0.0000 0.0000 0.0000 0.0000 0.0000 0.0000 0.0000 0.0000 0.0000 0.0000 0.0000 0.0000 0.0000 0.0000 0.0000 0.0000 0.0000 0.0000 0.0000 0.0000 0.0000 0.0000 0.0000 0.0000
0.0000 44.9121 0.0000 0.0000 75.5054 0.0000 51.9559 0.0000 0.0000 24.4584 0.0000 0.0000 0.0000 117.7197 80.2568 233.7432 150.8322 0.0000 0.0000 0.0000 34.1367 0.0000 0.4792 0.0000 0.0000 0.0000 0.0000 0.0000 0.0000 0.0000 0.0000 0.0006 0.0000 0.0000 0.0000 0.0000 0.0000 0.0000 0.0000 0.0000 0.0000 0.0000 0.0000 0.0000 0.0000 0.0000 0.0000 0.0000 0.0000 0.0000 0.0000 0.0000 0.0000 0.0000 0.0000 0.0000 0.0000 0.0000 0.0000 0.0000 0.0000 0.0000 0.0000 0.0000 0.0000 0.0000 0.0000 0.0000 0.0000 0.0000 0.0000 0.0000 0.0000 0.0000 0.0000 0.0000 0.0000 0.0000 0.0000 0.0000 0.0000 0.0000 0.0000 0.0000 0.0000 0.0000 0.0000 0.0000 0.0000 0.0000 0.0000 0.0000 0.0000 0.0000 0.0000 0.0000 0.0000 0.0000 0.0000 0.0000
Beta posterior values
0.0000 425.6549 0.0000 78.2575 279.6282 0.0000 2077.5789 0.0000 0.0000 70.4253 86.0031 0.0000 0.0000 284.7520 106.5735 315.4265 388.8709 0.0000 273.7426 0.0000 119.4820 0.0000 8.5197 0.0000 0.0000 0.0000 0.0000 0.0000 0.0000 0.0000 0.0727 0.0014 0.0000 0.0108 0.0000 0.0000 0.0000 0.0000 0.0000 0.0000 0.0000 0.0000 0.0000 0.0000 0.0000 0.0000 0.0000 0.0000 0.0000 0.0000 0.0000 0.0000 0.0000 0.0000 0.0000 0.0000 0.0000 0.0000 0.0000 0.0000 0.0000 0.0000 0.0000 0.0000 0.0000 0.0000 0.0000 0.0000 0.0000 0.0000 0.0000 0.0000 0.0000 0.0000 0.0000 0.0000 0.0000 0.0000 0.0000 0.0000 0.0000 0.0000 0.0000 0.0000 0.0000 0.0000 0.0000 0.0000 0.0000 0.0000 0.0000 0.0000 0.0000 0.0000 0.0000 0.0000 0.0000 0.0000 0.0000 0.0000
0.0000 395.7424 0.0000 60.5926 284.6207 0.0000 2153.0780 0.0000 0.0000 41.0414 74.0030 0.0000 0.0000 217.2480 103.7504 350.2496 227.7391 0.0000 243.4075 0.0000 90.4938 0.0000 8.9506 0.0000 0.0000 0.0000 0.0000 0.0000 0.0000 0.0000 0.0715 0.0009 0.0000 0.0106 0.0000 0.0000 0.0000 0.0000 0.0000 0.0000 0.0000 0.0000 0.0000 0.0000 0.0000 0.0000 0.0000 0.0000 0.0000 0.0000 0.0000 0.0000 0.0000 0.0000 0.0000 0.0000 0.0000 0.0000 0.0000 0.0000 0.0000 0.0000 0.0000 0.0000 0.0000 0.0000 0.0000 0.0000 0.0000 0.0000 0.0000 0.0000 0.0000 0.0000 0.0000 0.0000 0.0000 0.0000 0.0000 0.0000 0.0000 0.0000 0.0000 0.0000 0.0000 0.0000 0.0000 0.0000 0.0000 0.0000 0.0000 0.0000 0.0000 0.0000 0.0000 0.0000 0.0000 0.0000 0.0000 0.0000
0.0000 446.4865 0.0000 53.0344 238.0048 0.0000 2138.8485 0.0000 0.0000 73.7387 115.0029 0.0000 0.0000 278.7597 130.5664 430.4336 336.5343 0.0000 223.9657 0.0000 94.4026 0.0000 9.1417 0.0000 0.0000 0.0000 0.0000 0.0000 0.0000 0.0000 0.0689 0.0011 0.0000 0.0102 0.0000 0.0000 0.0000 0.0000 0.0000 0.0000 0.0000 0.0000 0.0000 0.0000 0.0000 0.0000 0.0000 0.0000 0.0000 0.0000 0.0000 0.0000 0.0000 0.0000 0.0000 0.0000 0.0000 0.0000 0.0000 0.0000 0.0000 0.0000 0.0000 0.0000 0.0000 0.0000 0.0000 0.0000 0.0000 0.0000 0.0000 0.0000 0.0000 0.0000 0.0000 0.0000 0.0000 0.0000 0.0000 0.0000 0.0000 0.0000 0.0000 0.0000 0.0000 0.0000 0.0000 0.0000 0.0000 0.0000 0.0000 0.0000 0.0000 0.0000 0.0000 0.0000 0.0000 0.0000 0.0000 0.0000
0.0000 444.2458 0.0000 79.0290 226.6814 0.0000 2136.9810 0.0000 0.0000 50.3445 90.0030 0.0000 0.0000 188.8540 88.2603 330.7397 188.8225 0.0000 277.9711 0.0000 65.4202 0.0000 8.5672 0.0000 0.0000 0.0000 0.0000 0.0000 0.0000 0.0000 0.0694 0.0007 0.0000 0.0103 0.0000 0.0000 0.0000 0.0000 0.0000 0.0000 0.0000 0.0000 0.0000 0.0000 0.0000 0.0000 0.0000 0.0000 0.0000 0.0000 0.0000 0.0000 0.0000 0.0000 0.0000 0.0000 0.0000 0.0000 0.0000 0.0000 0.0000 0.0000 0.0000 0.0000 0.0000 0.0000 0.0000 0.0000 0.0000 0.0000 0.0000 0.0000 0.0000 0.0000 0.0000 0.0000 0.0000 0.0000 0.0000 0.0000 0.0000 0.0000 0.0000 0.0000 0.0000 0.0000 0.0000 0.0000 0.0000 0.0000 0.0000 0.0000 0.0000 0.0000 0.0000 0.0000 0.0000 0.0000 0.0000 0.0000
Cluster phi posterior values
0.0000 0.0000 0.0000 0.0344 0.0147 0.0588 0.0389 0.3642 0.4671 0.0376 0.0000 0.0000
0.0484 0.1225 0.0000 0.0000 0.4061 0.1729 0.2946 0.3956 0.4061 0.3893 0.0838 0.0561
0.0000 0.2710 0.0292 0.0000 0.0232 0.0000 0.0218 0.2489 0.2605 0.0475 0.1862 0.0345
0.0903 0.0000 0.2485 0.0233 0.3242 0.0000 0.3833 0.4760 0.4138 0.4438 0.0000 0.3407
