gene_id	Sample_0	Sample_0	Sample_1	Sample_1	Sample_2	Sample_2	Sample_3	Sample_3	Sample_4	Sample_4
0;1;2;3;4;5;6;7;10;11;12;14;15;16;17;18;19;20;22;23;25;26;27	1134	0	1135	0	1111	66	1202	0	1046	126
73;74;75;76;77;78;79;80;81;82;83;84;85;86;87;88;89	843	45	548	273	530	314	656	200	477	376
40	34	3	26	18	51	1	49	13	58	11
65;66;67;68;69;70;71;72	396	0	432	0	281	119	402	0	417	4
94;95;96;97;98;99	267	0	313	0	280	5	275	39	265	0
47;48;49;50;51;52;53;54;55;56;57;58;59;60;61;62;63;64	953	0	630	316	899	0	886	51	914	0
8;9;13;21;24;44;45;46	422	0	396	0	389	0	388	0	326	44
32;33;34;38;43	236	9	164	74	256	0	192	67	171	80
28;29;30;31;35;36;37;41;42	430	31	262	170	461	10	397	106	277	151
39	56	4	50	12	50	0	32	15	26	22
90;91;92;93	199	0	221	0	163	0	190	15	197	10
