1 #sols

5
11
0 0.0506757 0.0810811 0 0 0 0 0.0367347 0.0672451 0.0666667 0 
0 0.332521 0.409091 0 0 0.334038 0 0.310924 0.393519 0.193548 0 
0.0560748 0.372038 0.0192308 0.2975 0.0175439 0 0 0 0.0212314 0 0 
0 0.233645 0.209677 0 0.124204 0.054429 0 0.258687 0.210736 0.319149 0.0731707 
0.107509 0.440797 0.15942 0.00950119 0 0 0.118919 0.318725 0.352804 0.458333 0.0483092 

Sample_0 Sample_1 Sample_2 Sample_3 Sample_4 
0;1;2;3;4;5;6;7;10;11;12;14;15;16;17;18;19;20;22;23;25;26;27 73;74;75;76;77;78;79;80;81;82;83;84;85;86;87;88;89 40 65;66;67;68;69;70;71;72 94;95;96;97;98;99 47;48;49;50;51;52;53;54;55;56;57;58;59;60;61;62;63;64 8;9;13;21;24;44;45;46 32;33;34;38;43 28;29;30;31;35;36;37;41;42 39 90;91;92;93 

5
6
0.101351 0 0 0 0 0 
0.665043 0 0 0 0 0 
0.00183858 0 0 0.0350877 0.595 0.11215 
0.0725406 0.146341 0 0.248408 0 0 
0.313119 0.0966184 0.237838 0 0.0190024 0.215017 
6
6
1 0 0 0 0 0 
1 1 0 0 0 0 
1 0 1 0 0 0 
1 0 0 1 0 0 
1 0 0 0 1 0 
1 0 0 0 0 1 

1 0.999929 1 0.999989 0.9951 1 
5
6
0.0506757 0 0 0 0 0 
0.332521 0 0 0 0 0 
0.372038 0 0 0.0175439 0.2975 0.0560748 
0.233645 0.0731707 0 0.124204 0 0 
0.440797 0.0483092 0.118919 0 0.00950119 0.107509 

Sample_0 Sample_1 Sample_2 Sample_3 Sample_4 
1 10 6 4 3 0 

