1 #sols

6
9
0.124654 0 0.012 0.168057 0.0184332 0 0.292587 0.00515464 0.148515 
0 0.283451 0.0685921 0.0876289 0 0.0689338 0.352941 0.0735294 0 
0.108108 0 0.198413 0.205257 0 0 0.477399 0.146226 0 
0 0.211368 0 0 0 0 0.236227 0 0 
0.386997 0 0.185654 0.11772 0.124378 0 0.48629 0.0670391 0.362745 
0.0791789 0 0.0522088 0.339793 0 0.00361664 0.420695 0.0357143 0.0793651 

Sample_0 Sample_1 Sample_2 Sample_3 Sample_4 Sample_5 
24;25;26;27;28;29;30 66;67;68;69;70;71;72;73;74;75;76 1;3;5;7;8 9;10;11;12;13;14;15;16;17;18;19;20;21;22;23;77 57;58;59;60 78;79;80;81;82;83;84;85;86;87;88;89;90;91;92;93;94;95;96;97;98;99 32;33;34;35;36;37;38;39;40;41;42;43;44;45;46;47;48;49;50;51;52;53;54;55;56 0;2;4;6 31;61;62;63;64;65 

6
6
0.177883 0.0103093 0 0.0368664 0.336114 0.024 
0.108514 0.147059 0.137868 0 0.175258 0.137184 
0 0.292453 0 0 0.380722 0.281623 
0.472454 0 0 0 0 0 
0 0.134078 0 0.248756 0.218438 0.371308 
0 0.0714286 0.00723327 0 0.65831 0.104418 
6
6
1 0 0 0 0 0 
1 1 0 0 0 0 
1 0 1 0 0 0 
1 0 0 1 0 0 
1 0 0 0 1 0 
1 0 0 0 0 1 

1 1 1 1 0.99988 1 
6
6
0.292587 0.00515464 0 0.0184332 0.168057 0.012 
0.352941 0.0735294 0.0689338 0 0.0876289 0.0685921 
0.477399 0.146226 0 0 0.190361 0.140812 
0.236227 0 0 0 0 0 
0.48629 0.0670391 0 0.124378 0.109219 0.185654 
0.420695 0.0357143 0.00361664 0 0.329155 0.0522088 

Sample_0 Sample_1 Sample_2 Sample_3 Sample_4 Sample_5 
6 7 5 4 3 2 

