1 #sols

6
9
0.0184332 0 0.276667 0.148515 0 0.168057 0.124654 0.297521 0.00900901 
0 0.283451 0.411576 0 0.0689338 0.0876289 0 0.334353 0.0706861 
0 0 0.505338 0 0 0.205257 0.108108 0.469388 0.174569 
0 0.211368 0.174658 0 0 0 0 0.256071 0 
0.124378 0 0.413194 0.362745 0 0.11772 0.386997 0.508403 0.134615 
0 0 0.44795 0.0793651 0.00361664 0.339793 0.0791789 0.412115 0.0449438 

Sample_0 Sample_1 Sample_2 Sample_3 Sample_4 Sample_5 
57;58;59;60 66;67;68;69;70;71;72;73;74;75;76 32;37;39;42;47;56 31;61;62;63;64;65 78;79;80;81;82;83;84;85;86;87;88;89;90;91;92;93;94;95;96;97;98;99 9;10;11;12;13;14;15;16;17;18;19;20;21;22;23;77 24;25;26;27;28;29;30 33;34;35;36;38;40;41;43;44;45;46;48;49;50;51;52;53;54;55 0;1;2;3;4;5;6;7;8 

6
6
0.243127 0.018018 0 0.29703 0 0.0368664 
0 0.141372 0.102724 0 0.50397 0 
0.589638 0.349138 0 0 0 0 
0.0894059 0 0 0 0.422735 0 
0 0.193069 0 0.65708 0 0.149851 
0.568379 0.0898876 0.00723327 0.15873 0 0 
6
6
1 0 0 0 0 0 
1 1 0 0 0 0 
1 0 1 0 0 0 
1 0 0 1 0 0 
1 0 0 0 1 0 
1 0 0 0 0 1 

1 1 1 0.999996 0.974491 1 
6
6
0.297521 0.00900901 0 0.148515 0 0.0184332 
0.374033 0.0706861 0.0513622 0 0.251985 0 
0.469388 0.174569 0 0 0 0 
0.256071 0 0 0 0.211368 0 
0.5 0.0965346 0 0.32854 0 0.0749256 
0.412115 0.0449438 0.00361664 0.0793651 0 0 

Sample_0 Sample_1 Sample_2 Sample_3 Sample_4 Sample_5 
7 8 4 3 1 0 

