gene_id	Sample_0	Sample_0	Sample_1	Sample_1	Sample_2	Sample_2	Sample_3	Sample_3
2;6;9;17;21;22;23;27;29;30	324	127	489	27	301	202	292	186
72;94;95;97;99	251	0	218	18	208	45	261	0
54;55;56;57;58;59;60;61;62;63	535	25	536	0	510	0	283	218
64;65;66	136	0	107	52	134	0	163	0
51	28	24	29	33	30	25	37	21
53;67;68;69;70;71;73;74;75;76;77;78;79;80;81;82;83;84;85;86;87;88;89;90;91;92;93;96;98	1474	0	1426	14	1283	206	1489	0
0;1;3;4;5;7;8;10;11;12;13;14;15;16;18;19;20;24;25;26;28;31	758	318	982	102	728	321	656	503
33;34;35;36;37;38;39;40;41;42	337	145	498	8	505	0	291	182
43;44;45;46;48;49;50	263	62	333	0	288	60	371	0
47;52	67	13	123	1	86	1	91	0
32	47	4	52	1	53	0	23	20
