1 #sols

4
11
0.281596 0 0.0446429 0 0.461538 0 0.295539 0.30083 0.190769 0.1625 0.0784314 
0.0523256 0.0762712 0 0.327044 0.532258 0.00972222 0.0940959 0.0158103 0 0.00806452 0.0188679 
0.40159 0.177866 0 0 0.454545 0.138348 0.306006 0 0.172414 0.0114943 0 
0.389121 0 0.43513 0 0.362069 0 0.433995 0.384778 0 0 0.465116 

Sample_0 Sample_1 Sample_2 Sample_3 
2;6;9;17;21;22;23;27;29;30 72;94;95;97;99 54;55;56;57;58;59;60;61;62;63 64;65;66 51 53;67;68;69;70;71;73;74;75;76;77;78;79;80;81;82;83;84;85;86;87;88;89;90;91;92;93;96;98 0;1;3;4;5;7;8;10;11;12;13;14;15;16;18;19;20;24;25;26;28;31 33;34;35;36;37;38;39;40;41;42 43;44;45;46;48;49;50 47;52 32 

4
6
0.216538 0 0 0.325 0.381538 0 
0.177241 0.133098 0.0194444 0.016129 0 0.654088 
0.185544 0.0790355 0.276696 0.0229885 0.344828 0 
0.724138 0 0 0 0 0 
6
6
1 0 0 0 0 0 
1 1 0 0 0 0 
1 1 1 0 0 0 
1 0 0 1 0 0 
1 0 0 0 1 0 
1 0 0 0 0 1 

1 0.999987 0.850457 0.99989 0.999978 0.997388 
4
6
0.461538 0 0 0.1625 0.190769 0 
0.5 0.0762712 0.00972222 0.00806452 0 0.327044 
0.454545 0.177866 0.138348 0.0114943 0.172414 0 
0.362069 0 0 0 0 0 

Sample_0 Sample_1 Sample_2 Sample_3 
4 1 5 9 8 3 

