1 #sols

5
11
0.0495495 0.211129 0.261826 0.225049 0.0399061 0 0.461538 0.169154 0 0 0.530201 
0.0366379 0.243671 0 0.17284 0 0 0.300613 0.129534 0.0060241 0.0336634 0.212025 
0 0.264274 0 0.106599 0 0.039886 0.423358 0 0 0.0794224 0.254613 
0.115124 0.140157 0.12234 0.100559 0 0.252137 0.453947 0 0.0555556 0 0.523622 
0 0.401527 0 0.376963 0.242678 0 0.415584 0.0714286 0 0.0758197 0.376543 

Sample_0 Sample_1 Sample_2 Sample_3 Sample_4 
14;15;16;17;18;19;21;23;24 86;87;88;89;90;92;93;94;95;96;97;98;99 36;37;38;39;40;41;42;43;44;45;46;47;48;49;50;51;52;53 26;27;28;29;30;31;32;33;34;35;91 54;55;56;57;58;59;60;61;62 72;73;74;75;76;77;78;79;80;81;82;83;84;85 7;11;12 0;1;2;3 20;22;25 4;63;64;65;66;67;68;69;70;71 5;6;8;9;10;13 

5
9
0 0 0 0.338308 0.0798122 0 0 0.451688 0.0568845 
0.114945 0.0745635 0.0120482 0.259067 0 0.0673267 0 0 0.0732759 
0.394901 0.213198 0 0 0 0.158845 0.0797721 0 0 
0 0.0315149 0.111111 0 0 0 0.424096 0.194215 0.161959 
0 0.125714 0 0.142857 0.485356 0.0994964 0 0 0 
9
9
1 0 0 0 0 0 0 0 0 
1 1 0 0 0 0 0 0 0 
1 1 1 0 0 0 0 0 0 
1 1 0 1 0 0 0 0 0 
1 1 0 0 1 0 0 0 0 
1 0 0 0 0 1 0 0 0 
1 0 0 0 0 0 1 0 0 
1 0 0 0 0 0 0 1 0 
1 0 0 0 0 0 0 0 1 

1 0.811914 0.935153 0.916179 0.999999 1 0.999999 0.999999 1 
5
9
0.463347 0.20906 0 0.169154 0.0399061 0 0 0.225844 0.0284423 
0.300613 0.17284 0.0060241 0.129534 0 0.0336634 0 0 0.0366379 
0.423358 0.106599 0 0 0 0.0794224 0.039886 0 0 
0.461448 0.071313 0.0555556 0 0 0 0.212048 0.0971077 0.0809797 
0.426712 0.376963 0 0.0714286 0.242678 0.0497482 0 0 0 

Sample_0 Sample_1 Sample_2 Sample_3 Sample_4 
6 3 8 7 4 9 5 2 0 

