1 #sols

5
12
0.16747 0.0027894 0.252159 0.19 0.178808 0 0.167614 0.303571 0.141026 0.00700935 0.0625 0.0903226 
0.128818 0 0.441696 0.151515 0.0671141 0.0561497 0.27095 0.56 0.0636364 0 0 0 
0.184697 0.053682 0.247863 0.140351 0.144828 0 0.161765 0.192308 0.247788 0 0.0403023 0 
0.0632911 0.0962457 0.342669 0.00943396 0.0273973 0 0.0116279 0.403509 0 0.123913 0 0.0816327 
0 0 0.0556492 0 0 0.0683761 0 0.0185185 0 0 0 0 

Sample_0 Sample_1 Sample_2 Sample_3 Sample_4 
2;3;5;6;8;9;10;11;14;15;18;19;21;22;24;78 0;25;26;27;29;30;32;33;34;35;36;38;39;40;41;43;44;46;47;48;49;51;52;53;54;55;56;57;58;59 60;61;62;63;64;65;67;68;69;70;71;72 13;79 1;16;23 93;94;95;96;97;98;99 7;17;20;76;77;80;81 66 4;12 28;31;37;42;45;50;82;83;84 85;86;87;88;89;90;91;92 73;74;75 

5
7
0 0.0904738 0.0736726 0.00314237 0.221909 0.38 0.00150387 
0.562742 0 0 0 0.134228 0.30303 0 
0 0 0.0418713 0 0.289655 0.280702 0.0803174 
0.129772 0.163265 0 0.247826 0.0547945 0.0188679 0.192491 
0.037037 0 0 0 0 0 0 
7
7
1 0 0 0 0 0 0 
1 1 0 0 0 0 0 
1 0 1 0 0 0 0 
1 0 0 1 0 0 0 
1 0 0 0 1 0 0 
1 0 0 0 0 1 0 
1 0 0 0 0 0 1 

1 0.918159 0.981576 0.988285 0.807635 0.815879 0.998729 
5
7
0.385351 0.0452369 0.0368363 0.00157118 0.110955 0.19 0.000751935 
0.5 0 0 0 0.0671141 0.151515 0 
0.346273 0 0.0209357 0 0.144828 0.140351 0.0401587 
0.403509 0.0816327 0 0.123913 0.0273973 0.00943396 0.0962457 
0.0185185 0 0 0 0 0 0 

Sample_0 Sample_1 Sample_2 Sample_3 Sample_4 
7 11 10 9 4 3 1 

