MultiBinom clustering
Convergence threshold: 1.000000
Initial num clusters: 75
kmeans: True

Time taken: 13.801588
ARI: 0.758629
Cluster freq error: 0.005313
Num active clusters: 13
Cluster assignments
9
9
9
9
9
9
1
1
1
1
1
1
1
1
1
1
1
1
1
1
1
1
1
12
2
2
2
2
2
0
5
0
0
0
0
0
0
0
0
5
0
5
0
5
0
5
0
5
0
5
8
8
4
4
4
8
4
4
4
4
4
4
4
4
4
4
8
4
4
8
4
8
4
4
4
4
4
4
8
4
4
4
8
4
4
4
8
10
3
11
6
6
6
7
7
7
7
7
7
7
Alpha posterior values
0.0000 0.0000 2.0000 0.0000 6.0006 0.0000 0.0000 0.0000 44.9994 0.0000 0.0000 0.0000 0.0000 9.0000 0.0000 0.0000 0.0000 0.0000 0.0000 0.0000 0.0000 0.0000 0.0000 0.0000 0.0000 0.0000 0.0000 0.0000 0.0000 0.0000 0.0000 0.0000 0.0000 0.0000 0.0000 0.0000 0.0000 0.0000 0.0000 0.0000 0.0000 0.0000 0.0000 0.0000 0.0000 0.0000 0.0000 0.0000 0.0000 0.0000 0.0000 0.0000 0.0000 0.0000 0.0000 0.0000 0.0000 0.0000 0.0000 0.0000 0.0000 0.0000 0.0000 0.0000 0.0000 0.0000 0.0000 0.0000 0.0000 0.0000 0.0000 0.0000 0.0000 0.0000 0.0000 0.0000 0.0000 0.0000 0.0000 0.0000 0.0000 0.0000 0.0000 0.0000 0.0000 0.0000 0.0000 0.0000 0.0000 0.0000 0.0000 0.0000 0.0000 0.0000 0.0000 0.0000 0.0000 0.0000 0.0000 0.0000
0.0000 0.0000 10.9948 96.9255 17.0000 0.0000 0.0000 0.0000 57.0000 7.0052 0.0000 8.0000 0.0000 0.0000 0.0000 0.0000 0.0000 0.0000 0.0000 0.0000 0.0000 0.0000 0.0000 16.0745 0.0000 0.0000 0.0000 0.0000 0.0000 0.0000 0.0000 0.0000 0.0000 0.0000 0.0000 0.0000 0.0000 0.0000 0.0000 0.0000 0.0000 0.0000 0.0000 0.0000 0.0000 0.0000 0.0000 0.0000 0.0000 0.0000 0.0000 0.0000 0.0000 0.0000 0.0000 0.0000 0.0000 0.0000 0.0000 0.0000 0.0000 0.0000 0.0000 0.0000 0.0000 0.0000 0.0000 0.0000 0.0000 0.0000 0.0000 0.0000 0.0000 0.0000 0.0000 0.0000 0.0000 0.0000 0.0000 0.0000 0.0000 0.0000 0.0000 0.0000 0.0000 0.0000 0.0000 0.0000 0.0000 0.0000 0.0000 0.0000 0.0000 0.0000 0.0000 0.0000 0.0000 0.0000 0.0000 0.0000
0.0000 0.0000 0.0000 0.0000 14.9994 154.8063 0.0000 0.0000 70.0006 1.0000 70.4268 89.0001 0.0000 10.0000 0.0000 8.7669 10.9999 0.0000 0.0000 0.0000 0.0000 0.0000 0.0000 0.0000 0.0000 0.0000 0.0000 0.0000 0.0000 0.0000 0.0000 0.0000 0.0000 0.0000 0.0000 0.0000 0.0000 0.0000 0.0000 0.0000 0.0000 0.0000 0.0000 0.0000 0.0000 0.0000 0.0000 0.0000 0.0000 0.0000 0.0000 0.0000 0.0000 0.0000 0.0000 0.0000 0.0000 0.0000 0.0000 0.0000 0.0000 0.0000 0.0000 0.0000 0.0000 0.0000 0.0000 0.0000 0.0000 0.0000 0.0000 0.0000 0.0000 0.0000 0.0000 0.0000 0.0000 0.0000 0.0000 0.0000 0.0000 0.0000 0.0000 0.0000 0.0000 0.0000 0.0000 0.0000 0.0000 0.0000 0.0000 0.0000 0.0000 0.0000 0.0000 0.0000 0.0000 0.0000 0.0000 0.0000
145.9450 0.0000 0.0000 24.9911 10.0004 48.6531 0.0000 38.0281 52.9996 0.0000 40.0948 59.0000 0.0000 20.0000 0.0000 1.2789 0.0000 0.0000 0.0000 0.0000 0.0000 0.0000 0.0000 2.0089 0.0000 0.0000 0.0000 0.0000 0.0000 0.0000 0.0000 0.0000 0.0000 0.0000 0.0000 0.0000 0.0000 0.0000 0.0000 0.0000 0.0000 0.0000 0.0000 0.0000 0.0000 0.0000 0.0000 0.0000 0.0000 0.0000 0.0000 0.0000 0.0000 0.0000 0.0000 0.0000 0.0000 0.0000 0.0000 0.0000 0.0000 0.0000 0.0000 0.0000 0.0000 0.0000 0.0000 0.0000 0.0000 0.0000 0.0000 0.0000 0.0000 0.0000 0.0000 0.0000 0.0000 0.0000 0.0000 0.0000 0.0000 0.0000 0.0000 0.0000 0.0000 0.0000 0.0000 0.0000 0.0000 0.0000 0.0000 0.0000 0.0000 0.0000 0.0000 0.0000 0.0000 0.0000 0.0000 0.0000
27.0204 0.0000 0.0000 0.0000 24.0004 0.0000 0.0000 11.9867 80.9996 41.9929 0.0000 145.0001 0.0000 24.0001 0.0000 0.0000 19.9998 0.0000 0.0000 0.0000 0.0000 0.0000 0.0000 1.0000 0.0000 0.0000 0.0000 0.0000 0.0000 0.0000 0.0000 0.0000 0.0000 0.0000 0.0000 0.0000 0.0000 0.0000 0.0000 0.0000 0.0000 0.0000 0.0000 0.0000 0.0000 0.0000 0.0000 0.0000 0.0000 0.0000 0.0000 0.0000 0.0000 0.0000 0.0000 0.0000 0.0000 0.0000 0.0000 0.0000 0.0000 0.0000 0.0000 0.0000 0.0000 0.0000 0.0000 0.0000 0.0000 0.0000 0.0000 0.0000 0.0000 0.0000 0.0000 0.0000 0.0000 0.0000 0.0000 0.0000 0.0000 0.0000 0.0000 0.0000 0.0000 0.0000 0.0000 0.0000 0.0000 0.0000 0.0000 0.0000 0.0000 0.0000 0.0000 0.0000 0.0000 0.0000 0.0000 0.0000
Beta posterior values
704.3368 0.0000 882.9506 256.7882 35.0000 1129.3357 0.0000 338.8606 113.0000 370.3660 648.2514 308.0005 0.0000 36.0001 0.0000 66.7841 59.9994 0.0000 0.0000 0.0000 0.0000 0.0000 0.0000 48.2118 0.0000 0.0000 0.0698 0.0358 0.0000 0.0000 0.0048 0.0025 0.0013 0.0000 0.0003 0.0000 0.0000 0.0000 0.0000 0.0000 0.0000 0.0000 0.0000 0.0000 0.0000 0.0000 0.0000 0.0000 0.0000 0.0000 0.0000 0.0000 0.0000 0.0000 0.0000 0.0000 0.0000 0.0000 0.0000 0.0000 0.0000 0.0000 0.0000 0.0000 0.0000 0.0000 0.0000 0.0000 0.0000 0.0000 0.0000 0.0000 0.0000 0.0000 0.0000 0.0000 0.0000 0.0000 0.0000 0.0000 0.0000 0.0000 0.0000 0.0000 0.0000 0.0000 0.0000 0.0000 0.0000 0.0000 0.0000 0.0000 0.0000 0.0000 0.0000 0.0000 0.0000 0.0000 0.0000 0.0000
674.2811 0.0000 864.0547 151.9000 30.9998 1169.1619 0.0000 343.8489 88.0002 376.3454 663.1023 260.0005 0.0000 48.0001 0.0000 67.0985 58.9994 0.0000 0.0000 0.0000 0.0000 0.0000 0.0000 22.1000 0.0000 0.0000 0.0653 0.0335 0.0000 0.0000 0.0045 0.0023 0.0012 0.0000 0.0003 0.0000 0.0000 0.0000 0.0000 0.0000 0.0000 0.0000 0.0000 0.0000 0.0000 0.0000 0.0000 0.0000 0.0000 0.0000 0.0000 0.0000 0.0000 0.0000 0.0000 0.0000 0.0000 0.0000 0.0000 0.0000 0.0000 0.0000 0.0000 0.0000 0.0000 0.0000 0.0000 0.0000 0.0000 0.0000 0.0000 0.0000 0.0000 0.0000 0.0000 0.0000 0.0000 0.0000 0.0000 0.0000 0.0000 0.0000 0.0000 0.0000 0.0000 0.0000 0.0000 0.0000 0.0000 0.0000 0.0000 0.0000 0.0000 0.0000 0.0000 0.0000 0.0000 0.0000 0.0000 0.0000
712.3928 0.0000 867.0416 226.8381 41.9980 994.0155 0.0000 370.7467 90.0020 355.3637 598.4575 235.0004 0.0000 38.0001 0.0000 59.8715 42.9996 0.0000 0.0000 0.0000 0.0000 0.0000 0.0000 48.1619 0.0000 0.0000 0.0674 0.0346 0.0000 0.0000 0.0047 0.0024 0.0012 0.0000 0.0003 0.0000 0.0000 0.0000 0.0000 0.0000 0.0000 0.0000 0.0000 0.0000 0.0000 0.0000 0.0000 0.0000 0.0000 0.0000 0.0000 0.0000 0.0000 0.0000 0.0000 0.0000 0.0000 0.0000 0.0000 0.0000 0.0000 0.0000 0.0000 0.0000 0.0000 0.0000 0.0000 0.0000 0.0000 0.0000 0.0000 0.0000 0.0000 0.0000 0.0000 0.0000 0.0000 0.0000 0.0000 0.0000 0.0000 0.0000 0.0000 0.0000 0.0000 0.0000 0.0000 0.0000 0.0000 0.0000 0.0000 0.0000 0.0000 0.0000 0.0000 0.0000 0.0000 0.0000 0.0000 0.0000
561.2339 0.0000 832.0793 230.8178 44.9976 1088.0526 0.0000 303.8994 83.0024 371.3251 628.7341 241.0004 0.0000 42.0001 0.0000 63.5658 48.9995 0.0000 0.0000 0.0000 0.0000 0.0000 0.0000 40.1822 0.0000 0.0000 0.0669 0.0343 0.0000 0.0000 0.0046 0.0024 0.0012 0.0000 0.0003 0.0000 0.0000 0.0000 0.0000 0.0000 0.0000 0.0000 0.0000 0.0000 0.0000 0.0000 0.0000 0.0000 0.0000 0.0000 0.0000 0.0000 0.0000 0.0000 0.0000 0.0000 0.0000 0.0000 0.0000 0.0000 0.0000 0.0000 0.0000 0.0000 0.0000 0.0000 0.0000 0.0000 0.0000 0.0000 0.0000 0.0000 0.0000 0.0000 0.0000 0.0000 0.0000 0.0000 0.0000 0.0000 0.0000 0.0000 0.0000 0.0000 0.0000 0.0000 0.0000 0.0000 0.0000 0.0000 0.0000 0.0000 0.0000 0.0000 0.0000 0.0000 0.0000 0.0000 0.0000 0.0000
709.5207 0.0000 791.1406 267.8066 28.9997 1092.0084 0.0000 362.5855 86.0003 292.3239 629.0858 159.0003 0.0000 27.0000 0.0000 60.2356 34.9997 0.0000 0.0000 0.0000 0.0000 0.0000 0.0000 52.1934 0.0000 0.0000 0.0606 0.0311 0.0000 0.0000 0.0042 0.0022 0.0011 0.0000 0.0003 0.0000 0.0000 0.0000 0.0000 0.0000 0.0000 0.0000 0.0000 0.0000 0.0000 0.0000 0.0000 0.0000 0.0000 0.0000 0.0000 0.0000 0.0000 0.0000 0.0000 0.0000 0.0000 0.0000 0.0000 0.0000 0.0000 0.0000 0.0000 0.0000 0.0000 0.0000 0.0000 0.0000 0.0000 0.0000 0.0000 0.0000 0.0000 0.0000 0.0000 0.0000 0.0000 0.0000 0.0000 0.0000 0.0000 0.0000 0.0000 0.0000 0.0000 0.0000 0.0000 0.0000 0.0000 0.0000 0.0000 0.0000 0.0000 0.0000 0.0000 0.0000 0.0000 0.0000 0.0000 0.0000
Cluster phi posterior values
0.0000 0.0012 0.0000 0.1375 0.0000 0.0000 0.2827 0.0000 0.0000 0.0000 0.1932 0.0000 0.0000
0.0000 0.0115 0.3888 0.3511 0.0000 0.0000 0.3920 0.0161 0.0000 0.0268 0.0000 0.0000 0.4190
0.0000 0.0000 0.0000 0.2589 0.1341 0.0000 0.4369 0.0004 0.1042 0.2735 0.2021 0.1981 0.0000
0.2056 0.0000 0.0951 0.1759 0.0420 0.1092 0.3885 0.0000 0.0587 0.1949 0.3197 0.0000 0.0366
0.0355 0.0000 0.0000 0.4519 0.0000 0.0298 0.4849 0.1236 0.0000 0.4768 0.4700 0.3611 0.0096
