gene_id	Sample_0	Sample_0	Sample_1	Sample_1	Sample_2	Sample_2	Sample_3	Sample_3	Sample_4	Sample_4	Sample_5	Sample_5
32;33;34;35;36;37;38;39;40;41;42;43;44;45;46;47;48;49;50;51;52;53;54;55;56	1833	791	1604	855	1318	1217	1894	575	1234	1215	1472	1037
10;11;12;13;14;15;17;18;19;21;22;23	959	225	1087	118	990	233	1217	0	1050	141	792	425
9;16;20;77	313	105	403	21	334	64	408	0	356	69	287	119
24;25;26;27;28;29;30	605	100	667	0	584	99	719	0	418	238	647	52
31;61;62;63;64;65	543	76	577	0	596	0	601	0	392	222	524	37
66;67;68;69;70;71;72;73;74;75;76	1086	0	819	324	1125	0	870	212	1154	0	1157	0
0;1;2;3;4;5;6;7;8	893	14	809	58	750	168	858	0	739	103	866	29
57;58;59;60	411	2	384	0	380	0	402	0	385	41	362	0
78;79;80;81;82;83;84;85;86;87;88;89;90;91;92;93;94;95;96;97;98;99	2153	0	2041	154	2175	0	2181	0	2131	0	2188	7
