1 #sols

6
9
0.301448 0.190034 0.251196 0.141844 0.122779 0 0.0154355 0.00484262 0 
0.347702 0.0979253 0.0495283 0 0 0.283465 0.0668973 0 0.0701595 
0.480079 0.190515 0.160804 0.144949 0 0 0.183007 0 0 
0.232888 0 0 0 0 0.195933 0 0 0 
0.496121 0.118388 0.162353 0.362805 0.361564 0 0.122328 0.0962441 0 
0.413312 0.349219 0.293103 0.074392 0.0659537 0 0.0324022 0 0.00318907 

Sample_0 Sample_1 Sample_2 Sample_3 Sample_4 Sample_5 
32;33;34;35;36;37;38;39;40;41;42;43;44;45;46;47;48;49;50;51;52;53;54;55;56 10;11;12;13;14;15;17;18;19;21;22;23 9;16;20;77 24;25;26;27;28;29;30 31;61;62;63;64;65 66;67;68;69;70;71;72;73;74;75;76 0;1;2;3;4;5;6;7;8 57;58;59;60 78;79;80;81;82;83;84;85;86;87;88;89;90;91;92;93;94;95;96;97;98;99 

6
6
0.316783 0 0.00968523 0.030871 0 0.245557 
0 0.114444 0 0.130559 0.500546 0 
0.594145 0 0 0.366013 0 0 
0.0739087 0 0 0 0.391867 0 
0 0 0.129463 0.191608 0 0.678929 
0.623534 0.00637813 0 0.0648045 0 0.131907 
6
6
1 0 0 0 0 0 
1 1 0 0 0 0 
1 0 1 0 0 0 
1 0 0 1 0 0 
1 0 0 0 1 0 
1 0 0 0 0 1 

1 1 1 1 0.992783 1 
6
6
0.301448 0 0.00484262 0.0154355 0 0.122779 
0.372774 0.0572218 0 0.0652793 0.250273 0 
0.480079 0 0 0.183007 0 0 
0.232888 0 0 0 0.195933 0 
0.5 0 0.0647314 0.0958041 0 0.339465 
0.413312 0.00318907 0 0.0324022 0 0.0659537 

Sample_0 Sample_1 Sample_2 Sample_3 Sample_4 Sample_5 
0 8 7 6 5 4 

