gene_id	Sample_0	Sample_0	Sample_1	Sample_1	Sample_2	Sample_2	Sample_3	Sample_3
0;1;2;3;4;5;6;7;8;9;10;11;13;14;15;16;17;18;19;20;21;22;23;24;25;26	2031	600	2176	425	2523	0	2540	0
58;59;60;61;62;63;64;65;66;67;68;69;70;71;72;73;74;75;76;77;78;79;80;81;82;83;84;85;86;87;88;89;90;91	3327	0	2610	790	3314	102	3378	0
30;31;32;33;34;56	442	130	620	0	380	238	605	0
92;93;94;95;96;97	580	0	552	18	609	0	510	85
27;28;29	288	0	303	0	317	0	298	6
57	101	0	87	3	80	0	64	33
98;99	136	52	182	5	143	59	149	54
12	62	38	80	17	110	0	90	0
35;36;37;38;39;40;41;42;43;44;45;46;47;48;49;50;51;52;53;54;55	1135	1042	1073	962	1258	830	1093	1027
