1 #sols

4
9
0.22805 0 0.227273 0 0 0 0.276596 0.38 0.47864 
0.163399 0.232353 0 0.0315789 0 0.0333333 0.026738 0.175258 0.472727 
0 0.0298595 0.385113 0 0 0 0.292079 0 0.39751 
0 0 0 0.142857 0.0197368 0.340206 0.26601 0 0.484434 

Sample_0 Sample_1 Sample_2 Sample_3 
0;1;2;3;4;5;6;7;8;9;10;11;13;14;15;16;17;18;19;20;21;22;23;24;25;26 58;59;60;61;62;63;64;65;66;67;68;69;70;71;72;73;74;75;76;77;78;79;80;81;82;83;84;85;86;87;88;89;90;91 30;31;32;33;34;56 92;93;94;95;96;97 27;28;29 57 98;99 12 35;36;37;38;39;40;41;42;43;44;45;46;47;48;49;50;51;52;53;54;55 

4
7
0 0.584826 0 0 0 0 0.415174 
0 0.19064 0.0149664 0 0.0340315 0.428316 0.326797 
0.7353 0 0 0 0 0.059719 0 
0 0 0.680412 0.0394737 0.248982 0 0 
7
7
1 0 0 0 0 0 0 
1 1 0 0 0 0 0 
1 0 1 0 0 0 0 
1 0 0 1 0 0 0 
1 0 0 0 1 0 0 
1 0 0 0 0 1 0 
1 0 0 0 0 0 1 

1 0.97294 0.997342 1 1 1 1 
4
7
0.5 0.292413 0 0 0 0 0.207587 
0.497375 0.09532 0.00748321 0 0.0170157 0.214158 0.163399 
0.39751 0 0 0 0 0.0298595 0 
0.484434 0 0.340206 0.0197368 0.124491 0 0 

Sample_0 Sample_1 Sample_2 Sample_3 
8 7 5 4 3 1 0 

