gene_id	Sample_0	Sample_0	Sample_1	Sample_1	Sample_2	Sample_2	Sample_3	Sample_3	Sample_4	Sample_4
4;5;6;7;8	4762	354	4356	690	4667	246	4977	0	4151	877
49;50;51;52;53;54;55;56	6839	1092	6115	1929	7387	607	8018	0	5355	2588
0;1;2;3	4044	0	3520	512	3781	168	3907	0	3947	0
64;65;66;67;68;69;70;71;72;73;74;75	11333	787	10891	1201	11870	315	11890	0	10337	1787
76;77;78;79;80;81;82;83;84;94;95;96;97;98;99	8016	6688	9707	5410	8441	6632	12764	2287	9683	5482
85;86;87;88;89;90;91;92;93	9033	0	8994	28	6610	2375	7675	1345	8807	0
9;10;11;12;13;14;15;16;17	8232	647	8981	0	8995	0	8943	0	7417	1512
18;19;20;21;22;23;24;25;26;27;28;29;30;31;32;33;34;35;36;37;38;39;40;41;42;43;44;45;46;47;48	28716	2229	30994	0	27368	3445	31348	0	29726	1563
57;58;59;60;61;62;63	6591	498	6946	0	6830	179	6848	0	5968	1027
