1 #sols

5
12
0.21875 0.0166534 0 0 0.264706 0 0.24489 0.00179211 0.260504 0 0.26 0.288136 
0.532787 0.0669676 0.149738 0.176871 0.516129 0.00242718 0.242966 0 0.219512 0.13871 0.157974 0.447514 
0.285714 0 0.164343 0.0344828 0.275676 0.148718 0.277066 0 0.212389 0.0164474 0.27573 0.213115 
0.475248 0 0.31219 0.367089 0.415301 0 0.346271 0 0.317647 0.277592 0.368217 0.437838 
0.163462 0 0 0 0.256158 0 0.124904 0.13876 0.266055 0 0.137636 0.324742 

Sample_0 Sample_1 Sample_2 Sample_3 Sample_4 
96 81;82;83;84;85;86;87;88;89;90;91;92;93 24;25;27;28;29;30;31;32;33;34 19;22;26 95;99 0;1;2;3 4;5;8;9;10;11;12;13;14;15;16;37;41;43;44;45;46;47;48;49;50;51;52;54;55;58 59;60;61;62;63;64;65;66;67;68;69;70;71;72;73;74;75;76;77;78;79;80 94 20;21;23 6;7;17;18;35;36;38;39;40;42;53;56;57 97;98 

5
6
0.492521 0 0.00358423 0 0 0.0333069 
0.284315 0.277419 0 0.00485437 0.299476 0.133935 
0 0.0101358 0 0.2689 0.272315 0 
0 0.431073 0 0 0.551517 0 
0.234794 0 0.277521 0 0 0 
6
6
1 0 0 0 0 0 
1 1 0 0 0 0 
1 0 1 0 0 0 
1 0 0 1 0 0 
1 0 0 0 1 0 
1 0 0 0 0 1 

1 0.999047 0.999989 0.999818 0.996638 1 
5
6
0.264706 0 0.00179211 0 0 0.0166534 
0.5 0.13871 0 0.00242718 0.149738 0.0669676 
0.275676 0.00506791 0 0.13445 0.136158 0 
0.491295 0.215536 0 0 0.275759 0 
0.256158 0 0.13876 0 0 0 

Sample_0 Sample_1 Sample_2 Sample_3 Sample_4 
4 9 7 5 2 1 

