gene_id	Sample_0	Sample_0	Sample_1	Sample_1	Sample_2	Sample_2	Sample_3	Sample_3	Sample_4	Sample_4
96	75	21	57	65	70	28	53	48	87	17
81;82;83;84;85;86;87;88;89;90;91;92;93	1240	21	1240	89	1301	0	1305	0	1293	0
24;25;27;28;29;30;31;32;33;34	1042	0	812	143	839	165	694	315	1001	0
19;22;26	330	0	242	52	280	10	200	116	270	0
95;99	150	54	90	96	134	51	107	76	151	52
0;1;2;3	405	0	411	1	332	58	394	0	404	0
4;5;8;9;10;11;12;13;14;15;16;37;41;43;44;45;46;47;48;49;50;51;52;54;55;58	1995	647	1991	639	1863	714	1718	910	2270	324
59;60;61;62;63;64;65;66;67;68;69;70;71;72;73;74;75;76;77;78;79;80	2228	4	2167	0	2147	0	2169	0	1862	300
94	88	31	64	18	89	24	58	27	80	29
20;21;23	281	0	267	43	299	5	216	83	297	0
6;7;17;18;35;36;38;39;40;42;53;56;57	962	338	1114	209	943	359	815	475	1109	177
97;98	126	51	100	81	144	39	104	81	131	63
