gene_id	Sample_0	Sample_0	Sample_1	Sample_1	Sample_2	Sample_2	Sample_3	Sample_3	Sample_4	Sample_4	Sample_5	Sample_5
29;70;71;72;73;74;75;76;77;78;79;82;83;84;85;86;89;90;91;92;93	1015	0	797	238	1027	0	1047	0	982	0	824	217
0;1;2;3;4;5;6;7;8;9;10	321	186	321	237	288	242	319	228	330	208	415	133
20;21;22;23;24;25;27;28	402	0	317	78	343	26	411	0	438	0	330	71
11;12	87	36	55	45	75	13	61	47	96	19	66	27
13;14;15;16;17;18;19;30;31;32;33;34;35;36;37;38;39;40;41;42;43;44;45;46;47;48;49;50;51	1435	0	1456	0	1336	88	1411	55	1421	0	1447	0
64;65;66;67;68;69;97;98;99	479	0	465	0	442	0	376	75	470	0	404	15
80;81;87;88	202	0	199	36	194	0	209	0	199	0	167	30
94;95;96	166	0	145	12	122	5	142	18	134	0	143	0
26	56	0	31	17	49	6	49	0	50	0	39	15
52;53;54;55;56;57;58;59;60;61;62;63	534	75	597	0	574	0	595	0	578	17	607	0
