1 #sols

6
10
0 0.366864 0 0.292683 0 0 0 0 0 0.123153 
0.229952 0.424731 0.197468 0.45 0 0 0.153191 0.0764331 0.354167 0 
0 0.456604 0.0704607 0.147727 0.0617978 0 0 0.0393701 0.109091 0 
0 0.416819 0 0.435185 0.0375171 0.166297 0 0.1125 0 0 
0 0.386617 0 0.165217 0 0 0 0 0 0.0285714 
0.208453 0.242701 0.177057 0.290323 0 0.0357995 0.152284 0 0.277778 0 

Sample_0 Sample_1 Sample_2 Sample_3 Sample_4 Sample_5 
29;70;71;72;73;74;75;76;77;78;79;82;83;84;85;86;89;90;91;92;93 0;1;2;3;4;5;6;7;8;9;10 20;21;22;23;24;25;27;28 11;12 13;14;15;16;17;18;19;30;31;32;33;34;35;36;37;38;39;40;41;42;43;44;45;46;47;48;49;50;51 64;65;66;67;68;69;97;98;99 80;81;87;88 94;95;96 26 52;53;54;55;56;57;58;59;60;61;62;63 

6
7
0.33906 0.246305 0 0 0 0 0 
0.0458141 0 0.152866 0.306383 0 0 0.394937 
0 0 0.0787402 0 0 0.123596 0.140921 
0.237742 0 0.225 0 0.332594 0.0750341 0 
0.273292 0.0571429 0 0 0 0 0 
0 0 0 0.192986 0.0363573 0 0.351302 
7
7
1 0 0 0 0 0 0 
1 1 0 0 0 0 0 
1 0 1 0 0 0 0 
1 0 0 1 0 0 0 
1 0 0 0 1 0 0 
1 0 0 0 0 1 0 
1 0 0 0 0 0 1 

1 0.999997 0.997236 0.996726 1 0.998238 0.988775 
6
7
0.292683 0.123153 0 0 0 0 0 
0.45 0 0.0764331 0.153191 0 0 0.197468 
0.171629 0 0.0393701 0 0 0.0617978 0.0704607 
0.435185 0 0.1125 0 0.166297 0.0375171 0 
0.165217 0.0285714 0 0 0 0 0 
0.290323 0 0 0.0964931 0.0181787 0 0.175651 

Sample_0 Sample_1 Sample_2 Sample_3 Sample_4 Sample_5 
3 9 7 6 5 4 2 

