1 #sols

5
9
0.0836431 0.179245 0.0663812 0 0.16573 0.0380435 0 0 0 
0.159091 0.244991 0.0936578 0 0.154255 0.027907 0 0.0745342 0 
0.223636 0.321586 0 0.0387722 0.317333 0 0.151899 0 0.0298013 
0.0541045 0.352487 0 0 0.36911 0.0913462 0.0681818 0 0.0918033 
0.215649 0.499581 0 0.157191 0.388206 0 0 0.264 0.124579 

Sample_0 Sample_1 Sample_2 Sample_3 Sample_4 
11;12;13;14;15;16;17;18;19;20;21 58;60;61;62;63;65;66;69;70;71;73;74;75;76;77;78;79;81;82;84;85;86;87 22;23;24;25;26;27;28;29;30;31;32;33;34;35;36;37;38;39;40;41;42;43;44;45;46;47;48;89 0;1;2;3;4;5;6;7;8;9;10;97 57;59;64;67;68;72;80;83 55;56;88;90 91;92;93;94;95 96;98;99 49;50;51;52;53;54 

5
8
0.115117 0.0345239 0 0.132762 0 0 0 0.076087 
0 0.130866 0 0.187316 0 0.149068 0 0.055814 
0 0.310173 0.0775444 0 0.0247511 0 0.303797 0 
0.0941028 0.108209 0 0 0.183607 0 0.136364 0.182692 
0 0.0308186 0.314381 0 0.164754 0.490047 0 0 
8
8
1 0 0 0 0 0 0 0 
1 1 0 0 0 0 0 0 
1 1 1 0 0 0 0 0 
1 1 0 1 0 0 0 0 
1 0 0 0 1 0 0 0 
1 0 0 0 0 1 0 0 
1 0 0 0 0 0 1 0 
1 0 0 0 0 0 0 1 

1 0.999967 0.994041 0.911044 1 1 1 1 
5
8
0.179245 0.0836431 0 0.0663812 0 0 0 0.0380435 
0.261532 0.159091 0 0.0936578 0 0.0745342 0 0.027907 
0.358133 0.193859 0.0387722 0 0.0123756 0 0.151899 0 
0.352487 0.0541045 0 0 0.0918033 0 0.0681818 0.0913462 
0.5 0.1726 0.157191 0 0.0823768 0.245023 0 0 

Sample_0 Sample_1 Sample_2 Sample_3 Sample_4 
1 0 3 2 8 7 6 5 

