MultiBinom clustering
Convergence threshold: 1.000000
Initial num clusters: 29
kmeans: True

Time taken: 2.795770
Num active clusters: 10
Cluster assignments
5
4
4
5
4
9
0
0
1
8
6
2
4
8
8
4
5
3
5
3
6
6
4
4
0
5
2
7
1
Alpha posterior values
163.2590 0.0000 305.9901 47.0000 306.8289 388.0043 481.1729 224.2256 0.0000 0.0000 0.0000 239.5808 0.0000 126.9383 0.0000 0.0000 0.0000 0.0000 0.0000 0.0000 0.0000 0.0000 0.0000 0.0000 0.0000 0.0000 0.0000 0.0000 0.0000
139.7914 0.0000 260.9883 7.0000 239.9372 317.1048 356.0690 143.4253 0.0000 0.0000 12.0000 169.7211 0.0000 68.9630 0.0000 0.0000 0.0000 0.0000 0.0000 0.0000 0.0000 0.0000 0.0000 0.0000 0.0000 0.0000 0.0000 0.0000 0.0000
111.4379 0.0000 167.9935 11.8746 223.7706 225.9450 340.2289 163.4423 0.0000 0.0000 4.0003 129.3093 0.0000 72.9977 0.0000 0.0000 0.0000 0.0000 0.0000 0.0000 0.0000 0.0000 0.0000 0.0000 0.0000 0.0000 0.0000 0.0000 0.0000
112.8465 0.0000 237.9908 9.0000 274.1144 329.5094 343.8863 141.7566 0.0000 0.0000 6.0000 190.9555 0.0000 95.9405 0.0000 0.0000 0.0000 0.0000 0.0000 0.0000 0.0000 0.0000 0.0000 0.0000 0.0000 0.0000 0.0000 0.0000 0.0000
157.2701 0.0000 250.9910 0.0000 196.2813 302.6761 328.7209 137.2066 0.0000 0.0000 5.0000 146.8896 0.0000 67.9645 0.0000 0.0000 0.0000 0.0000 0.0000 0.0000 0.0000 0.0000 0.0000 0.0000 0.0000 0.0000 0.0000 0.0000 0.0000
Beta posterior values
1671.5847 0.0000 926.9623 900.0000 1336.0908 4697.6403 2167.8975 1914.9443 0.0000 0.0000 0.0000 2162.1869 0.0000 786.6933 0.0000 0.0000 0.0000 0.0000 0.0000 0.0000 0.0000 0.0000 0.0000 0.0000 0.0000 0.0000 0.0000 0.0000 0.0000
1466.4285 0.0000 797.9676 390.0000 1103.1136 4518.6469 1939.8694 1834.9932 0.0000 0.0000 416.0000 1790.3788 0.0000 849.6021 0.0000 0.0000 0.0000 0.0000 0.0000 0.0000 0.0000 0.0000 0.0000 0.0000 0.0000 0.0000 0.0000 0.0000 0.0000
1520.8606 0.0000 889.9621 382.8515 1253.9306 4656.3217 2083.0667 1859.1296 0.0000 0.0000 392.0070 2011.5409 0.0000 858.3293 0.0000 0.0000 0.0000 0.0000 0.0000 0.0000 0.0000 0.0000 0.0000 0.0000 0.0000 0.0000 0.0000 0.0000 0.0000
1480.3770 0.0000 754.9696 724.0000 1103.7276 4474.5953 2037.2576 1786.2017 0.0000 0.0000 397.0000 1921.3005 0.0000 839.5707 0.0000 0.0000 0.0000 0.0000 0.0000 0.0000 0.0000 0.0000 0.0000 0.0000 0.0000 0.0000 0.0000 0.0000 0.0000
1456.8674 0.0000 794.9634 0.0000 1095.4858 4513.4759 1943.5052 1894.3479 0.0000 0.0000 446.0000 1968.7554 0.0000 851.5990 0.0000 0.0000 0.0000 0.0000 0.0000 0.0000 0.0000 0.0000 0.0000 0.0000 0.0000 0.0000 0.0000 0.0000 0.0000
Cluster phi posterior values
0.0886 0.2479 0.0490 0.1865 0.0761 0.1814 0.1045 0.5000 0.0995 0.1385
0.0866 0.2461 0.0160 0.1783 0.0654 0.1548 0.0722 0.0269 0.0863 0.0746
0.0679 0.1584 0.0285 0.1511 0.0461 0.1402 0.0805 0.0089 0.0601 0.0779
0.0704 0.2393 0.0114 0.1986 0.0684 0.1442 0.0732 0.0137 0.0901 0.1021
0.0971 0.2396 0.5000 0.1516 0.0627 0.1444 0.0672 0.0100 0.0691 0.0734
