1 #sols

6
6
0.154921 0.133565 0.0261994 0 0 0.104189 
0.201688 0.0747296 0 0.0456954 0 0 
0.310139 0.109609 0 0.312406 0.315418 0.110593 
0.316306 0 0 0.237894 0.12014 0 
0.00944593 0.029354 0 0 0 0 
0.270984 0.000561395 0.000328839 0 0 0 

Sample_0 Sample_1 Sample_2 Sample_3 Sample_4 Sample_5 
6;7;48;49;50;51;86 8;9;10;11;12;13;14;15;16;17;18;19;20;21;22;23;24;78;79;80;81;82;83;84;85;93;94;95;96;97;98;99 0;1;2;3;4;5 87;88;89;90;91;92 52;53;54;55;56;57;58;59;60;61;62;63;64;65;66;67;68;69;70;71;72;73;74;75;76;77 25;26;27;28;29;30;31;32;33;34;35;36;37;38;39;40;41;42;43;44;45;46;47 

6
3
0.0490657 0.208378 0.0523988 
0.403376 0 0 
0.399093 0.221185 0 
0.632612 0 0 
0.0188919 0 0 
0.54131 0 0.000657678 
3
3
1 0 0 
1 1 0 
1 0 1 

1 1 1 
6
3
0.154921 0.104189 0.0261994 
0.201688 0 0 
0.310139 0.110593 0 
0.316306 0 0 
0.00944593 0 0 
0.270984 0 0.000328839 

Sample_0 Sample_1 Sample_2 Sample_3 Sample_4 Sample_5 
0 5 2 

