1 #sols

4
5
0.417446 0.158353 0.0302553 0.297769 0.0159475 
0.441675 0.304224 0.0243539 0 0 
0.253435 0.147106 0 0.143145 0.145474 
0.429806 0.0541005 0.00296415 0 0.0458532 

Sample_0 Sample_1 Sample_2 Sample_3 
0;1;2;39;40;41;42;43;44;45;46;47;48;49;50;51;52;53;54;55;56;57;58;59;60 8;9;10;11;12;13;14;15;16;17;18;19;20;21;22;23;24;25;26;27;28;29;30;31;32 3;4;5;6;7;33;34;35;36;37;38;61;62;63;64;65;66;67;68;69;70;71;72;73;74;75;91;92;93;94;95;96;97;98;99 76 77;78;79;80;81;82;83;84;85;86;87;88;89;90 

4
4
0.146948 0.0318949 0.595538 0.0605106 
0.834643 0 0 0.0487079 
0 0.287931 0.233152 0 
0.761978 0.0917065 0 0.00592829 
4
4
1 0 0 0 
1 1 0 0 
1 0 1 0 
1 0 0 1 

1 1 1 1 
4
4
0.417446 0.0159475 0.297769 0.0302553 
0.441675 0 0 0.0243539 
0.260542 0.143965 0.116576 0 
0.429806 0.0458532 0 0.00296415 

Sample_0 Sample_1 Sample_2 Sample_3 
0 4 3 2 

