gene_id	Sample_0	Sample_0	Sample_1	Sample_1	Sample_2	Sample_2	Sample_3	Sample_3	Sample_4	Sample_4
10;11;12;13;14;15;16;17;18;19;20;21;22;23;24;25;26;27;28;29;30;31	2138	0	1909	346	2215	0	1789	340	2130	0
32;33;34;35;36;37;38;39;40;42;43;44;45;46;47;48;49;50;51;52;53;54;55;56;57;58;59;60;61;63;64;65;66;67;68;69;71;72;73	2379	1592	3086	897	3968	0	3972	0	3261	682
88;89;90;91;92;93;94;95	773	14	830	0	813	0	771	0	725	43
0;74;75;76;77;78;79;80;81;82	967	20	942	0	934	55	705	288	955	58
96;97;98;99	431	0	382	0	411	0	403	57	415	0
41;62;70	200	92	241	45	293	0	314	0	241	31
2;3;4;5;6;7	490	95	591	0	602	0	605	0	485	92
83;84;85;86;87	278	216	325	174	497	23	276	238	383	125
1;8;9	277	0	292	0	309	16	253	43	300	0
