1 #sols

5
9
0 0.400907 0.0177891 0.0202634 0 0.315068 0.162393 0.437247 0 
0.153437 0.225207 0 0 0 0.157343 0 0.348697 0 
0 0 0 0.0556117 0 0 0 0.0442308 0.0492308 
0.159699 0 0 0.29003 0.123913 0 0 0.463035 0.14527 
0 0.172965 0.0559896 0.0572557 0 0.113971 0.159445 0.246063 0 

Sample_0 Sample_1 Sample_2 Sample_3 Sample_4 
10;11;12;13;14;15;16;17;18;19;20;21;22;23;24;25;26;27;28;29;30;31 32;33;34;35;36;37;38;39;40;42;43;44;45;46;47;48;49;50;51;52;53;54;55;56;57;58;59;60;61;63;64;65;66;67;68;69;71;72;73 88;89;90;91;92;93;94;95 0;74;75;76;77;78;79;80;81;82 96;97;98;99 41;62;70 2;3;4;5;6;7 83;84;85;86;87 1;8;9 

5
6
0 0.324655 0.630137 0 0.0355781 0 
0.0758359 0 0.314685 0 0 0.306874 
0.0884615 0 0 0 0 0 
0.358845 0 0 0.247826 0 0.319399 
0 0.247221 0.169319 0 0.0755861 0 
6
6
1 0 0 0 0 0 
1 1 0 0 0 0 
1 0 1 0 0 0 
1 0 0 1 0 0 
1 0 0 0 1 0 
1 0 0 0 0 1 

1 0.99981 0.999665 0.999999 1 1 
5
6
0.495185 0.162328 0.315068 0 0.0177891 0 
0.348697 0 0.157343 0 0 0.153437 
0.0442308 0 0 0 0 0 
0.463035 0 0 0.123913 0 0.159699 
0.246063 0.123611 0.0846594 0 0.037793 0 

Sample_0 Sample_1 Sample_2 Sample_3 Sample_4 
7 6 5 4 2 0 

