1 #sols

5
12
0.292294 0.373832 0 0.12945 0.0223325 0.190476 0.0601966 0.168224 0.177606 0.00673001 0.00116959 0 
0.460838 0.583333 0.072407 0 0 0.342105 0 0.313725 0.121137 0 0 0.06 
0.271466 0.257426 0 0 0.0997442 0.265306 0.0652174 0.194127 0.184124 0.0453137 0.0389908 0 
0.373699 0.238095 0 0.101307 0.14433 0.336957 0 0.0379747 0.0433347 0.093665 0.152348 0 
0.0537229 0.0206186 0.0304183 0 0 0.10989 0 0 0 0 0 0.0711297 

Sample_0 Sample_1 Sample_2 Sample_3 Sample_4 
60;61;62;63;64;65;66;67;68;69;72 70 93;96;97;98;99 73;74;75 36;41;44;49 71 85;86;87;88;89;90;91;92 76;77;78;79;80;81 1;2;3;4;5;6;7;8;9;10;11;12;13;14;15;16;17;18;19;20;21;22;23;24 0;25;26;27;28;29;30;32;34;35;37;38;42;43;46;47;50;51;52;53;54;55;56;58;59;82 31;33;39;40;45;48;57;83;84 94;95 

5
8
0 0 0.00233918 0.120393 0.031205 0.213555 0 0.01346 
0.419396 0.12 0 0 0 0 0.144814 0 
0.122707 0 0.0779817 0.130435 0.108861 0 0 0.0906274 
0 0 0.246644 0 0.10133 0.138609 0 0.18733 
0.0166843 0.142259 0 0 0 0 0.0608365 0 
8
8
1 0 0 0 0 0 0 0 
1 1 0 0 0 0 0 0 
1 0 1 0 0 0 0 0 
1 0 0 1 0 0 0 0 
1 0 0 0 1 0 0 0 
1 0 0 0 0 1 0 0 
1 0 0 0 0 0 1 0 
1 0 0 0 1 0 0 1 

1 0.884987 0.999986 0.99999 0.999976 0.939936 0.999261 0.867466 
5
8
0.190476 0 0.00116959 0.0601966 0.0223325 0.106778 0 0.00673001 
0.342105 0.06 0 0 0 0 0.072407 0 
0.265306 0 0.0389908 0.0652174 0.0997442 0 0 0.0453137 
0.336957 0 0.123322 0 0.14433 0.0693044 0 0.093665 
0.10989 0.0711297 0 0 0 0 0.0304183 0 

Sample_0 Sample_1 Sample_2 Sample_3 Sample_4 
5 11 10 6 4 3 2 9 

