gene_id	Sample_0	Sample_0	Sample_1	Sample_1	Sample_2	Sample_2	Sample_3	Sample_3	Sample_4	Sample_4
60;61;62;63;64;65;66;67;68;69;72	799	330	592	506	840	313	662	395	1004	57
70	67	40	40	56	75	26	80	25	95	2
93;96;97;98;99	513	0	474	37	525	0	535	0	510	16
73;74;75	269	40	268	0	313	0	275	31	318	0
36;41;44;49	394	9	396	0	352	39	332	56	386	0
71	85	20	50	26	72	26	61	31	81	10
85;86;87;88;89;90;91;92	765	49	816	0	731	51	817	0	825	0
76;77;78;79;80;81	534	108	420	192	494	119	608	24	586	0
1;2;3;4;5;6;7;8;9;10;11;12;13;14;15;16;17;18;19;20;21;22;23;24	1917	414	2133	294	1994	450	2318	105	2361	0
0;25;26;27;28;29;30;32;34;35;37;38;42;43;46;47;50;51;52;53;54;55;56;58;59;82	2509	17	2608	0	2465	117	2332	241	2532	0
31;33;39;40;45;48;57;83;84	854	1	892	0	838	34	740	133	925	0
94;95	181	0	188	12	228	0	188	0	222	17
