gene_id	Sample_0	Sample_0	Sample_1	Sample_1	Sample_2	Sample_2	Sample_3	Sample_3	Sample_4	Sample_4	Sample_5	Sample_5
41;42;43;44;45;46;47;48;49;50;51;52;53	668	4	621	0	569	0	631	0	647	0	617	31
11;12;33;40	236	0	164	72	190	0	143	40	139	62	196	0
54;55;56;57;58;59;60;61;62;63;64;65;66;67;68;69;70;71;72;73;74;75;76;77;78;79;80;81	1259	74	1393	0	1362	0	1415	64	1340	0	1445	0
82;83;84;85;86	196	58	282	0	260	0	238	0	227	0	256	4
94	30	23	41	15	29	15	36	15	44	19	52	8
13;14;15;16;17;19;20;21;23;24;25;28;29;30;31;32;87	894	0	792	80	837	0	862	0	771	127	822	0
1;2;3;4;5;6;7;8;9;10;95;96;97;98;99	511	256	396	350	584	198	475	252	491	294	753	38
0	37	13	21	28	30	21	41	21	20	21	36	2
18;22;26;27;88;89;90;91;92;93	495	0	362	96	504	0	513	0	453	58	545	0
34;36;37;39	205	0	118	78	206	0	166	47	127	50	191	4
35;38	104	0	54	52	97	0	67	28	90	29	105	5
