1 #sols

6
11
0.00595238 0 0.0555139 0.228346 0.433962 0 0.333768 0.26 0 0 0 
0 0.305085 0 0 0.267857 0.0917431 0.469169 0.571429 0.209607 0.397959 0.490566 
0 0 0 0 0.340909 0 0.253197 0.411765 0 0 0 
0 0.218579 0.0432725 0 0.294118 0 0.34663 0.33871 0 0.220657 0.294737 
0 0.308458 0 0 0.301587 0.141425 0.374522 0.512195 0.113503 0.282486 0.243697 
0.0478395 0 0 0.0153846 0.133333 0 0.0480405 0.0526316 0 0.0205128 0.0454545 

Sample_0 Sample_1 Sample_2 Sample_3 Sample_4 Sample_5 
41;42;43;44;45;46;47;48;49;50;51;52;53 11;12;33;40 54;55;56;57;58;59;60;61;62;63;64;65;66;67;68;69;70;71;72;73;74;75;76;77;78;79;80;81 82;83;84;85;86 94 13;14;15;16;17;19;20;21;23;24;25;28;29;30;31;32;87 1;2;3;4;5;6;7;8;9;10;95;96;97;98;99 0 18;22;26;27;88;89;90;91;92;93 34;36;37;39 35;38 

6
6
0.288299 0 0 0.456693 0.111028 0.0119048 
0 0.397311 0.138404 0 0 0 
0.681818 0 0 0 0 0 
0.50169 0 0 0 0.086545 0 
0.093318 0.227006 0.282851 0 0 0 
0.140218 0 0 0.0307692 0 0.095679 
6
6
1 0 0 0 0 0 
1 1 0 0 0 0 
1 0 1 0 0 0 
1 0 0 1 0 0 
1 0 0 0 1 0 
1 0 0 0 0 1 

1 0.856243 0.99936 0.998676 1 0.995432 
6
6
0.433962 0 0 0.228346 0.0555139 0.00595238 
0.267857 0.198655 0.0692018 0 0 0 
0.340909 0 0 0 0 0 
0.294118 0 0 0 0.0432725 0 
0.301587 0.113503 0.141425 0 0 0 
0.133333 0 0 0.0153846 0 0.0478395 

Sample_0 Sample_1 Sample_2 Sample_3 Sample_4 Sample_5 
4 8 5 3 2 0 

