1 #sols

5
10
0.0137931 0.0859007 0 0.0898876 0.354529 0.319756 0.0732113 0.444444 0.391248 0.507576 
0 0 0.252465 0 0.0167702 0 0 0.0371622 0.0232258 0.311146 
0 0 0.21627 0.010989 0.183673 0.205316 0.0083612 0.207921 0.27887 0.444018 
0 0.00294442 0 0.369369 0.004375 0 0.311774 0 0.00496278 0.410061 
0 0.389313 0 0.00884956 0.446769 0.0145322 0.0294118 0.434095 0.393041 0.424432 

Sample_0 Sample_1 Sample_2 Sample_3 Sample_4 
38;39;40;41;42;43;44 24;25;26;27;28;29;30;31;32;33;34;35;36;37;75;76;77;78;79;80;81;82;83;84;85;86;87 20;21;22;23;88 7 45;49;50;52;53;55;58;59;61;62;63;65;68;69;71;72 89;90;91;92;93;94;95;96;97;98;99 8;9;10;11;12;13 51;56;60;64;66;73 46;47;48;54;57;67;70;74 0;1;2;3;4;5;6;14;15;16;17;18;19 

5
6
0.0146786 0.146423 0.639511 0 0.171801 0.0275862 
0.11736 0 0 0.504931 0 0 
0.0281423 0.0167224 0.410632 0.43254 0 0 
0.190684 0.623549 0 0 0.00588885 0 
0 0.0588235 0.0290645 0 0.760977 0 
6
6
1 0 0 0 0 0 
1 1 0 0 0 0 
1 0 1 0 0 0 
1 0 0 1 0 0 
1 0 0 0 1 0 
1 0 0 0 0 1 

1 0.999983 1 0.993102 0.98282 1 
5
6
0.5 0.0732113 0.319756 0 0.0859007 0.0137931 
0.311146 0 0 0.252465 0 0 
0.444018 0.0083612 0.205316 0.21627 0 0 
0.410061 0.311774 0 0 0.00294442 0 
0.424432 0.0294118 0.0145322 0 0.380488 0 

Sample_0 Sample_1 Sample_2 Sample_3 Sample_4 
9 6 5 2 1 0 

