MultiBinom clustering
Convergence threshold: 1.000000
Initial num clusters: 75
kmeans: True

Time taken: 10.918478
ARI: 0.587934
Cluster freq error: 0.005673
Num active clusters: 10
Cluster assignments
9
9
9
9
9
9
9
3
6
6
6
6
6
6
9
9
9
9
9
9
2
2
2
2
1
1
1
1
1
1
1
1
1
1
1
1
1
1
0
0
0
0
0
0
0
4
8
8
8
4
4
7
4
4
8
4
7
8
4
4
7
4
4
4
7
4
7
8
4
4
8
4
4
7
8
1
1
1
1
1
1
1
1
1
1
1
1
1
2
5
5
5
5
5
5
5
5
5
5
5
Alpha posterior values
10.0000 0.0000 0.0000 201.0816 0.0000 0.0000 13.7461 0.0000 0.0000 615.4092 0.0000 314.0000 0.0000 0.0000 0.0000 0.5811 0.0000 0.0000 38.2539 35.3373 0.0000 6.6354 208.7356 0.0000 0.0000 0.0000 308.2197 0.0000 670.0000 0.0000 0.0000 0.0000 0.0000 0.0000 0.0000 0.0000 0.0000 0.0000 0.0000 0.0000 0.0000 0.0000 0.0000 0.0000 0.0000 0.0000 0.0000 0.0000 0.0000 0.0000 0.0000 0.0000 0.0000 0.0000 0.0000 0.0000 0.0000 0.0000 0.0000 0.0000 0.0000 0.0000 0.0000 0.0000 0.0000 0.0000 0.0000 0.0000 0.0000 0.0000 0.0000 0.0000 0.0000 0.0000 0.0000 0.0000 0.0000 0.0000 0.0000 0.0000 0.0000 0.0000 0.0000 0.0000 0.0000 0.0000 0.0000 0.0000 0.0000 0.0000 0.0000 0.0000 0.0000 0.0000 0.0000 0.0000 0.0000 0.0000 0.0000 0.0000
0.0000 0.0000 0.0000 0.0000 0.0000 128.0000 0.0000 0.0000 0.0000 31.8409 0.0000 0.0000 0.0000 0.0000 0.0000 0.0000 0.0000 0.0000 0.0000 0.0000 0.0000 1.1345 16.1378 0.0000 0.0000 0.0000 17.8869 0.0000 402.0000 0.0000 0.0000 0.0000 0.0000 0.0000 0.0000 0.0000 0.0000 0.0000 0.0000 0.0000 0.0000 0.0000 0.0000 0.0000 0.0000 0.0000 0.0000 0.0000 0.0000 0.0000 0.0000 0.0000 0.0000 0.0000 0.0000 0.0000 0.0000 0.0000 0.0000 0.0000 0.0000 0.0000 0.0000 0.0000 0.0000 0.0000 0.0000 0.0000 0.0000 0.0000 0.0000 0.0000 0.0000 0.0000 0.0000 0.0000 0.0000 0.0000 0.0000 0.0000 0.0000 0.0000 0.0000 0.0000 0.0000 0.0000 0.0000 0.0000 0.0000 0.0000 0.0000 0.0000 0.0000 0.0000 0.0000 0.0000 0.0000 0.0000 0.0000 0.0000
0.0000 0.0000 0.0000 0.0000 0.0000 109.0000 1.6688 0.0000 0.0000 306.2239 0.0000 224.0000 0.0000 0.0000 0.0000 0.0000 0.0000 0.0000 4.3312 0.0000 0.0000 7.0706 104.6581 0.0000 0.0000 0.0000 214.0474 0.0000 579.0000 0.0000 0.0000 0.0000 0.0000 0.0000 0.0000 0.0000 0.0000 0.0000 0.0000 0.0000 0.0000 0.0000 0.0000 0.0000 0.0000 0.0000 0.0000 0.0000 0.0000 0.0000 0.0000 0.0000 0.0000 0.0000 0.0000 0.0000 0.0000 0.0000 0.0000 0.0000 0.0000 0.0000 0.0000 0.0000 0.0000 0.0000 0.0000 0.0000 0.0000 0.0000 0.0000 0.0000 0.0000 0.0000 0.0000 0.0000 0.0000 0.0000 0.0000 0.0000 0.0000 0.0000 0.0000 0.0000 0.0000 0.0000 0.0000 0.0000 0.0000 0.0000 0.0000 0.0000 0.0000 0.0000 0.0000 0.0000 0.0000 0.0000 0.0000 0.0000
0.0000 0.0000 0.0000 6.0278 0.0000 0.0000 62.9339 0.0000 0.0000 7.2573 0.0000 0.0000 0.0000 0.0000 0.0000 0.0000 0.0000 0.0000 166.0661 1.9722 0.0000 0.2279 0.0000 0.0000 0.0000 0.0000 3.5148 0.0000 538.0000 0.0000 0.0000 0.0000 0.0000 0.0000 0.0000 0.0000 0.0000 0.0000 0.0000 0.0000 0.0000 0.0000 0.0000 0.0000 0.0000 0.0000 0.0000 0.0000 0.0000 0.0000 0.0000 0.0000 0.0000 0.0000 0.0000 0.0000 0.0000 0.0000 0.0000 0.0000 0.0000 0.0000 0.0000 0.0000 0.0000 0.0000 0.0000 0.0000 0.0000 0.0000 0.0000 0.0000 0.0000 0.0000 0.0000 0.0000 0.0000 0.0000 0.0000 0.0000 0.0000 0.0000 0.0000 0.0000 0.0000 0.0000 0.0000 0.0000 0.0000 0.0000 0.0000 0.0000 0.0000 0.0000 0.0000 0.0000 0.0000 0.0000 0.0000 0.0000
0.0000 0.0000 0.0000 907.4053 0.0000 0.0000 3.5305 0.0000 0.0000 751.1739 0.0000 16.0000 0.0000 0.0000 0.0000 2.8702 0.0000 0.0000 14.4695 160.7245 0.0000 9.3523 206.1441 0.0000 0.0000 0.0000 311.3297 0.0000 542.0000 0.0000 0.0000 0.0000 0.0000 0.0000 0.0000 0.0000 0.0000 0.0000 0.0000 0.0000 0.0000 0.0000 0.0000 0.0000 0.0000 0.0000 0.0000 0.0000 0.0000 0.0000 0.0000 0.0000 0.0000 0.0000 0.0000 0.0000 0.0000 0.0000 0.0000 0.0000 0.0000 0.0000 0.0000 0.0000 0.0000 0.0000 0.0000 0.0000 0.0000 0.0000 0.0000 0.0000 0.0000 0.0000 0.0000 0.0000 0.0000 0.0000 0.0000 0.0000 0.0000 0.0000 0.0000 0.0000 0.0000 0.0000 0.0000 0.0000 0.0000 0.0000 0.0000 0.0000 0.0000 0.0000 0.0000 0.0000 0.0000 0.0000 0.0000 0.0000
Beta posterior values
715.0000 0.0000 0.0000 2179.2426 0.0000 502.0000 162.8396 0.0000 0.0000 1097.2203 0.0000 668.0000 0.0000 0.0000 0.0000 9.0887 0.0000 0.0000 475.1604 333.6688 0.0000 15.2722 270.5150 0.0000 0.0000 0.0000 470.9925 0.0000 650.0000 0.0000 0.0000 0.0000 0.0000 0.0000 0.0000 0.0000 0.0000 0.0000 0.0000 0.0000 0.0000 0.0000 0.0000 0.0000 0.0000 0.0000 0.0000 0.0000 0.0000 0.0000 0.0000 0.0000 0.0000 0.0000 0.0000 0.0000 0.0000 0.0000 0.0000 0.0000 0.0000 0.0000 0.0000 0.0000 0.0000 0.0000 0.0000 0.0000 0.0000 0.0000 0.0000 0.0000 0.0000 0.0000 0.0000 0.0000 0.0000 0.0000 0.0000 0.0000 0.0000 0.0000 0.0000 0.0000 0.0000 0.0000 0.0000 0.0000 0.0000 0.0000 0.0000 0.0000 0.0000 0.0000 0.0000 0.0000 0.0000 0.0000 0.0000 0.0000
706.0000 0.0000 0.0000 2258.2596 0.0000 379.0000 178.2592 0.0000 0.0000 1660.1488 0.0000 1093.0000 0.0000 0.0000 0.0000 8.4687 0.0000 0.0000 553.7408 327.2716 0.0000 20.4538 470.9134 0.0000 0.0000 0.0000 758.4840 0.0000 890.0000 0.0000 0.0000 0.0000 0.0000 0.0000 0.0000 0.0000 0.0000 0.0000 0.0000 0.0000 0.0000 0.0000 0.0000 0.0000 0.0000 0.0000 0.0000 0.0000 0.0000 0.0000 0.0000 0.0000 0.0000 0.0000 0.0000 0.0000 0.0000 0.0000 0.0000 0.0000 0.0000 0.0000 0.0000 0.0000 0.0000 0.0000 0.0000 0.0000 0.0000 0.0000 0.0000 0.0000 0.0000 0.0000 0.0000 0.0000 0.0000 0.0000 0.0000 0.0000 0.0000 0.0000 0.0000 0.0000 0.0000 0.0000 0.0000 0.0000 0.0000 0.0000 0.0000 0.0000 0.0000 0.0000 0.0000 0.0000 0.0000 0.0000 0.0000 0.0000
735.0000 0.0000 0.0000 2389.6101 0.0000 395.0000 168.0186 0.0000 0.0000 1289.2351 0.0000 867.0000 0.0000 0.0000 0.0000 9.4398 0.0000 0.0000 514.9814 357.9502 0.0000 15.3667 410.3322 0.0000 0.0000 0.0000 592.0659 0.0000 725.0000 0.0000 0.0000 0.0000 0.0000 0.0000 0.0000 0.0000 0.0000 0.0000 0.0000 0.0000 0.0000 0.0000 0.0000 0.0000 0.0000 0.0000 0.0000 0.0000 0.0000 0.0000 0.0000 0.0000 0.0000 0.0000 0.0000 0.0000 0.0000 0.0000 0.0000 0.0000 0.0000 0.0000 0.0000 0.0000 0.0000 0.0000 0.0000 0.0000 0.0000 0.0000 0.0000 0.0000 0.0000 0.0000 0.0000 0.0000 0.0000 0.0000 0.0000 0.0000 0.0000 0.0000 0.0000 0.0000 0.0000 0.0000 0.0000 0.0000 0.0000 0.0000 0.0000 0.0000 0.0000 0.0000 0.0000 0.0000 0.0000 0.0000 0.0000 0.0000
704.0000 0.0000 0.0000 2363.4468 0.0000 528.0000 117.0607 0.0000 0.0000 1664.5104 0.0000 1067.0000 0.0000 0.0000 0.0000 10.1018 0.0000 0.0000 367.9393 335.4514 0.0000 21.7553 509.5527 0.0000 0.0000 0.0000 809.1815 0.0000 774.0000 0.0000 0.0000 0.0000 0.0000 0.0000 0.0000 0.0000 0.0000 0.0000 0.0000 0.0000 0.0000 0.0000 0.0000 0.0000 0.0000 0.0000 0.0000 0.0000 0.0000 0.0000 0.0000 0.0000 0.0000 0.0000 0.0000 0.0000 0.0000 0.0000 0.0000 0.0000 0.0000 0.0000 0.0000 0.0000 0.0000 0.0000 0.0000 0.0000 0.0000 0.0000 0.0000 0.0000 0.0000 0.0000 0.0000 0.0000 0.0000 0.0000 0.0000 0.0000 0.0000 0.0000 0.0000 0.0000 0.0000 0.0000 0.0000 0.0000 0.0000 0.0000 0.0000 0.0000 0.0000 0.0000 0.0000 0.0000 0.0000 0.0000 0.0000 0.0000
680.0000 0.0000 0.0000 1471.3398 0.0000 506.0000 172.7152 0.0000 0.0000 931.8514 0.0000 1085.0000 0.0000 0.0000 0.0000 6.4351 0.0000 0.0000 500.2848 202.2251 0.0000 13.2822 274.7376 0.0000 0.0000 0.0000 472.1288 0.0000 735.0000 0.0000 0.0000 0.0000 0.0000 0.0000 0.0000 0.0000 0.0000 0.0000 0.0000 0.0000 0.0000 0.0000 0.0000 0.0000 0.0000 0.0000 0.0000 0.0000 0.0000 0.0000 0.0000 0.0000 0.0000 0.0000 0.0000 0.0000 0.0000 0.0000 0.0000 0.0000 0.0000 0.0000 0.0000 0.0000 0.0000 0.0000 0.0000 0.0000 0.0000 0.0000 0.0000 0.0000 0.0000 0.0000 0.0000 0.0000 0.0000 0.0000 0.0000 0.0000 0.0000 0.0000 0.0000 0.0000 0.0000 0.0000 0.0000 0.0000 0.0000 0.0000 0.0000 0.0000 0.0000 0.0000 0.0000 0.0000 0.0000 0.0000 0.0000 0.0000
Cluster phi posterior values
0.0126 0.0841 0.0000 0.0748 0.3592 0.3194 0.0731 0.4353 0.3953 0.5076
0.0000 0.0000 0.2516 0.0000 0.0183 0.0000 0.0000 0.0315 0.0219 0.3109
0.0000 0.0000 0.2153 0.0061 0.1916 0.2048 0.0067 0.2023 0.2650 0.4439
0.0000 0.0021 0.0000 0.3486 0.0038 0.0000 0.3104 0.0000 0.0032 0.4099
0.0000 0.3814 0.0000 0.0165 0.4463 0.0137 0.0266 0.4284 0.3971 0.4243
