gene_id	Sample_0	Sample_0	Sample_1	Sample_1	Sample_2	Sample_2	Sample_3	Sample_3	Sample_4	Sample_4
28;29;30;31;32;33;34;35;36;37;38;39;40;41;42;43	1452	65	966	547	1646	25	1206	414	1068	559
94;95;96;97;98;99	580	0	588	0	647	8	514	82	601	0
46	86	6	95	0	97	0	97	0	82	35
90;91;92;93	426	0	420	0	387	0	370	29	421	10
65;66;67;68;69;70;71;72	773	0	814	0	601	208	805	0	712	18
47;48;50;51;54;56;58;60;62;63;64	1131	0	760	339	1084	0	1045	40	1142	0
0;1;2;3;4;5;6;7;8;9;10;11;12;13;14;15;16;17;18;19;20;21;22;23;24;25;26;27;44;45	2920	0	3015	0	2751	144	3030	0	2628	310
49;52;53;55;57;59;61	741	0	411	273	724	0	635	38	656	0
73;76;82;83;87;88;89	635	35	432	199	454	233	511	200	422	316
74;75;77;78;79;80;81;84;85;86	927	42	633	353	692	314	786	193	510	449
