gene_id	Sample_0	Sample_0	Sample_1	Sample_1	Sample_2	Sample_2	Sample_3	Sample_3	Sample_4	Sample_4	Sample_5	Sample_5
26;27;28;29;30	228	0	190	78	178	82	244	8	224	21	196	48
59;60;64;66;68;70;74;75;76;77;81;83;84;86;87;88;89	691	145	872	17	733	124	603	269	866	0	854	0
2;3;4	131	25	155	0	143	0	128	17	145	0	152	0
42;43;44;45;46;47;48;49;50;51;52;53;54;55;56	415	364	384	362	456	306	500	267	668	58	493	280
18;19;20;22;23;24;25	252	109	287	34	344	0	307	12	375	0	318	32
0;1;5	129	27	147	0	150	0	105	38	141	0	139	0
11;16	90	5	87	1	111	0	108	14	102	0	92	0
31;32;33;34;35;36;37;38;39;40;41	580	0	549	0	505	44	550	0	558	0	457	88
58;73;80	143	13	127	5	111	27	100	50	140	0	139	0
17;21	83	21	75	9	113	0	93	2	103	0	77	19
92	48	0	54	13	56	0	44	2	48	3	56	4
57;61;62;63;65;67;69;71;72;78;79;82;85;90;91	591	136	693	32	672	57	491	262	734	0	765	0
93;94;95;96;97;98;99	353	0	290	32	345	0	285	9	369	0	341	0
6;7;8;9;10;12;13;14;15	423	4	422	20	436	0	390	59	428	0	453	0
