1 #sols

6
14
0 0.173445 0.160256 0.467266 0.301939 0.173077 0.0526316 0 0.0833333 0.201923 0 0.18707 0 0.00936768 
0.291045 0.0191226 0 0.485255 0.105919 0 0.0113636 0 0.0378788 0.107143 0.19403 0.0441379 0.0993789 0.0452489 
0.315385 0.144691 0 0.401575 0 0 0 0.0801457 0.195652 0 0 0.0781893 0 0 
0.031746 0.308486 0.117241 0.34811 0.0376176 0.265734 0.114754 0 0.333333 0.0210526 0.0434783 0.347942 0.0306122 0.131403 
0.0857143 0 0 0.0798898 0 0 0 0 0 0 0.0588235 0 0 0 
0.196721 0 0 0.362225 0.0914286 0 0 0.161468 0 0.197917 0.0666667 0 0 0 

Sample_0 Sample_1 Sample_2 Sample_3 Sample_4 Sample_5 
26;27;28;29;30 59;60;64;66;68;70;74;75;76;77;81;83;84;86;87;88;89 2;3;4 42;43;44;45;46;47;48;49;50;51;52;53;54;55;56 18;19;20;22;23;24;25 0;1;5 11;16 31;32;33;34;35;36;37;38;39;40;41 58;73;80 17;21 92 57;61;62;63;65;67;69;71;72;78;79;82;85;90;91 93;94;95;96;97;98;99 6;7;8;9;10;12;13;14;15 

6
8
0 0.00505433 0 0.235376 0 0.0788771 0.486347 0.194346 
0.232403 0.0904977 0.198758 0.214286 0 0.0227273 0.211838 0 
0.642858 0 0 0 0.160291 0 0 0 
0 0.21509 0.0254285 0.00710056 0 0.229508 0.0752351 0.234483 
0.15978 0 0 0 0 0 0 0 
0 0 0 0.292646 0.248947 0 0.182857 0 
8
8
1 0 0 0 0 0 0 0 
1 1 0 0 0 0 0 0 
1 0 1 0 0 0 0 0 
1 0 0 1 0 0 0 0 
1 0 0 0 1 0 0 0 
1 0 0 0 0 1 0 0 
1 0 0 0 0 0 1 0 
1 0 0 0 0 0 0 1 

1 1 1 0.999459 1 0.999704 1 0.999986 
6
8
0.5 0.00252717 0 0.117688 0 0.0394386 0.243173 0.0971729 
0.485255 0.0452489 0.0993789 0.107143 0 0.0113636 0.105919 0 
0.401575 0 0 0 0.0801457 0 0 0 
0.393423 0.107545 0.0127142 0.00355028 0 0.114754 0.0376176 0.117241 
0.0798898 0 0 0 0 0 0 0 
0.362225 0 0 0.146323 0.124473 0 0.0914286 0 

Sample_0 Sample_1 Sample_2 Sample_3 Sample_4 Sample_5 
3 13 12 9 7 6 4 2 

