MultiBinom clustering
Convergence threshold: 1.000000
Initial num clusters: 100
kmeans: True

Time taken: 14.489505
ARI: 0.670260
Cluster freq error: 0.008077
Num active clusters: 14
Cluster assignments
5
5
2
2
2
5
13
13
13
13
13
6
13
13
13
13
6
9
4
4
4
9
4
4
4
4
0
0
0
0
0
7
7
7
7
7
7
7
7
7
7
7
3
3
3
3
3
3
3
3
3
3
3
3
3
3
3
11
8
1
1
11
11
11
1
11
1
11
1
11
1
11
11
8
1
1
1
1
11
11
8
1
11
1
1
11
1
1
1
1
11
11
10
12
12
12
12
12
12
12
Alpha posterior values
0.0000 364.0000 132.6122 21.8053 0.0000 0.0000 105.7523 29.7042 4.4430 0.0000 0.0000 0.0000 0.0000 0.0000 6.2185 17.0423 24.2481 0.0000 0.0000 138.3120 0.0000 0.0000 0.0000 0.0000 0.0000 0.0000 0.0000 0.0000 4.8621 0.0000 0.0000 0.0000 0.0000 0.0000 0.0000 0.0000 0.0000 0.0000 0.0000 0.0000 0.0000 0.0000 0.0000 0.0000 0.0000 0.0000 0.0000 0.0000 0.0000 0.0000 0.0000 0.0000 0.0000 0.0000 0.0000 0.0000 0.0000 0.0000 0.0000 0.0000 0.0000 0.0000 0.0000 0.0000 0.0000 0.0000 0.0000 0.0000 0.0000 0.0000 0.0000 0.0000 0.0000 0.0000 0.0000 0.0000 0.0000 0.0000 0.0000 0.0000 0.0000 0.0000 0.0000 0.0000 0.0000 0.0000 0.0000 0.0000 0.0000 0.0000 0.0000 0.0000 0.0000 0.0000 0.0000 0.0000 0.0000 0.0000 0.0000 0.0000
0.0000 362.0000 18.6513 0.0000 0.0000 0.0000 33.4432 0.0000 0.9881 0.0000 0.0000 0.0000 0.0000 0.0000 0.1279 4.9959 9.5568 13.0037 0.0000 30.2274 0.0000 0.0000 30.1665 0.0000 0.0000 0.0000 0.0000 0.0000 21.8392 0.0000 0.0000 0.0000 0.0000 78.0000 0.0000 0.0000 0.0000 0.0000 0.0000 0.0000 0.0000 0.0000 0.0000 0.0000 0.0000 0.0000 0.0000 0.0000 0.0000 0.0000 0.0000 0.0000 0.0000 0.0000 0.0000 0.0000 0.0000 0.0000 0.0000 0.0000 0.0000 0.0000 0.0000 0.0000 0.0000 0.0000 0.0000 0.0000 0.0000 0.0000 0.0000 0.0000 0.0000 0.0000 0.0000 0.0000 0.0000 0.0000 0.0000 0.0000 0.0000 0.0000 0.0000 0.0000 0.0000 0.0000 0.0000 0.0000 0.0000 0.0000 0.0000 0.0000 0.0000 0.0000 0.0000 0.0000 0.0000 0.0000 0.0000 0.0000
0.0000 306.0000 100.2893 0.0000 0.0000 0.0000 0.0000 0.0000 0.0000 0.0000 44.0000 0.0000 0.0000 0.0000 3.7678 29.9743 0.0000 0.0000 0.0000 73.9687 0.0000 0.0000 0.0000 0.0000 0.0000 0.0000 0.0000 0.0000 0.0000 0.0000 0.0000 0.0000 0.0000 82.0000 0.0000 0.0000 0.0000 0.0000 0.0000 0.0000 0.0000 0.0000 0.0000 0.0000 0.0000 0.0000 0.0000 0.0000 0.0000 0.0000 0.0000 0.0000 0.0000 0.0000 0.0000 0.0000 0.0000 0.0000 0.0000 0.0000 0.0000 0.0000 0.0000 0.0000 0.0000 0.0000 0.0000 0.0000 0.0000 0.0000 0.0000 0.0000 0.0000 0.0000 0.0000 0.0000 0.0000 0.0000 0.0000 0.0000 0.0000 0.0000 0.0000 0.0000 0.0000 0.0000 0.0000 0.0000 0.0000 0.0000 0.0000 0.0000 0.0000 0.0000 0.0000 0.0000 0.0000 0.0000 0.0000 0.0000
0.0000 267.0000 254.4258 14.2216 0.0000 0.0000 11.6389 40.5351 11.4877 0.0000 0.0000 0.0000 0.0000 0.0000 5.9119 57.7376 2.3614 2.0004 0.0000 263.2960 0.0000 0.0000 8.0820 0.0000 0.0000 0.0000 0.0000 0.0000 62.3017 0.0000 0.0000 0.0000 0.0000 8.0000 0.0000 0.0000 0.0000 0.0000 0.0000 0.0000 0.0000 0.0000 0.0000 0.0000 0.0000 0.0000 0.0000 0.0000 0.0000 0.0000 0.0000 0.0000 0.0000 0.0000 0.0000 0.0000 0.0000 0.0000 0.0000 0.0000 0.0000 0.0000 0.0000 0.0000 0.0000 0.0000 0.0000 0.0000 0.0000 0.0000 0.0000 0.0000 0.0000 0.0000 0.0000 0.0000 0.0000 0.0000 0.0000 0.0000 0.0000 0.0000 0.0000 0.0000 0.0000 0.0000 0.0000 0.0000 0.0000 0.0000 0.0000 0.0000 0.0000 0.0000 0.0000 0.0000 0.0000 0.0000 0.0000 0.0000
0.0000 58.0000 0.0000 0.0000 0.0000 0.0000 0.0000 0.0000 0.0000 0.0000 0.0000 0.0000 0.0000 0.0000 0.0000 0.0000 0.0000 3.0000 0.0000 0.0000 0.0000 0.0000 0.0000 0.0000 0.0000 0.0000 0.0000 0.0000 0.0000 0.0000 0.0000 0.0000 0.0000 21.0000 0.0000 0.0000 0.0000 0.0000 0.0000 0.0000 0.0000 0.0000 0.0000 0.0000 0.0000 0.0000 0.0000 0.0000 0.0000 0.0000 0.0000 0.0000 0.0000 0.0000 0.0000 0.0000 0.0000 0.0000 0.0000 0.0000 0.0000 0.0000 0.0000 0.0000 0.0000 0.0000 0.0000 0.0000 0.0000 0.0000 0.0000 0.0000 0.0000 0.0000 0.0000 0.0000 0.0000 0.0000 0.0000 0.0000 0.0000 0.0000 0.0000 0.0000 0.0000 0.0000 0.0000 0.0000 0.0000 0.0000 0.0000 0.0000 0.0000 0.0000 0.0000 0.0000 0.0000 0.0000 0.0000 0.0000
0.0000 280.0000 0.0000 0.0000 0.0000 0.0000 31.6511 0.0000 0.0000 0.0000 88.0000 0.0000 0.0000 0.0000 0.0000 0.0000 19.3489 4.0000 0.0000 0.0000 0.0000 0.0000 0.0000 0.0000 0.0000 0.0000 0.0000 0.0000 0.0000 0.0000 0.0000 0.0000 0.0000 48.0000 0.0000 0.0000 0.0000 0.0000 0.0000 0.0000 0.0000 0.0000 0.0000 0.0000 0.0000 0.0000 0.0000 0.0000 0.0000 0.0000 0.0000 0.0000 0.0000 0.0000 0.0000 0.0000 0.0000 0.0000 0.0000 0.0000 0.0000 0.0000 0.0000 0.0000 0.0000 0.0000 0.0000 0.0000 0.0000 0.0000 0.0000 0.0000 0.0000 0.0000 0.0000 0.0000 0.0000 0.0000 0.0000 0.0000 0.0000 0.0000 0.0000 0.0000 0.0000 0.0000 0.0000 0.0000 0.0000 0.0000 0.0000 0.0000 0.0000 0.0000 0.0000 0.0000 0.0000 0.0000 0.0000 0.0000
Beta posterior values
0.0000 415.0000 623.9296 113.8243 0.0000 0.0000 251.1622 145.3761 75.6627 0.0000 580.0000 0.0000 0.0000 0.0000 22.0170 158.7406 83.8396 48.0320 0.0000 621.1635 0.0000 0.0000 324.9246 0.0000 0.0000 0.0000 0.0000 0.0000 465.3278 0.0000 0.0000 0.0000 0.0000 228.0000 0.0000 0.0000 0.0000 0.0000 0.0000 0.0000 0.0000 0.0000 0.0000 0.0000 0.0000 0.0000 0.0000 0.0000 0.0000 0.0000 0.0000 0.0000 0.0000 0.0000 0.0000 0.0000 0.0000 0.0000 0.0000 0.0000 0.0000 0.0000 0.0000 0.0000 0.0000 0.0000 0.0000 0.0000 0.0000 0.0000 0.0000 0.0000 0.0000 0.0000 0.0000 0.0000 0.0000 0.0000 0.0000 0.0000 0.0000 0.0000 0.0000 0.0000 0.0000 0.0000 0.0000 0.0000 0.0000 0.0000 0.0000 0.0000 0.0000 0.0000 0.0000 0.0000 0.0000 0.0000 0.0000 0.0000
0.0000 384.0000 761.0235 133.0562 0.0000 0.0000 283.6548 167.8103 73.2351 0.0000 549.0000 0.0000 0.0000 0.0000 29.1906 159.1624 78.3477 54.0247 0.0000 743.6417 0.0000 0.0000 268.5859 0.0000 0.0000 0.0000 0.0000 0.0000 457.2670 0.0000 0.0000 0.0000 0.0000 190.0000 0.0000 0.0000 0.0000 0.0000 0.0000 0.0000 0.0000 0.0000 0.0000 0.0000 0.0000 0.0000 0.0000 0.0000 0.0000 0.0000 0.0000 0.0000 0.0000 0.0000 0.0000 0.0000 0.0000 0.0000 0.0000 0.0000 0.0000 0.0000 0.0000 0.0000 0.0000 0.0000 0.0000 0.0000 0.0000 0.0000 0.0000 0.0000 0.0000 0.0000 0.0000 0.0000 0.0000 0.0000 0.0000 0.0000 0.0000 0.0000 0.0000 0.0000 0.0000 0.0000 0.0000 0.0000 0.0000 0.0000 0.0000 0.0000 0.0000 0.0000 0.0000 0.0000 0.0000 0.0000 0.0000 0.0000
0.0000 456.0000 666.0584 126.7622 0.0000 0.0000 343.3654 166.2434 91.0824 0.0000 505.0000 0.0000 0.0000 0.0000 20.3900 134.4586 113.6374 56.0268 0.0000 696.0035 0.0000 0.0000 314.9617 0.0000 0.0000 0.0000 0.0000 0.0000 485.0103 0.0000 0.0000 0.0000 0.0000 178.0000 0.0000 0.0000 0.0000 0.0000 0.0000 0.0000 0.0000 0.0000 0.0000 0.0000 0.0000 0.0000 0.0000 0.0000 0.0000 0.0000 0.0000 0.0000 0.0000 0.0000 0.0000 0.0000 0.0000 0.0000 0.0000 0.0000 0.0000 0.0000 0.0000 0.0000 0.0000 0.0000 0.0000 0.0000 0.0000 0.0000 0.0000 0.0000 0.0000 0.0000 0.0000 0.0000 0.0000 0.0000 0.0000 0.0000 0.0000 0.0000 0.0000 0.0000 0.0000 0.0000 0.0000 0.0000 0.0000 0.0000 0.0000 0.0000 0.0000 0.0000 0.0000 0.0000 0.0000 0.0000 0.0000 0.0000
0.0000 500.0000 540.1420 111.1050 0.0000 0.0000 304.2160 122.0227 89.0300 0.0000 550.0000 0.0000 0.0000 0.0000 21.6784 118.7561 95.7862 44.0253 0.0000 514.3710 0.0000 0.0000 265.7915 0.0000 0.0000 0.0000 0.0000 0.0000 427.0759 0.0000 0.0000 0.0000 0.0000 244.0000 0.0000 0.0000 0.0000 0.0000 0.0000 0.0000 0.0000 0.0000 0.0000 0.0000 0.0000 0.0000 0.0000 0.0000 0.0000 0.0000 0.0000 0.0000 0.0000 0.0000 0.0000 0.0000 0.0000 0.0000 0.0000 0.0000 0.0000 0.0000 0.0000 0.0000 0.0000 0.0000 0.0000 0.0000 0.0000 0.0000 0.0000 0.0000 0.0000 0.0000 0.0000 0.0000 0.0000 0.0000 0.0000 0.0000 0.0000 0.0000 0.0000 0.0000 0.0000 0.0000 0.0000 0.0000 0.0000 0.0000 0.0000 0.0000 0.0000 0.0000 0.0000 0.0000 0.0000 0.0000 0.0000 0.0000
0.0000 668.0000 775.3906 131.6707 0.0000 0.0000 373.4001 153.0359 85.7887 0.0000 558.0000 0.0000 0.0000 0.0000 26.1016 163.7357 104.6026 48.0280 0.0000 775.7507 0.0000 0.0000 337.4270 0.0000 0.0000 0.0000 0.0000 0.0000 476.0684 0.0000 0.0000 0.0000 0.0000 224.0000 0.0000 0.0000 0.0000 0.0000 0.0000 0.0000 0.0000 0.0000 0.0000 0.0000 0.0000 0.0000 0.0000 0.0000 0.0000 0.0000 0.0000 0.0000 0.0000 0.0000 0.0000 0.0000 0.0000 0.0000 0.0000 0.0000 0.0000 0.0000 0.0000 0.0000 0.0000 0.0000 0.0000 0.0000 0.0000 0.0000 0.0000 0.0000 0.0000 0.0000 0.0000 0.0000 0.0000 0.0000 0.0000 0.0000 0.0000 0.0000 0.0000 0.0000 0.0000 0.0000 0.0000 0.0000 0.0000 0.0000 0.0000 0.0000 0.0000 0.0000 0.0000 0.0000 0.0000 0.0000 0.0000 0.0000
0.0000 493.0000 778.2705 130.9101 0.0000 0.0000 316.7763 158.9423 77.4648 0.0000 457.0000 0.0000 0.0000 0.0000 30.1918 163.4234 78.2261 56.0275 0.0000 787.1925 0.0000 0.0000 313.2914 0.0000 0.0000 0.0000 0.0000 0.0000 495.2833 0.0000 0.0000 0.0000 0.0000 196.0000 0.0000 0.0000 0.0000 0.0000 0.0000 0.0000 0.0000 0.0000 0.0000 0.0000 0.0000 0.0000 0.0000 0.0000 0.0000 0.0000 0.0000 0.0000 0.0000 0.0000 0.0000 0.0000 0.0000 0.0000 0.0000 0.0000 0.0000 0.0000 0.0000 0.0000 0.0000 0.0000 0.0000 0.0000 0.0000 0.0000 0.0000 0.0000 0.0000 0.0000 0.0000 0.0000 0.0000 0.0000 0.0000 0.0000 0.0000 0.0000 0.0000 0.0000 0.0000 0.0000 0.0000 0.0000 0.0000 0.0000 0.0000 0.0000 0.0000 0.0000 0.0000 0.0000 0.0000 0.0000 0.0000 0.0000
Cluster phi posterior values
0.0000 0.1745 0.1571 0.4672 0.2953 0.1667 0.0484 0.0000 0.0934 0.2209 0.0000 0.1813 0.0000 0.0084
0.2897 0.0228 0.0000 0.4852 0.1033 0.0000 0.0049 0.0000 0.0260 0.1026 0.1894 0.0379 0.0986 0.0439
0.3142 0.1300 0.0000 0.4013 0.0000 0.0000 0.0000 0.0787 0.1793 0.0000 0.0000 0.0951 0.0000 0.0000
0.0286 0.3198 0.1090 0.3477 0.0343 0.2470 0.1094 0.0000 0.3256 0.0174 0.0333 0.3382 0.0265 0.1259
0.0829 0.0000 0.0000 0.0788 0.0000 0.0000 0.0000 0.0000 0.0000 0.0000 0.0500 0.0000 0.0000 0.0000
0.1946 0.0000 0.0000 0.3619 0.0888 0.0000 0.0000 0.1603 0.0000 0.1941 0.0593 0.0000 0.0000 0.0000
