gene_id	Sample_0	Sample_0	Sample_1	Sample_1	Sample_2	Sample_2	Sample_3	Sample_3
57;58;59;60;61;62;63;64;65;91;92;93;94;95;96;97;98;99	847	51	742	145	890	0	914	3
68;73;79	119	22	153	12	162	1	133	33
0;1;2;3;4;5;6;7;8;9;10;11;12;13;14;42;43;44;46	862	95	947	0	1004	0	911	0
48;49;50;52;53;54;55;56	406	0	324	72	393	0	277	110
72;77;83;85;87;88	250	59	241	72	286	3	261	55
18;19;23;24;25;26;27;28;30	433	0	447	0	432	17	390	64
69;70;71;74;75;76;78;80;81;82;84;86;90	533	109	552	72	654	13	594	74
15;16;17	131	19	162	0	119	19	136	0
31;32;33;34;35;36;37;38;39;40;41	331	197	352	185	296	227	351	225
66;67;89	114	20	106	31	144	4	136	14
20;21;22;29	206	0	192	0	185	0	186	18
45;47	83	7	95	2	103	0	109	0
51	44	0	43	9	53	0	40	4
