gene_id	Sample_0	Sample_0	Sample_1	Sample_1	Sample_2	Sample_2	Sample_3	Sample_3	Sample_4	Sample_4
38;39;40;41;42;43;44	715	10	706	0	735	0	704	0	680	0
24;25;26;27;28;29;30;31;32;33;34;35;36;37;75;76;77;78;79;80;81;82;83;84;85;86;87	2522	237	2594	0	2757	0	2709	8	1680	1071
20;21;22;23;88	502	0	379	128	395	109	528	0	506	0
7	81	8	103	0	90	1	70	41	112	1
45;49;50;52;53;55;58;59;61;62;63;65;68;69;71;72	1076	591	1583	27	1240	279	1593	7	899	726
89;90;91;92;93;94;95;96;97;98;99	668	314	1093	0	867	224	1067	0	1085	16
8;9;10;11;12;13	557	44	629	0	593	5	415	188	561	17
51;56;60;64;66;73	305	244	570	22	480	126	610	0	322	247
46;47;48;54;57;67;70;74	473	304	757	18	587	227	802	4	471	305
0;1;2;3;4;5;6;14;15;16;17;18;19	650	670	890	402	725	579	774	538	735	542
