1 #sols

5
7
0.466538 0.107246 0.0978261 0.00224719 0.227518 0.236364 0.082397 
0.361959 0.304545 0.102273 0.217848 0 0 0.0572183 
0.469362 0.318489 0.230769 0.0771208 0 0 0 
0.138361 0.0814607 0 0.0760369 0 0.0701754 0.0581068 
0.405216 0.154062 0 0.124365 0.221689 0 0 

Sample_0 Sample_1 Sample_2 Sample_3 Sample_4 
39;40;41;42;43;44;45;46;47;48;49;50;51;52;53;54;55;56;57;58;59;60;61;62;63;64;65;66;67;68;69 25;26;27;28;29;30;31;32;33;34;35;36;37;38 94;95 23;24;70;71;72;73;74;99 75;76;77;78;79;80;81;82;83;84;85;86;87;88;89;90;91;92;93;96;97;98 4 0;1;2;3;5;6;7;8;9;10;11;12;13;14;15;16;17;18;19;20;21;22 

5
6
0 0.125846 0.283282 0.393173 0.000464568 0.195652 
0 0.114437 0 0 0.435696 0.204545 
0.322944 0 0 0 0.154242 0.461538 
0 0.083907 0.140351 0 0.100728 0 
0.118323 0 0 0.443378 0.248731 0 
6
6
1 0 0 0 0 0 
1 1 0 0 0 0 
1 0 1 0 0 0 
1 0 0 1 0 0 
1 0 0 0 1 0 
1 0 0 0 0 1 

1 1 0.915454 1 0.999829 0.999998 
5
6
0.499209 0.0629232 0.141641 0.196587 0.000232284 0.0978261 
0.377339 0.0572183 0 0 0.217848 0.102273 
0.469362 0 0 0 0.0771208 0.230769 
0.162493 0.0419535 0.0701754 0 0.0503638 0 
0.405216 0 0 0.221689 0.124365 0 

Sample_0 Sample_1 Sample_2 Sample_3 Sample_4 
0 6 5 4 3 2 

