1 #sols

5
6
0.248007 0 0 0 0 0.00859922 
0.248347 0.164074 0.155748 0.157809 0.00174825 0.0238904 
0.282678 0.157343 0.154036 0.0310471 0.121392 0 
0.354701 0.355033 0.336315 0.352449 0 0 
0.143233 0 0 0 0 0.0853645 

Sample_0 Sample_1 Sample_2 Sample_3 Sample_4 
4;5;6;7;8;9;10;11;12;13;14;15;16;17;18;35;36;37;38;39;40;41;42;43;44;45;46;47;48;49;50;51;52;53;54;55;56;57;58;94;95;96;97;98;99 26;29 24;25;27;28;30;31;32;33;34 19;20;21;22;23 0;1;2;3 59;60;61;62;63;64;65;66;67;68;69;70;71;72;73;74;75;76;77;78;79;80;81;82;83;84;85;86;87;88;89;90;91;92;93 

5
4
0.478815 0.0171984 0 0 
0.133922 0.0477808 0.0034965 0.311495 
0.0145009 0 0.242783 0.308072 
0.036773 0 0 0.67263 
0.115738 0.170729 0 0 
4
4
1 0 0 0 
1 1 0 0 
1 0 1 0 
1 0 0 1 

1 1 1 0.999567 
5
4
0.248007 0.00859922 0 0 
0.248347 0.0238904 0.00174825 0.155748 
0.282678 0 0.121392 0.154036 
0.354701 0 0 0.336315 
0.143233 0.0853645 0 0 

Sample_0 Sample_1 Sample_2 Sample_3 Sample_4 
0 5 4 2 

