MultiBinom clustering
Convergence threshold: 1.000000
Initial num clusters: 100
kmeans: True

Time taken: 27.627374
ARI: 0.825162
Cluster freq error: 0.004615
Num active clusters: 9
Cluster assignments
2
2
2
2
2
2
2
2
2
2
2
2
2
2
2
8
8
8
0
0
0
0
0
0
0
0
0
0
0
0
0
3
3
3
3
3
3
3
3
3
3
3
2
2
2
2
2
2
7
7
7
7
7
7
7
7
7
4
6
4
4
6
4
4
4
6
1
5
5
5
5
1
5
5
5
5
5
5
5
5
5
5
5
5
5
5
1
5
5
5
5
6
6
6
6
6
6
6
6
6
Alpha posterior values
0.0000 0.0000 0.0000 41.4461 50.8468 0.0000 0.0000 0.0000 0.0000 0.0000 0.0000 0.0000 142.1532 0.0000 0.0000 430.0000 0.0000 0.0000 0.0000 14.4857 63.7301 437.0685 65.2206 0.0000 0.0000 0.0000 0.0000 6.0490 39.0000 0.0000 0.0000 0.0000 0.0000 0.0000 0.0000 0.0000 0.0000 0.0000 0.0000 0.0000 0.0000 0.0000 0.0000 0.0000 0.0000 0.0000 0.0000 0.0000 0.0000 0.0000 0.0000 0.0000 0.0000 0.0000 0.0000 0.0000 0.0000 0.0000 0.0000 0.0000 0.0000 0.0000 0.0000 0.0000 0.0000 0.0000 0.0000 0.0000 0.0000 0.0000 0.0000 0.0000 0.0000 0.0000 0.0000 0.0000 0.0000 0.0000 0.0000 0.0000 0.0000 0.0000 0.0000 0.0000 0.0000 0.0000 0.0000 0.0000 0.0000 0.0000 0.0000 0.0000 0.0000 0.0000 0.0000 0.0000 0.0000 0.0000 0.0000 0.0000
0.0000 0.0000 0.0000 52.5452 0.0000 0.0000 0.0000 0.0000 0.0000 0.0000 0.0000 0.0000 0.0000 0.0000 0.0000 400.0000 0.0000 0.0000 0.0000 10.4112 109.5678 350.0440 173.8817 0.0000 155.0000 0.0000 0.0000 10.5501 0.0000 0.0000 0.0000 0.0000 0.0000 0.0000 0.0000 0.0000 0.0000 0.0000 0.0000 0.0000 0.0000 0.0000 0.0000 0.0000 0.0000 0.0000 0.0000 0.0000 0.0000 0.0000 0.0000 0.0000 0.0000 0.0000 0.0000 0.0000 0.0000 0.0000 0.0000 0.0000 0.0000 0.0000 0.0000 0.0000 0.0000 0.0000 0.0000 0.0000 0.0000 0.0000 0.0000 0.0000 0.0000 0.0000 0.0000 0.0000 0.0000 0.0000 0.0000 0.0000 0.0000 0.0000 0.0000 0.0000 0.0000 0.0000 0.0000 0.0000 0.0000 0.0000 0.0000 0.0000 0.0000 0.0000 0.0000 0.0000 0.0000 0.0000 0.0000 0.0000
0.0000 0.0000 0.0000 9.3046 0.0000 0.0000 0.0000 0.0000 0.0000 0.0000 0.0000 0.0000 0.0000 0.0000 0.0000 438.0000 0.0000 0.0000 0.0000 0.9503 0.0000 40.7451 0.0000 0.0000 0.0000 0.0000 0.0000 0.0000 59.0000 0.0000 0.0000 0.0000 0.0000 27.0000 0.0000 0.0000 0.0000 0.0000 0.0000 0.0000 0.0000 0.0000 0.0000 0.0000 0.0000 0.0000 0.0000 0.0000 0.0000 0.0000 0.0000 0.0000 0.0000 0.0000 0.0000 0.0000 0.0000 0.0000 0.0000 0.0000 0.0000 0.0000 0.0000 0.0000 0.0000 0.0000 0.0000 0.0000 0.0000 0.0000 0.0000 0.0000 0.0000 0.0000 0.0000 0.0000 0.0000 0.0000 0.0000 0.0000 0.0000 0.0000 0.0000 0.0000 0.0000 0.0000 0.0000 0.0000 0.0000 0.0000 0.0000 0.0000 0.0000 0.0000 0.0000 0.0000 0.0000 0.0000 0.0000 0.0000
0.0000 0.0000 0.0000 55.8306 0.0000 0.0000 0.0000 0.0000 0.0000 0.0000 0.0000 0.0000 2.0000 0.0000 0.0000 461.0000 0.0000 0.0000 0.0000 10.2086 9.2329 271.9609 0.0000 0.0000 229.0000 0.0000 0.0000 0.7670 0.0000 0.0000 0.0000 0.0000 0.0000 173.0000 0.0000 0.0000 0.0000 0.0000 0.0000 0.0000 0.0000 0.0000 0.0000 0.0000 0.0000 0.0000 0.0000 0.0000 0.0000 0.0000 0.0000 0.0000 0.0000 0.0000 0.0000 0.0000 0.0000 0.0000 0.0000 0.0000 0.0000 0.0000 0.0000 0.0000 0.0000 0.0000 0.0000 0.0000 0.0000 0.0000 0.0000 0.0000 0.0000 0.0000 0.0000 0.0000 0.0000 0.0000 0.0000 0.0000 0.0000 0.0000 0.0000 0.0000 0.0000 0.0000 0.0000 0.0000 0.0000 0.0000 0.0000 0.0000 0.0000 0.0000 0.0000 0.0000 0.0000 0.0000 0.0000 0.0000
Beta posterior values
0.0000 0.0000 0.0000 253.7101 474.5281 0.0000 0.0000 0.0000 0.0000 0.0000 0.0000 0.0000 1477.4719 0.0000 0.0000 611.0000 0.0000 0.0000 0.0000 61.4623 629.4359 1699.8302 928.1460 0.0000 914.0000 0.0000 0.0000 60.4155 254.0000 0.0000 0.0000 0.0000 0.0000 1283.0000 0.0000 0.0000 0.0000 0.0000 0.0000 0.0000 0.0000 0.0000 0.0000 0.0000 0.0000 0.0000 0.0000 0.0000 0.0000 0.0000 0.0000 0.0000 0.0000 0.0000 0.0000 0.0000 0.0000 0.0000 0.0000 0.0000 0.0000 0.0000 0.0000 0.0000 0.0000 0.0000 0.0000 0.0000 0.0000 0.0000 0.0000 0.0000 0.0000 0.0000 0.0000 0.0000 0.0000 0.0000 0.0000 0.0000 0.0000 0.0000 0.0000 0.0000 0.0000 0.0000 0.0000 0.0000 0.0000 0.0000 0.0000 0.0000 0.0000 0.0000 0.0000 0.0000 0.0000 0.0000 0.0000 0.0000
0.0000 0.0000 0.0000 220.3867 515.7889 0.0000 0.0000 0.0000 0.0000 0.0000 0.0000 0.0000 1608.2111 0.0000 0.0000 678.0000 0.0000 0.0000 0.0000 64.8465 572.7958 1836.7692 828.6738 0.0000 742.0000 0.0000 0.0000 55.5281 316.0000 0.0000 0.0000 0.0000 0.0000 1292.0000 0.0000 0.0000 0.0000 0.0000 0.0000 0.0000 0.0000 0.0000 0.0000 0.0000 0.0000 0.0000 0.0000 0.0000 0.0000 0.0000 0.0000 0.0000 0.0000 0.0000 0.0000 0.0000 0.0000 0.0000 0.0000 0.0000 0.0000 0.0000 0.0000 0.0000 0.0000 0.0000 0.0000 0.0000 0.0000 0.0000 0.0000 0.0000 0.0000 0.0000 0.0000 0.0000 0.0000 0.0000 0.0000 0.0000 0.0000 0.0000 0.0000 0.0000 0.0000 0.0000 0.0000 0.0000 0.0000 0.0000 0.0000 0.0000 0.0000 0.0000 0.0000 0.0000 0.0000 0.0000 0.0000 0.0000
0.0000 0.0000 0.0000 264.3840 509.0386 0.0000 0.0000 0.0000 0.0000 0.0000 0.0000 0.0000 1574.9613 0.0000 0.0000 626.0000 0.0000 0.0000 0.0000 73.7559 685.5665 2120.8632 1033.5920 0.0000 922.0000 0.0000 0.0000 65.8385 262.0000 0.0000 0.0000 0.0000 0.0000 1281.0000 0.0000 0.0000 0.0000 0.0000 0.0000 0.0000 0.0000 0.0000 0.0000 0.0000 0.0000 0.0000 0.0000 0.0000 0.0000 0.0000 0.0000 0.0000 0.0000 0.0000 0.0000 0.0000 0.0000 0.0000 0.0000 0.0000 0.0000 0.0000 0.0000 0.0000 0.0000 0.0000 0.0000 0.0000 0.0000 0.0000 0.0000 0.0000 0.0000 0.0000 0.0000 0.0000 0.0000 0.0000 0.0000 0.0000 0.0000 0.0000 0.0000 0.0000 0.0000 0.0000 0.0000 0.0000 0.0000 0.0000 0.0000 0.0000 0.0000 0.0000 0.0000 0.0000 0.0000 0.0000 0.0000 0.0000
0.0000 0.0000 0.0000 237.8569 545.6858 0.0000 0.0000 0.0000 0.0000 0.0000 0.0000 0.0000 1646.3142 0.0000 0.0000 695.0000 0.0000 0.0000 0.0000 66.8837 652.4410 1822.2622 1023.9961 0.0000 654.0000 0.0000 0.0000 62.5602 319.0000 0.0000 0.0000 0.0000 0.0000 1188.0000 0.0000 0.0000 0.0000 0.0000 0.0000 0.0000 0.0000 0.0000 0.0000 0.0000 0.0000 0.0000 0.0000 0.0000 0.0000 0.0000 0.0000 0.0000 0.0000 0.0000 0.0000 0.0000 0.0000 0.0000 0.0000 0.0000 0.0000 0.0000 0.0000 0.0000 0.0000 0.0000 0.0000 0.0000 0.0000 0.0000 0.0000 0.0000 0.0000 0.0000 0.0000 0.0000 0.0000 0.0000 0.0000 0.0000 0.0000 0.0000 0.0000 0.0000 0.0000 0.0000 0.0000 0.0000 0.0000 0.0000 0.0000 0.0000 0.0000 0.0000 0.0000 0.0000 0.0000 0.0000 0.0000 0.0000
Cluster phi posterior values
0.0000 0.1386 0.0873 0.4129 0.0909 0.2043 0.0649 0.0000 0.1312
0.0000 0.1908 0.0000 0.3708 0.1597 0.1598 0.1728 0.1721 0.0000
0.0200 0.0315 0.0000 0.4115 0.0000 0.0184 0.0000 0.0000 0.1823
0.1266 0.1885 0.0006 0.3986 0.0127 0.1295 0.0000 0.2589 0.0000
