1 #sols

4
8
0.235227 0.47864 0.227273 0 0 0.276596 0.194444 0 
0.159126 0.472727 0 0.0318182 0.232353 0.026738 0.3 0 
0 0.39751 0.385113 0 0.0298595 0.292079 0 0 
0 0.484434 0 0.17052 0 0.26601 0 0.0197368 

Sample_0 Sample_1 Sample_2 Sample_3 
0;1;2;3;4;5;6;8;9;10;11;12;13;14;15;16;17;18;19;20;21;22;23;24;25;26 35;36;37;38;39;40;41;42;43;44;45;46;47;48;49;50;51;52;53;54;55 30;31;32;33;34;56 57;92;93;94;95;96;97 58;59;60;61;62;63;64;65;66;67;68;69;70;71;72;73;74;75;76;77;78;79;80;81;82;83;84;85;86;87;88;89;90;91 98;99 7 27;28;29 

4
6
0 0.553191 0 0 0 0.428977 
0.0453848 0.0534759 0 0.464706 0.0636364 0.318252 
0.151142 0.584158 0 0.059719 0 0 
0.0958078 0.492546 0.0394737 0 0.34104 0 
6
6
1 0 0 0 0 0 
1 1 0 0 0 0 
1 1 1 0 0 0 
1 0 0 1 0 0 
1 0 0 0 1 0 
1 0 0 0 0 1 

1 0.998461 0.997039 1 1 1 
4
6
0.491084 0.276596 0 0 0 0.214489 
0.472727 0.026738 0 0.232353 0.0318182 0.159126 
0.39751 0.292079 0 0.0298595 0 0 
0.484434 0.26601 0.0197368 0 0.17052 0 

Sample_0 Sample_1 Sample_2 Sample_3 
1 5 7 4 3 0 

