gene_id	Sample_0	Sample_0	Sample_1	Sample_1	Sample_2	Sample_2	Sample_3	Sample_3	Sample_4	Sample_4
89;90;91;92;93;94;95;96;97;98;99	668	314	1093	0	867	224	1067	0	1085	16
38;39;40;41;42;43;44	715	10	706	0	735	0	704	0	680	0
22;23	193	0	149	68	158	49	190	0	194	0
0;1;2;3;4;5;6;14;15;16;17;18;19	650	670	890	402	725	579	774	538	735	542
20;21;88	309	0	230	60	237	60	338	0	312	0
7;8;9;10;11;12;13	638	52	732	0	683	6	485	229	673	18
47;48;49;50;51;52;53;54;55;56;59;60;61;62;64;65;66;67;68;69;70;71;72;73;74	1514	983	2413	55	1941	525	2498	8	1397	1054
58	74	34	113	0	70	20	101	0	73	49
45;63	138	63	182	3	151	26	206	1	99	95
24;25;26;27;28;29;30;31;32;33;34;35;36;37;75;76;77;78;79;80;81;82;83;84;85;86;87	2522	237	2594	0	2757	0	2709	8	1680	1071
46;57	128	59	202	9	145	61	200	2	123	80
