1 #sols

5
11
0.319756 0.0137931 0 0.507576 0 0.0753623 0.393672 0.314815 0.313433 0.0859007 0.315508 
0 0 0.313364 0.311146 0.206897 0 0.0222853 0 0.0162162 0 0.042654 
0.205316 0 0.236715 0.444018 0.20202 0.00870827 0.212895 0.222222 0.146893 0 0.296117 
0 0 0 0.410061 0 0.320728 0.00319234 0 0.00483092 0.00294442 0.00990099 
0.0145322 0 0 0.424432 0 0.0260492 0.430029 0.401639 0.489691 0.389313 0.394089 

Sample_0 Sample_1 Sample_2 Sample_3 Sample_4 
89;90;91;92;93;94;95;96;97;98;99 38;39;40;41;42;43;44 22;23 0;1;2;3;4;5;6;14;15;16;17;18;19 20;21;88 7;8;9;10;11;12;13 47;48;49;50;51;52;53;54;55;56;59;60;61;62;64;65;66;67;68;69;70;71;72;73;74 58 45;63 24;25;26;27;28;29;30;31;32;33;34;35;36;37;75;76;77;78;79;80;81;82;83;84;85;86;87 46;57 

5
6
0.0103766 0.171801 0.150725 0 0.0275862 0.639511 
0.208498 0 0 0.413793 0 0 
0.0559474 0 0.0174165 0.40404 0 0.410632 
0.172777 0.00588885 0.641457 0 0 0 
0 0.778626 0.0520984 0 0 0.0290645 
6
6
1 0 0 0 0 0 
1 1 0 0 0 0 
1 0 1 0 0 0 
1 0 0 1 0 0 
1 0 0 0 1 0 
1 0 0 0 0 1 

1 0.98282 0.999965 0.999834 1 1 
5
6
0.5 0.0859007 0.0753623 0 0.0137931 0.319756 
0.311146 0 0 0.206897 0 0 
0.444018 0 0.00870827 0.20202 0 0.205316 
0.410061 0.00294442 0.320728 0 0 0 
0.429894 0.389313 0.0260492 0 0 0.0145322 

Sample_0 Sample_1 Sample_2 Sample_3 Sample_4 
3 9 5 4 1 0 

