MultiBinom clustering
Convergence threshold: 1.000000
Initial num clusters: 100
kmeans: True

Time taken: 18.398847
ARI: 0.726086
Cluster freq error: 0.005823
Num active clusters: 11
Cluster assignments
3
3
3
3
3
3
3
5
5
5
5
5
5
5
3
3
3
3
3
3
4
4
2
2
9
9
9
9
9
9
9
9
9
9
9
9
9
9
1
1
1
1
1
1
1
8
10
6
6
6
6
6
6
6
6
6
6
10
7
6
6
6
6
8
6
6
6
6
6
6
6
6
6
6
6
9
9
9
9
9
9
9
9
9
9
9
9
9
4
0
0
0
0
0
0
0
0
0
0
0
Alpha posterior values
314.0000 0.0000 16.2662 0.0000 10.0000 0.0000 0.0000 0.0000 0.0000 0.0000 653.7338 0.0000 0.0000 0.0000 52.0000 0.0000 0.0000 0.0000 0.0000 913.7441 33.1638 0.0000 0.0000 0.0000 0.0000 0.0000 0.0000 236.9993 0.0000 0.0000 0.0000 76.3433 0.0000 0.0000 0.0000 0.0000 115.7488 0.0007 0.0000 0.0000 0.0000 0.0000 0.0000 0.0000 0.0000 0.0000 0.0000 0.0000 0.0000 0.0000 0.0000 0.0000 0.0000 0.0000 0.0000 0.0000 0.0000 0.0000 0.0000 0.0000 0.0000 0.0000 0.0000 0.0000 0.0000 0.0000 0.0000 0.0000 0.0000 0.0000 0.0000 0.0000 0.0000 0.0000 0.0000 0.0000 0.0000 0.0000 0.0000 0.0000 0.0000 0.0000 0.0000 0.0000 0.0000 0.0000 0.0000 0.0000 0.0000 0.0000 0.0000 0.0000 0.0000 0.0000 0.0000 0.0000 0.0000 0.0000 0.0000 0.0000
0.0000 0.0000 9.1589 0.0000 0.0000 0.0000 75.6388 0.0000 0.0000 0.0000 392.8411 0.0000 0.0000 52.3612 0.0000 0.0000 0.0000 0.0000 0.0000 52.6699 0.5328 0.0000 0.0000 0.0000 0.0000 0.0000 0.0000 0.0000 0.0000 0.0000 0.0000 8.5250 0.0000 0.0000 0.0000 0.0000 5.2723 0.0000 0.0000 0.0000 0.0000 0.0000 0.0000 0.0000 0.0000 0.0000 0.0000 0.0000 0.0000 0.0000 0.0000 0.0000 0.0000 0.0000 0.0000 0.0000 0.0000 0.0000 0.0000 0.0000 0.0000 0.0000 0.0000 0.0000 0.0000 0.0000 0.0000 0.0000 0.0000 0.0000 0.0000 0.0000 0.0000 0.0000 0.0000 0.0000 0.0000 0.0000 0.0000 0.0000 0.0000 0.0000 0.0000 0.0000 0.0000 0.0000 0.0000 0.0000 0.0000 0.0000 0.0000 0.0000 0.0000 0.0000 0.0000 0.0000 0.0000 0.0000 0.0000 0.0000
224.0000 0.0000 19.2602 0.0000 0.0000 0.0000 55.9136 0.0000 0.0000 0.0000 559.7398 0.0000 0.0000 53.0864 6.0000 0.0000 0.0000 0.0000 0.0000 489.8508 19.3831 0.0000 0.0000 0.0000 0.0000 0.0000 0.0000 0.0000 0.0000 0.0000 0.0000 67.5757 0.0000 0.0000 0.0000 0.0000 55.1905 0.0000 0.0000 0.0000 0.0000 0.0000 0.0000 0.0000 0.0000 0.0000 0.0000 0.0000 0.0000 0.0000 0.0000 0.0000 0.0000 0.0000 0.0000 0.0000 0.0000 0.0000 0.0000 0.0000 0.0000 0.0000 0.0000 0.0000 0.0000 0.0000 0.0000 0.0000 0.0000 0.0000 0.0000 0.0000 0.0000 0.0000 0.0000 0.0000 0.0000 0.0000 0.0000 0.0000 0.0000 0.0000 0.0000 0.0000 0.0000 0.0000 0.0000 0.0000 0.0000 0.0000 0.0000 0.0000 0.0000 0.0000 0.0000 0.0000 0.0000 0.0000 0.0000 0.0000
0.0000 0.0000 14.5716 0.0000 0.0000 0.0000 0.0000 0.0000 0.0000 0.0000 523.4284 0.0000 0.0000 0.0000 229.0000 0.0000 0.0000 0.0000 0.0000 7.0399 0.0000 0.0000 0.0000 0.0000 0.0000 0.0000 0.0000 8.0000 0.0000 0.0000 0.0000 1.9910 0.0000 0.0000 0.0000 0.0000 1.9691 0.0000 0.0000 0.0000 0.0000 0.0000 0.0000 0.0000 0.0000 0.0000 0.0000 0.0000 0.0000 0.0000 0.0000 0.0000 0.0000 0.0000 0.0000 0.0000 0.0000 0.0000 0.0000 0.0000 0.0000 0.0000 0.0000 0.0000 0.0000 0.0000 0.0000 0.0000 0.0000 0.0000 0.0000 0.0000 0.0000 0.0000 0.0000 0.0000 0.0000 0.0000 0.0000 0.0000 0.0000 0.0000 0.0000 0.0000 0.0000 0.0000 0.0000 0.0000 0.0000 0.0000 0.0000 0.0000 0.0000 0.0000 0.0000 0.0000 0.0000 0.0000 0.0000 0.0000
16.0000 0.0000 9.8305 0.0000 0.0000 0.0000 0.0000 0.0000 0.0000 0.0000 532.1695 0.0000 0.0000 0.0000 18.0000 0.0000 0.0000 0.0000 0.0000 982.9205 44.0418 0.0000 0.0000 0.0000 0.0000 0.0000 0.0000 1070.9966 0.0000 0.0000 0.0000 89.4536 0.0000 0.0000 0.0000 0.0000 161.5841 0.0034 0.0000 0.0000 0.0000 0.0000 0.0000 0.0000 0.0000 0.0000 0.0000 0.0000 0.0000 0.0000 0.0000 0.0000 0.0000 0.0000 0.0000 0.0000 0.0000 0.0000 0.0000 0.0000 0.0000 0.0000 0.0000 0.0000 0.0000 0.0000 0.0000 0.0000 0.0000 0.0000 0.0000 0.0000 0.0000 0.0000 0.0000 0.0000 0.0000 0.0000 0.0000 0.0000 0.0000 0.0000 0.0000 0.0000 0.0000 0.0000 0.0000 0.0000 0.0000 0.0000 0.0000 0.0000 0.0000 0.0000 0.0000 0.0000 0.0000 0.0000 0.0000 0.0000
Beta posterior values
668.0000 0.0000 16.9160 0.0000 715.0000 0.0000 232.5817 0.0000 0.0000 0.0000 633.0840 0.0000 0.0000 269.4183 638.0000 0.0000 0.0000 0.0000 0.0000 1402.5717 70.1969 0.0000 0.0000 0.0000 0.0000 0.0000 0.0000 2521.9927 0.0000 0.0000 0.0000 148.1737 0.0000 0.0000 0.0000 0.0000 233.0577 0.0073 0.0000 0.0000 0.0000 0.0000 0.0000 0.0000 0.0000 0.0000 0.0000 0.0000 0.0000 0.0000 0.0000 0.0000 0.0000 0.0000 0.0000 0.0000 0.0000 0.0000 0.0000 0.0000 0.0000 0.0000 0.0000 0.0000 0.0000 0.0000 0.0000 0.0000 0.0000 0.0000 0.0000 0.0000 0.0000 0.0000 0.0000 0.0000 0.0000 0.0000 0.0000 0.0000 0.0000 0.0000 0.0000 0.0000 0.0000 0.0000 0.0000 0.0000 0.0000 0.0000 0.0000 0.0000 0.0000 0.0000 0.0000 0.0000 0.0000 0.0000 0.0000 0.0000
1093.0000 0.0000 27.0169 0.0000 706.0000 0.0000 178.2644 0.0000 0.0000 0.0000 862.9831 0.0000 0.0000 200.7356 732.0000 0.0000 0.0000 0.0000 0.0000 2249.9705 102.8192 0.0000 0.0000 0.0000 0.0000 0.0000 0.0000 2593.9928 0.0000 0.0000 0.0000 225.7426 0.0000 0.0000 0.0000 0.0000 331.4677 0.0072 0.0000 0.0000 0.0000 0.0000 0.0000 0.0000 0.0000 0.0000 0.0000 0.0000 0.0000 0.0000 0.0000 0.0000 0.0000 0.0000 0.0000 0.0000 0.0000 0.0000 0.0000 0.0000 0.0000 0.0000 0.0000 0.0000 0.0000 0.0000 0.0000 0.0000 0.0000 0.0000 0.0000 0.0000 0.0000 0.0000 0.0000 0.0000 0.0000 0.0000 0.0000 0.0000 0.0000 0.0000 0.0000 0.0000 0.0000 0.0000 0.0000 0.0000 0.0000 0.0000 0.0000 0.0000 0.0000 0.0000 0.0000 0.0000 0.0000 0.0000 0.0000 0.0000
867.0000 0.0000 14.8919 0.0000 735.0000 0.0000 188.4290 0.0000 0.0000 0.0000 710.1081 0.0000 0.0000 206.5710 683.0000 0.0000 0.0000 0.0000 0.0000 1817.1155 69.6752 0.0000 0.0000 0.0000 0.0000 0.0000 0.0000 2756.9918 0.0000 0.0000 0.0000 165.7863 0.0000 0.0000 0.0000 0.0000 254.4231 0.0082 0.0000 0.0000 0.0000 0.0000 0.0000 0.0000 0.0000 0.0000 0.0000 0.0000 0.0000 0.0000 0.0000 0.0000 0.0000 0.0000 0.0000 0.0000 0.0000 0.0000 0.0000 0.0000 0.0000 0.0000 0.0000 0.0000 0.0000 0.0000 0.0000 0.0000 0.0000 0.0000 0.0000 0.0000 0.0000 0.0000 0.0000 0.0000 0.0000 0.0000 0.0000 0.0000 0.0000 0.0000 0.0000 0.0000 0.0000 0.0000 0.0000 0.0000 0.0000 0.0000 0.0000 0.0000 0.0000 0.0000 0.0000 0.0000 0.0000 0.0000 0.0000 0.0000
1067.0000 0.0000 19.3383 0.0000 704.0000 0.0000 233.6073 0.0000 0.0000 0.0000 754.6617 0.0000 0.0000 294.3927 485.0000 0.0000 0.0000 0.0000 0.0000 2338.0060 97.0516 0.0000 0.0000 0.0000 0.0000 0.0000 0.0000 2708.9922 0.0000 0.0000 0.0000 230.3396 0.0000 0.0000 0.0000 0.0000 339.6028 0.0078 0.0000 0.0000 0.0000 0.0000 0.0000 0.0000 0.0000 0.0000 0.0000 0.0000 0.0000 0.0000 0.0000 0.0000 0.0000 0.0000 0.0000 0.0000 0.0000 0.0000 0.0000 0.0000 0.0000 0.0000 0.0000 0.0000 0.0000 0.0000 0.0000 0.0000 0.0000 0.0000 0.0000 0.0000 0.0000 0.0000 0.0000 0.0000 0.0000 0.0000 0.0000 0.0000 0.0000 0.0000 0.0000 0.0000 0.0000 0.0000 0.0000 0.0000 0.0000 0.0000 0.0000 0.0000 0.0000 0.0000 0.0000 0.0000 0.0000 0.0000 0.0000 0.0000
1085.0000 0.0000 17.9386 0.0000 680.0000 0.0000 231.3439 0.0000 0.0000 0.0000 717.0614 0.0000 0.0000 274.6561 673.0000 0.0000 0.0000 0.0000 0.0000 1306.8960 65.2202 0.0000 0.0000 0.0000 0.0000 0.0000 0.0000 1679.9954 0.0000 0.0000 0.0000 139.5556 0.0000 0.0000 0.0000 0.0000 180.3282 0.0046 0.0000 0.0000 0.0000 0.0000 0.0000 0.0000 0.0000 0.0000 0.0000 0.0000 0.0000 0.0000 0.0000 0.0000 0.0000 0.0000 0.0000 0.0000 0.0000 0.0000 0.0000 0.0000 0.0000 0.0000 0.0000 0.0000 0.0000 0.0000 0.0000 0.0000 0.0000 0.0000 0.0000 0.0000 0.0000 0.0000 0.0000 0.0000 0.0000 0.0000 0.0000 0.0000 0.0000 0.0000 0.0000 0.0000 0.0000 0.0000 0.0000 0.0000 0.0000 0.0000 0.0000 0.0000 0.0000 0.0000 0.0000 0.0000 0.0000 0.0000 0.0000 0.0000
Cluster phi posterior values
0.3194 0.0126 0.0000 0.5080 0.0000 0.0743 0.3944 0.3191 0.3311 0.0856 0.3390
0.0000 0.0000 0.2968 0.3125 0.2052 0.0000 0.0225 0.0004 0.0134 0.0000 0.0336
0.2048 0.0000 0.2273 0.4407 0.2028 0.0075 0.2121 0.2145 0.1766 0.0000 0.2883
0.0000 0.0000 0.0000 0.4094 0.0000 0.3203 0.0026 0.0000 0.0035 0.0026 0.0056
0.0137 0.0000 0.0000 0.4259 0.0000 0.0248 0.4292 0.4022 0.4725 0.3892 0.3899
