1 #sols

5
7
0.282477 0.0317415 0.0871612 0 0.495302 0.380072 0.0944043 
0 0 0 0.30002 0.326425 0.0274574 0 
0.220666 0.000142857 0.0200369 0.185665 0.43722 0.222344 0 
0 0 0.326934 0 0.402935 0.00326177 0.00346544 
0.0146819 0 0.0301989 0 0.455292 0.419078 0.385269 

Sample_0 Sample_1 Sample_2 Sample_3 Sample_4 
89;90;91;92;93;94;95;96;97;98;99 38;39;40;41;42;43;44 7;8;9;10;11;12;13 20;21;22;23;88 0;1;2;3;4;5;6;14;15;16;17;18;19 45;46;47;48;49;50;51;52;53;54;55;56;57;58;59;60;61;62;63;64;65;66;67;68;69;70;71;72;73;74 24;25;26;27;28;29;30;31;32;33;34;35;36;37;75;76;77;78;79;80;81;82;83;84;85;86;87 

5
6
0 0.188809 0 0.174322 0.062518 0.564954 
0.05281 0 0.60004 0 0 0 
0.0214181 0 0.37133 0.0400739 0.000285714 0.441332 
0.145072 0.00693088 0 0.653868 0 0 
0.0502847 0.770538 0 0.0603979 0 0.0293638 
6
6
1 0 0 0 0 0 
1 1 0 0 0 0 
1 0 1 0 0 0 
1 0 0 1 0 0 
1 0 0 0 1 0 
1 0 0 0 0 1 

1 1 0.999684 1 1 1 
5
6
0.495302 0.0944043 0 0.0871612 0.031259 0.282477 
0.326425 0 0.30002 0 0 0 
0.43722 0 0.185665 0.0200369 0.000142857 0.220666 
0.402935 0.00346544 0 0.326934 0 0 
0.455292 0.385269 0 0.0301989 0 0.0146819 

Sample_0 Sample_1 Sample_2 Sample_3 Sample_4 
4 6 3 2 1 0 

