2 #sols

4
7
0.413064 0.133106 0.196571 0 0.0770108 0 0.0899767 
0.371058 0 0.162919 0.172798 0.167904 0 0 
0.411654 0.183801 0.0203187 0 0 0.0206422 0 
0.398789 0 0.13712 0.259343 0.00571755 0.127112 0.000911577 

Sample_0 Sample_1 Sample_2 Sample_3 
31;32;33;34;35;36;37;38;39;40;41 15;16;17 66;67;68;69;70;71;72;73;74;75;76;77;78;79;80;81;82;83;84;85;86;87;88;89;90 48;49;50;51;52;53;54;55;56 57;58;59;60;61;62;63;64;65;91;92;93;94;95;96;97;98;99 18;19;20;21;22;23;24;25;26;27;28;29;30 0;1;2;3;4;5;6;7;8;9;10;11;12;13;14;42;43;44;45;46;47 

4
6
0.0127535 0.213189 0.179953 0 0.154022 0.266212 
0.0804687 0.325838 0 0 0.335808 0 
0.373785 0.0406375 0 0.0412844 0 0.367601 
0.257679 0.272416 0.00182315 0.254225 0.0114351 0 
6
6
1 0 0 0 0 0 
1 1 0 0 0 0 
1 1 1 0 0 0 
1 0 0 1 0 0 
1 0 0 0 1 0 
1 0 0 0 0 1 

1 1 1 1 1 1 
4
6
0.413064 0.196571 0.0899767 0 0.0770108 0.133106 
0.371058 0.162919 0 0 0.167904 0 
0.411654 0.0203187 0 0.0206422 0 0.183801 
0.398789 0.13712 0.000911577 0.127112 0.00571755 0 

Sample_0 Sample_1 Sample_2 Sample_3 
0 2 6 5 4 1 

4
6
0.225942 0.179953 0 0.154022 0 0.266212 
0.0607105 0 0 0.335808 0.345596 0 
0.414423 0 0.0412844 0 0 0.367601 
0.0114085 0.00182315 0.254225 0.0114351 0.518686 0 
6
6
1 0 0 0 0 0 
1 1 0 0 0 0 
1 0 1 0 0 0 
1 0 0 1 0 0 
1 0 0 0 1 0 
1 0 0 0 0 1 

1 1 1 1 1 1 
4
6
0.413064 0.0899767 0 0.0770108 0 0.133106 
0.371058 0 0 0.167904 0.172798 0 
0.411654 0 0.0206422 0 0 0.183801 
0.398789 0.000911577 0.127112 0.00571755 0.259343 0 

Sample_0 Sample_1 Sample_2 Sample_3 
0 6 5 4 3 1 

