MultiBinom clustering
Convergence threshold: 1.000000
Initial num clusters: 100
kmeans: True

Time taken: 45.266504
ARI: 0.782906
Cluster freq error: 0.003305
Num active clusters: 12
Cluster assignments
0
0
0
0
0
0
0
0
0
0
0
1
1
9
1
1
1
1
1
1
1
1
6
6
6
6
6
6
6
6
6
6
6
6
6
6
6
6
6
6
6
6
6
6
6
6
6
6
6
4
4
4
4
4
4
2
10
7
5
7
7
7
7
7
5
5
5
7
7
7
7
7
7
7
5
7
7
5
7
7
7
5
7
7
7
7
7
7
10
10
10
3
3
3
3
3
8
11
8
11
Alpha posterior values
0.0000 0.0000 0.0449 73.4489 0.0000 0.0000 0.0000 0.0000 0.0000 0.0000 101.7685 207.9548 435.8505 0.0000 0.0000 3.5511 0.0000 8.3810 0.0000 0.0000 4.6518 0.0000 0.0000 0.0000 0.0000 0.0000 0.0000 0.0000 0.0000 0.0000 0.0000 0.0000 0.0000 0.0000 0.0000 0.0000 11.3485 0.0000 0.0000 0.0000 0.0000 0.0000 0.0000 0.0000 0.0000 0.0000 0.0000 0.0000 0.0000 0.0000 0.0000 0.0000 0.0000 0.0000 0.0000 0.0000 0.0000 0.0000 0.0000 0.0000 0.0000 0.0000 0.0000 0.0000 0.0000 0.0000 0.0000 0.0000 0.0000 0.0000 0.0000 0.0000 0.0000 0.0000 0.0000 0.0000 0.0000 0.0000 0.0000 0.0000 0.0000 0.0000 0.0000 0.0000 0.0000 0.0000 0.0000 0.0000 0.0000 0.0000 0.0000 0.0000 0.0000 0.0000 0.0000 0.0000 0.0000 0.0000 0.0000 0.0000
0.0000 0.0000 0.1774 168.4760 0.0000 0.0000 0.0000 0.0000 0.0000 0.0000 122.8445 298.8213 545.1278 0.0000 4.9149 8.5240 0.0000 17.0277 0.0000 0.0000 8.0012 0.0000 0.0000 0.0000 0.0000 0.0000 0.0000 20.0851 0.0000 0.0000 0.0000 0.0000 0.0000 0.0000 0.0000 0.0000 4.0000 0.0000 0.0000 0.0000 0.0000 0.0000 0.0000 0.0000 0.0000 0.0000 0.0000 0.0000 0.0000 0.0000 0.0000 0.0000 0.0000 0.0000 0.0000 0.0000 0.0000 0.0000 0.0000 0.0000 0.0000 0.0000 0.0000 0.0000 0.0000 0.0000 0.0000 0.0000 0.0000 0.0000 0.0000 0.0000 0.0000 0.0000 0.0000 0.0000 0.0000 0.0000 0.0000 0.0000 0.0000 0.0000 0.0000 0.0000 0.0000 0.0000 0.0000 0.0000 0.0000 0.0000 0.0000 0.0000 0.0000 0.0000 0.0000 0.0000 0.0000 0.0000 0.0000 0.0000
0.0000 28.0030 0.0000 245.8038 0.0000 0.0000 75.0000 0.0000 0.0000 0.0000 226.4117 0.0000 781.9234 0.0000 0.0000 14.1962 0.0000 20.6648 0.0000 0.9970 0.0000 0.0000 0.0000 0.0000 0.0000 0.0000 0.0000 0.0000 0.0000 0.0000 0.0000 0.0000 0.0000 0.0000 0.0000 0.0000 0.0000 0.0000 0.0000 0.0000 20.0000 0.0000 0.0000 0.0000 0.0000 0.0000 0.0000 0.0000 0.0000 0.0000 0.0000 0.0000 0.0000 0.0000 0.0000 0.0000 0.0000 0.0000 0.0000 0.0000 0.0000 0.0000 0.0000 0.0000 0.0000 0.0000 0.0000 0.0000 0.0000 0.0000 0.0000 0.0000 0.0000 0.0000 0.0000 0.0000 0.0000 0.0000 0.0000 0.0000 0.0000 0.0000 0.0000 0.0000 0.0000 0.0000 0.0000 0.0000 0.0000 0.0000 0.0000 0.0000 0.0000 0.0000 0.0000 0.0000 0.0000 0.0000 0.0000 0.0000
0.0000 0.0000 0.0000 77.6434 0.0000 0.0000 39.0000 0.0000 0.0000 0.0000 246.6895 0.0000 824.7613 0.0000 0.0000 11.3566 0.0000 21.5492 0.0000 0.0000 21.4424 0.0000 0.0000 0.0000 0.0000 0.0000 0.0000 0.0000 0.0000 0.0000 0.0000 0.0000 0.0000 0.0000 0.0000 0.0000 7.5576 0.0000 0.0000 0.0000 81.0000 0.0000 0.0000 0.0000 0.0000 0.0000 0.0000 0.0000 0.0000 0.0000 0.0000 0.0000 0.0000 0.0000 0.0000 0.0000 0.0000 0.0000 0.0000 0.0000 0.0000 0.0000 0.0000 0.0000 0.0000 0.0000 0.0000 0.0000 0.0000 0.0000 0.0000 0.0000 0.0000 0.0000 0.0000 0.0000 0.0000 0.0000 0.0000 0.0000 0.0000 0.0000 0.0000 0.0000 0.0000 0.0000 0.0000 0.0000 0.0000 0.0000 0.0000 0.0000 0.0000 0.0000 0.0000 0.0000 0.0000 0.0000 0.0000 0.0000
0.0000 174.6425 0.0000 240.5425 0.0000 0.0000 0.0000 0.0000 0.0000 0.0000 345.9473 0.0000 1136.7046 0.0000 56.2882 18.4575 0.0000 28.3481 0.0000 5.3574 0.0000 0.0000 0.0000 0.0000 0.0000 0.0000 0.0000 41.7118 0.0000 0.0000 0.0000 0.0000 0.0000 0.0000 0.0000 0.0000 0.0000 0.0000 0.0000 0.0000 96.0000 0.0000 0.0000 0.0000 0.0000 0.0000 0.0000 0.0000 0.0000 0.0000 0.0000 0.0000 0.0000 0.0000 0.0000 0.0000 0.0000 0.0000 0.0000 0.0000 0.0000 0.0000 0.0000 0.0000 0.0000 0.0000 0.0000 0.0000 0.0000 0.0000 0.0000 0.0000 0.0000 0.0000 0.0000 0.0000 0.0000 0.0000 0.0000 0.0000 0.0000 0.0000 0.0000 0.0000 0.0000 0.0000 0.0000 0.0000 0.0000 0.0000 0.0000 0.0000 0.0000 0.0000 0.0000 0.0000 0.0000 0.0000 0.0000 0.0000
Beta posterior values
0.0000 988.0204 1.8838 936.2127 0.0000 0.0000 502.0000 0.0000 0.0000 0.0000 575.1767 2476.1032 1906.6563 0.0000 200.1437 78.7873 0.0000 54.1670 0.0000 42.9796 372.4603 0.0000 0.0000 0.0000 0.0000 0.0000 0.0000 203.8563 0.0000 0.0000 0.0000 0.0000 0.0000 0.0000 0.0000 0.0000 98.5527 0.0000 0.0000 0.0000 592.0001 0.0000 0.0000 0.0000 0.0000 0.0000 0.0000 0.0000 0.0000 0.0000 0.0000 0.0000 0.0000 0.0000 0.0000 0.0000 0.0000 0.0000 0.0000 0.0000 0.0000 0.0000 0.0000 0.0000 0.0000 0.0000 0.0000 0.0000 0.0000 0.0000 0.0000 0.0000 0.0000 0.0000 0.0000 0.0000 0.0000 0.0000 0.0000 0.0000 0.0000 0.0000 0.0000 0.0000 0.0000 0.0000 0.0000 0.0000 0.0000 0.0000 0.0000 0.0000 0.0000 0.0000 0.0000 0.0000 0.0000 0.0000 0.0000 0.0000
0.0000 1031.1617 2.2942 855.3336 0.0000 0.0000 472.0000 0.0000 0.0000 0.0000 522.2671 2393.6899 1845.3014 0.0000 179.4461 54.6664 0.0000 42.4315 0.0000 44.8382 382.1146 0.0000 0.0000 0.0000 0.0000 0.0000 0.0000 182.5539 0.0000 0.0000 0.0000 0.0000 0.0000 0.0000 0.0000 0.0000 97.9013 0.0000 0.0000 0.0000 637.0001 0.0000 0.0000 0.0000 0.0000 0.0000 0.0000 0.0000 0.0000 0.0000 0.0000 0.0000 0.0000 0.0000 0.0000 0.0000 0.0000 0.0000 0.0000 0.0000 0.0000 0.0000 0.0000 0.0000 0.0000 0.0000 0.0000 0.0000 0.0000 0.0000 0.0000 0.0000 0.0000 0.0000 0.0000 0.0000 0.0000 0.0000 0.0000 0.0000 0.0000 0.0000 0.0000 0.0000 0.0000 0.0000 0.0000 0.0000 0.0000 0.0000 0.0000 0.0000 0.0000 0.0000 0.0000 0.0000 0.0000 0.0000 0.0000 0.0000
0.0000 1040.2435 2.3178 857.9675 0.0000 0.0000 420.0000 0.0000 0.0000 0.0000 472.5658 2706.6662 1589.6820 0.0000 208.4724 44.0325 0.0000 40.7522 0.0000 45.7564 414.7419 0.0000 0.0000 0.0000 0.0000 0.0000 0.0000 237.5276 0.0000 0.0000 0.0000 0.0000 0.0000 0.0000 0.0000 0.0000 99.2741 0.0000 0.0000 0.0000 588.0001 0.0000 0.0000 0.0000 0.0000 0.0000 0.0000 0.0000 0.0000 0.0000 0.0000 0.0000 0.0000 0.0000 0.0000 0.0000 0.0000 0.0000 0.0000 0.0000 0.0000 0.0000 0.0000 0.0000 0.0000 0.0000 0.0000 0.0000 0.0000 0.0000 0.0000 0.0000 0.0000 0.0000 0.0000 0.0000 0.0000 0.0000 0.0000 0.0000 0.0000 0.0000 0.0000 0.0000 0.0000 0.0000 0.0000 0.0000 0.0000 0.0000 0.0000 0.0000 0.0000 0.0000 0.0000 0.0000 0.0000 0.0000 0.0000 0.0000
0.0000 1049.1686 1.8650 958.1971 0.0000 0.0000 448.0000 0.0000 0.0000 0.0000 444.7560 2734.1221 1566.1690 0.0000 198.6648 56.8029 0.0000 45.0750 0.0000 43.8313 390.5298 0.0000 0.0000 0.0000 0.0000 0.0000 0.0000 181.3352 0.0000 0.0000 0.0000 0.0000 0.0000 0.0000 0.0000 0.0000 99.4831 0.0000 0.0000 0.0000 548.0001 0.0000 0.0000 0.0000 0.0000 0.0000 0.0000 0.0000 0.0000 0.0000 0.0000 0.0000 0.0000 0.0000 0.0000 0.0000 0.0000 0.0000 0.0000 0.0000 0.0000 0.0000 0.0000 0.0000 0.0000 0.0000 0.0000 0.0000 0.0000 0.0000 0.0000 0.0000 0.0000 0.0000 0.0000 0.0000 0.0000 0.0000 0.0000 0.0000 0.0000 0.0000 0.0000 0.0000 0.0000 0.0000 0.0000 0.0000 0.0000 0.0000 0.0000 0.0000 0.0000 0.0000 0.0000 0.0000 0.0000 0.0000 0.0000 0.0000
0.0000 863.4765 2.1927 796.5535 0.0000 0.0000 505.0000 0.0000 0.0000 0.0000 300.4973 2837.7922 1198.2848 0.0000 153.9424 45.4465 0.0000 33.2179 0.0000 39.5235 385.7653 0.0000 0.0000 0.0000 0.0000 0.0000 0.0000 153.0576 0.0000 0.0000 0.0000 0.0000 0.0000 0.0000 0.0000 0.0000 116.2498 0.0000 0.0000 0.0000 473.0000 0.0000 0.0000 0.0000 0.0000 0.0000 0.0000 0.0000 0.0000 0.0000 0.0000 0.0000 0.0000 0.0000 0.0000 0.0000 0.0000 0.0000 0.0000 0.0000 0.0000 0.0000 0.0000 0.0000 0.0000 0.0000 0.0000 0.0000 0.0000 0.0000 0.0000 0.0000 0.0000 0.0000 0.0000 0.0000 0.0000 0.0000 0.0000 0.0000 0.0000 0.0000 0.0000 0.0000 0.0000 0.0000 0.0000 0.0000 0.0000 0.0000 0.0000 0.0000 0.0000 0.0000 0.0000 0.0000 0.0000 0.0000 0.0000 0.0000
Cluster phi posterior values
0.0000 0.0720 0.0995 0.0000 0.0000 0.1494 0.0772 0.1858 0.0000 0.0385 0.0103 0.0000
0.0000 0.1640 0.0345 0.0000 0.0000 0.1896 0.1107 0.2278 0.0232 0.1300 0.0185 0.0965
0.0254 0.2222 0.0000 0.1503 0.0316 0.3235 0.0000 0.3296 0.0000 0.2401 0.0000 0.0000
0.0000 0.0742 0.0664 0.0786 0.1278 0.3564 0.0000 0.3448 0.0000 0.1625 0.0503 0.0000
0.1676 0.2315 0.0000 0.0000 0.1677 0.5352 0.0000 0.4868 0.2663 0.2861 0.0000 0.2122
