1 #sols

5
14
0 0 0.00397878 0.307947 0 0 0.147368 0.29 0 0 0 0 0.0277778 0 
0.0166667 0 0.0190736 0.41115 0 0 0.00884956 0.484848 0 0.3888 0 0.036036 0.0102041 0.0328103 
0.260073 0 0 0.455939 0.126603 0.230769 0.217822 0.25 0 0 0.27 0.221675 0 0.0044843 
0.169329 0.212968 0 0.303704 0.0426674 0.122222 0.255102 0.336842 0.112821 0.111285 0 0.202186 0 0 
0.418685 0.0344086 0 0.549296 0 0.510638 0.428571 0.475806 0.0632184 0.00175439 0.365217 0.53 0 0.106901 

Sample_0 Sample_1 Sample_2 Sample_3 Sample_4 
0;3;5 29;30;31;33;34;35;36;37;38;39;40;42;43;44;45;46;47;48;49 6;7;8;10;11;13;14;15;16;17;18;19;20;21;22 90;91;92 50;51;52;53;54;55;56;57;58;59;60;61;62;63;64;65;66;67;68;69;70;71;72;73;74;75;76;77;78;79;80;81;82;83;84;85;86 4 87 88 32;41 23;24;25;26;27;28 89 1;2 9;12 93;94;95;96;97;98;99 

5
8
0.257644 0.294737 0 0 0 0.0555556 0 0.00795756 
0.680425 0.0176991 0 0 0.0656205 0.0204082 0 0.0381471 
0.214059 0.435644 0 0 0.00896861 0 0.253206 0 
0.0117827 0 0.131004 0.379286 0 0 0.0853348 0 
0 0.590944 0.126437 0.0688172 0.213802 0 0 0 
8
8
1 0 0 0 0 0 0 0 
1 1 0 0 0 0 0 0 
1 1 1 0 0 0 0 0 
1 1 0 1 0 0 0 0 
1 0 0 0 1 0 0 0 
1 0 0 0 0 1 0 0 
1 0 0 0 0 0 1 0 
1 0 0 0 0 0 0 1 

1 0.809345 0.873805 0.852652 1 1 1 1 
5
8
0.307947 0.147368 0 0 0 0.0277778 0 0.00397878 
0.41115 0.00884956 0 0 0.0328103 0.0102041 0 0.0190736 
0.455939 0.217822 0 0 0.0044843 0 0.126603 0 
0.303704 0.255145 0.0655018 0.189643 0 0 0.0426674 0 
0.5 0.393099 0.0632184 0.0344086 0.106901 0 0 0 

Sample_0 Sample_1 Sample_2 Sample_3 Sample_4 
3 6 8 1 13 12 4 2 

