gene_id	Sample_0	Sample_0	Sample_1	Sample_1	Sample_2	Sample_2	Sample_3	Sample_3	Sample_4	Sample_4
0;3;5	321	0	295	5	202	71	260	53	168	121
29;30;31;33;34;35;36;37;38;39;40;42;43;44;45;46;47;48;49	1909	0	1878	0	1929	0	1493	404	1796	64
6;7;8;10;11;13;14;15;16;17;18;19;20;21;22	1502	6	1440	28	1546	0	1532	0	1463	0
90;91;92	209	93	169	118	142	119	188	82	128	156
50;51;52;53;54;55;56;57;58;59;60;61;62;63;64;65;66;67;68;69;70;71;72;73;74;75;76;77;78;79;80;81;82;83;84;85;86	3732	0	3670	0	3201	464	3388	151	3712	0
4	103	0	95	0	80	24	79	11	46	48
87	81	14	112	1	79	22	73	25	52	39
88	71	29	51	48	63	21	63	32	65	59
32;41	197	0	205	0	198	0	173	22	163	11
23;24;25;26;27;28	657	0	382	243	598	0	567	71	569	1
89	107	0	108	0	73	27	93	0	73	42
1;2	191	0	214	8	158	45	146	37	94	106
9;12	210	6	194	2	205	0	186	0	191	0
93;94;95;96;97;98;99	704	0	678	23	666	3	643	0	660	79
