MultiBinom clustering
Convergence threshold: 1.000000
Initial num clusters: 100
kmeans: True

Time taken: 16.292038
ARI: 0.951471
Cluster freq error: 0.005817
Num active clusters: 14
Cluster assignments
0
11
11
0
5
0
2
2
2
12
2
2
12
2
2
2
2
2
2
2
2
2
2
9
9
9
9
9
9
1
1
1
8
1
1
1
1
1
1
1
1
8
1
1
1
1
1
1
1
1
4
4
4
4
4
4
4
4
4
4
4
4
4
4
4
4
4
4
4
4
4
4
4
4
4
4
4
4
4
4
4
4
4
4
4
4
4
6
7
10
3
3
3
13
13
13
13
13
13
13
Alpha posterior values
0.0000 14.0000 7.3858 93.0120 0.0000 0.0000 0.0000 0.0000 28.9880 0.0000 0.0000 0.0000 0.0000 0.0000 0.0000 0.0000 0.0000 0.0000 0.0000 0.0000 0.0000 0.0000 0.0000 0.0000 4.6142 0.0000 0.0000 0.0000 0.0000 0.0000 0.0000 0.0000 0.0000 0.0000 0.0000 0.0000 0.0000 0.0000 0.0000 0.0000 0.0000 0.0000 0.0000 0.0000 0.0000 0.0000 0.0000 0.0000 0.0000 0.0000 0.0000 0.0000 0.0000 0.0000 0.0000 0.0000 0.0000 0.0000 0.0000 0.0000 0.0000 0.0000 0.0000 0.0000 0.0000 0.0000 0.0000 0.0000 0.0000 0.0000 0.0000 0.0000 0.0000 0.0000 0.0000 0.0000 0.0000 0.0000 0.0000 0.0000 0.0000 0.0000 0.0000 0.0000 0.0000 0.0000 0.0000 0.0000 0.0000 0.0000 0.0000 0.0000 0.0000 0.0000 0.0000 0.0000 0.0000 0.0000 0.0000 0.0000
0.0000 1.0000 28.7893 118.0199 0.0000 0.0000 0.0000 23.0004 47.9801 0.0000 0.0000 0.0000 0.0000 243.0000 0.0000 0.0000 7.9515 0.0000 0.0000 0.0000 0.0000 0.0000 0.0000 0.0000 1.2102 0.0000 0.0000 0.0000 0.0000 0.0000 0.0000 0.0000 5.0485 0.0000 0.0000 0.0000 0.0000 0.0000 0.0000 0.0000 0.0000 0.0000 0.0000 0.0000 0.0000 0.0000 0.0000 0.0000 0.0000 0.0000 0.0000 0.0000 0.0000 0.0000 0.0000 0.0000 0.0000 0.0000 0.0000 0.0000 0.0000 0.0000 0.0000 0.0000 0.0000 0.0000 0.0000 0.0000 0.0000 0.0000 0.0000 0.0000 0.0000 0.0000 0.0000 0.0000 0.0000 0.0000 0.0000 0.0000 0.0000 0.0000 0.0000 0.0000 0.0000 0.0000 0.0000 0.0000 0.0000 0.0000 0.0000 0.0000 0.0000 0.0000 0.0000 0.0000 0.0000 0.0000 0.0000 0.0000
0.0000 22.0000 0.0000 119.0086 0.0000 448.5318 23.7346 3.0000 20.9914 0.0000 0.0000 0.0000 0.0000 0.0000 27.0000 0.0000 47.6464 8.4839 0.0000 6.9843 0.0000 0.0000 0.0000 0.0000 0.0000 0.0000 0.0000 0.0000 0.0000 0.0000 0.0000 0.0000 68.6190 0.0000 0.0000 0.0000 0.0000 0.0000 0.0000 0.0000 0.0000 0.0000 0.0000 0.0000 0.0000 0.0000 0.0000 0.0000 0.0000 0.0000 0.0000 0.0000 0.0000 0.0000 0.0000 0.0000 0.0000 0.0000 0.0000 0.0000 0.0000 0.0000 0.0000 0.0000 0.0000 0.0000 0.0000 0.0000 0.0000 0.0000 0.0000 0.0000 0.0000 0.0000 0.0000 0.0000 0.0000 0.0000 0.0000 0.0000 0.0000 0.0000 0.0000 0.0000 0.0000 0.0000 0.0000 0.0000 0.0000 0.0000 0.0000 0.0000 0.0000 0.0000 0.0000 0.0000 0.0000 0.0000 0.0000 0.0000
403.0353 25.0000 0.0000 82.0133 0.0000 145.0699 10.8784 0.0000 31.9867 0.0000 0.0000 22.9647 0.0000 71.0000 0.0000 0.0000 38.9926 3.0435 0.0000 2.8866 0.0000 0.0000 0.0000 0.0000 0.0000 0.0000 0.0000 0.0000 0.0000 0.0000 0.0000 0.0000 51.1291 0.0000 0.0000 0.0000 0.0000 0.0000 0.0000 0.0000 0.0000 0.0000 0.0000 0.0000 0.0000 0.0000 0.0000 0.0000 0.0000 0.0000 0.0000 0.0000 0.0000 0.0000 0.0000 0.0000 0.0000 0.0000 0.0000 0.0000 0.0000 0.0000 0.0000 0.0000 0.0000 0.0000 0.0000 0.0000 0.0000 0.0000 0.0000 0.0000 0.0000 0.0000 0.0000 0.0000 0.0000 0.0000 0.0000 0.0000 0.0000 0.0000 0.0000 0.0000 0.0000 0.0000 0.0000 0.0000 0.0000 0.0000 0.0000 0.0000 0.0000 0.0000 0.0000 0.0000 0.0000 0.0000 0.0000 0.0000
65.5558 39.0000 0.0000 156.0244 0.0000 0.0000 47.4693 79.0000 58.9756 0.0000 0.0000 9.4442 0.0000 1.0000 42.0000 0.0000 109.3861 0.0000 0.0000 0.0000 0.0000 0.0000 0.0000 0.0000 0.0000 0.0000 0.0000 0.0000 0.0000 0.0000 0.0000 0.0000 118.1447 0.0000 0.0000 0.0000 0.0000 0.0000 0.0000 0.0000 0.0000 0.0000 0.0000 0.0000 0.0000 0.0000 0.0000 0.0000 0.0000 0.0000 0.0000 0.0000 0.0000 0.0000 0.0000 0.0000 0.0000 0.0000 0.0000 0.0000 0.0000 0.0000 0.0000 0.0000 0.0000 0.0000 0.0000 0.0000 0.0000 0.0000 0.0000 0.0000 0.0000 0.0000 0.0000 0.0000 0.0000 0.0000 0.0000 0.0000 0.0000 0.0000 0.0000 0.0000 0.0000 0.0000 0.0000 0.0000 0.0000 0.0000 0.0000 0.0000 0.0000 0.0000 0.0000 0.0000 0.0000 0.0000 0.0000 0.0000
Beta posterior values
1911.1951 81.0000 1475.8008 209.0294 0.0000 3579.9934 101.8611 704.0142 70.9706 0.0000 0.0000 194.8049 0.0000 657.0000 107.0000 0.0000 206.0121 59.3249 0.0000 92.6817 0.0000 0.0000 0.0000 0.0000 236.1850 0.0000 0.0000 0.0000 0.0000 0.0000 0.0000 0.0000 307.1268 0.0000 0.0000 0.0000 0.0000 0.0000 0.0000 0.0000 0.0000 0.0000 0.0000 0.0000 0.0000 0.0000 0.0000 0.0000 0.0000 0.0000 0.0000 0.0000 0.0000 0.0000 0.0000 0.0000 0.0000 0.0000 0.0000 0.0000 0.0000 0.0000 0.0000 0.0000 0.0000 0.0000 0.0000 0.0000 0.0000 0.0000 0.0000 0.0000 0.0000 0.0000 0.0000 0.0000 0.0000 0.0000 0.0000 0.0000 0.0000 0.0000 0.0000 0.0000 0.0000 0.0000 0.0000 0.0000 0.0000 0.0000 0.0000 0.0000 0.0000 0.0000 0.0000 0.0000 0.0000 0.0000 0.0000 0.0000
1881.6664 112.0000 1416.2924 169.0210 0.0000 3517.1752 93.9496 678.0136 50.9790 0.0000 0.0000 201.3336 0.0000 382.0000 108.0000 0.0000 223.3768 59.3904 0.0000 93.4344 0.0000 0.0000 0.0000 0.0000 217.6940 0.0000 0.0000 0.0000 0.0000 0.0000 0.0000 0.0000 286.6736 0.0000 0.0000 0.0000 0.0000 0.0000 0.0000 0.0000 0.0000 0.0000 0.0000 0.0000 0.0000 0.0000 0.0000 0.0000 0.0000 0.0000 0.0000 0.0000 0.0000 0.0000 0.0000 0.0000 0.0000 0.0000 0.0000 0.0000 0.0000 0.0000 0.0000 0.0000 0.0000 0.0000 0.0000 0.0000 0.0000 0.0000 0.0000 0.0000 0.0000 0.0000 0.0000 0.0000 0.0000 0.0000 0.0000 0.0000 0.0000 0.0000 0.0000 0.0000 0.0000 0.0000 0.0000 0.0000 0.0000 0.0000 0.0000 0.0000 0.0000 0.0000 0.0000 0.0000 0.0000 0.0000 0.0000 0.0000
1921.4989 79.0000 1517.5637 142.0261 0.0000 3066.6385 79.1154 666.0151 62.9739 0.0000 0.0000 205.5011 0.0000 598.0000 73.0000 0.0000 164.8994 51.2238 0.0000 83.1377 0.0000 0.0000 0.0000 0.0000 233.4212 0.0000 0.0000 0.0000 0.0000 0.0000 0.0000 0.0000 195.9852 0.0000 0.0000 0.0000 0.0000 0.0000 0.0000 0.0000 0.0000 0.0000 0.0000 0.0000 0.0000 0.0000 0.0000 0.0000 0.0000 0.0000 0.0000 0.0000 0.0000 0.0000 0.0000 0.0000 0.0000 0.0000 0.0000 0.0000 0.0000 0.0000 0.0000 0.0000 0.0000 0.0000 0.0000 0.0000 0.0000 0.0000 0.0000 0.0000 0.0000 0.0000 0.0000 0.0000 0.0000 0.0000 0.0000 0.0000 0.0000 0.0000 0.0000 0.0000 0.0000 0.0000 0.0000 0.0000 0.0000 0.0000 0.0000 0.0000 0.0000 0.0000 0.0000 0.0000 0.0000 0.0000 0.0000 0.0000
1489.7000 73.0000 1505.5523 188.0260 0.0000 3250.7076 78.1265 643.0143 62.9740 0.0000 0.0000 176.3000 0.0000 567.0000 93.0000 0.0000 156.2723 53.1853 0.0000 84.1071 0.0000 0.0000 0.0000 0.0000 212.4334 0.0000 0.0000 0.0000 0.0000 0.0000 0.0000 0.0000 250.6012 0.0000 0.0000 0.0000 0.0000 0.0000 0.0000 0.0000 0.0000 0.0000 0.0000 0.0000 0.0000 0.0000 0.0000 0.0000 0.0000 0.0000 0.0000 0.0000 0.0000 0.0000 0.0000 0.0000 0.0000 0.0000 0.0000 0.0000 0.0000 0.0000 0.0000 0.0000 0.0000 0.0000 0.0000 0.0000 0.0000 0.0000 0.0000 0.0000 0.0000 0.0000 0.0000 0.0000 0.0000 0.0000 0.0000 0.0000 0.0000 0.0000 0.0000 0.0000 0.0000 0.0000 0.0000 0.0000 0.0000 0.0000 0.0000 0.0000 0.0000 0.0000 0.0000 0.0000 0.0000 0.0000 0.0000 0.0000
1785.6367 52.0000 1435.4403 128.0270 0.0000 3562.6771 45.4914 660.0121 64.9730 0.0000 0.0000 173.3633 0.0000 569.0000 73.0000 0.0000 99.7019 59.3335 0.0000 89.9894 0.0000 0.0000 0.0000 0.0000 218.5476 0.0000 0.0000 0.0000 0.0000 0.0000 0.0000 0.0000 162.8067 0.0000 0.0000 0.0000 0.0000 0.0000 0.0000 0.0000 0.0000 0.0000 0.0000 0.0000 0.0000 0.0000 0.0000 0.0000 0.0000 0.0000 0.0000 0.0000 0.0000 0.0000 0.0000 0.0000 0.0000 0.0000 0.0000 0.0000 0.0000 0.0000 0.0000 0.0000 0.0000 0.0000 0.0000 0.0000 0.0000 0.0000 0.0000 0.0000 0.0000 0.0000 0.0000 0.0000 0.0000 0.0000 0.0000 0.0000 0.0000 0.0000 0.0000 0.0000 0.0000 0.0000 0.0000 0.0000 0.0000 0.0000 0.0000 0.0000 0.0000 0.0000 0.0000 0.0000 0.0000 0.0000 0.0000 0.0000
Cluster phi posterior values
0.0000 0.0000 0.0044 0.3070 0.0000 0.0000 0.1436 0.2879 0.0000 0.0000 0.0000 0.0000 0.0164 0.0000
0.0148 0.0000 0.0193 0.4107 0.0000 0.0000 0.0045 0.4847 0.0000 0.3885 0.0000 0.0316 0.0024 0.0316
0.2580 0.0000 0.0000 0.4557 0.1274 0.2281 0.2150 0.2470 0.0000 0.0000 0.2677 0.2224 0.0000 0.0032
0.1678 0.2126 0.0000 0.3026 0.0425 0.1180 0.2526 0.3351 0.1126 0.1102 0.0000 0.1976 0.0000 0.0000
0.4201 0.0349 0.0000 0.5495 0.0000 0.5108 0.4278 0.4756 0.0483 0.0003 0.3640 0.5233 0.0000 0.1060
