1 #sols

4
8
0.041039 0.493264 0 0.0326975 0.278841 0.0213033 0.45328 0.556901 
0.416025 0.466867 0 0.449126 0.0196484 0.490852 0.55684 0.501333 
0.0249878 0.316821 0.0652174 0.0341328 0.167353 0.032079 0.324211 0.36962 
0 0.374016 0.212658 0.0963745 0 0 0.301653 0.26817 

Sample_0 Sample_1 Sample_2 Sample_3 
35;36;39;42;43;45;46;47;52;56;57;58;59;60;62;63;64;66;68;69 72;74;76;78;79;80;84;85;86;88 12;93;94;95 13;14;15;16;17;18;19;20;21;22;23;24;25;26;27;28;29;30;31;32;33;34 0;1;2;3;4;5;6;7;8;9;10;11;90;91;92;96;97;98;99 37;38;40;41;44;48;49;50;51;53;54;55;61;65;67;70 73;82;83;87;89 71;75;77;81 

4
4
0.36024 0.557682 0 0.0820779 
0.128654 0.0392968 0 0.832049 
0.224124 0.334706 0.130435 0.0499755 
0.111024 0 0.425316 0 
4
4
1 0 0 0 
1 1 0 0 
1 0 1 0 
1 0 0 1 

1 1 0.966141 0.998843 
4
4
0.5 0.278841 0 0.041039 
0.5 0.0196484 0 0.416025 
0.36962 0.167353 0.0652174 0.0249878 
0.26817 0 0.212658 0 

Sample_0 Sample_1 Sample_2 Sample_3 
7 4 2 0 

