1 #sols

6
6
0 0 0 0.320119 0.316441 0.320071 
0 0.0466781 0.333762 0.390061 0 0 
0.00110701 0 0.0762345 0.456826 0.23275 0 
0 0.311045 0 0.310547 0 0 
0 0 0 0.493057 0.507582 0.495453 
0.0173238 0.214563 0 0.467111 0.12909 0 

Sample_0 Sample_1 Sample_2 Sample_3 Sample_4 Sample_5 
16;17;18;19;20;21;22;23;24;25;26;27;28;29;30;31;32;33;34 13;14;15;35;36;37;38;39;40;41;42;43;44;45;46;47;48;49 12;55;56;57;58;59;60;61;62;63;64;65;66;67;68;69;70;71;72;73;74;75;76;77;78;79;80;81;82;83;84 0;1;2;3;4;5;6;7;85;86;87;88;89;90;91;92;93;94;95;96;97;98;99 50;51;52;53;54 8;9;10;11 

6
3
0.640238 0 0 
0.112599 0.667523 0 
0.758969 0.152469 0.00221402 
0.621094 0 0 
0.986114 0 0 
0.899574 0 0.0346477 
3
3
1 0 0 
1 1 0 
1 0 1 

1 1 1 
6
3
0.320119 0 0 
0.390061 0.333762 0 
0.456826 0.0762345 0.00110701 
0.310547 0 0 
0.493057 0 0 
0.467111 0 0.0173238 

Sample_0 Sample_1 Sample_2 Sample_3 Sample_4 Sample_5 
3 2 0 

