gene_id	Sample_0	Sample_0	Sample_1	Sample_1	Sample_2	Sample_2	Sample_3	Sample_3	Sample_4	Sample_4
0;1;2;3	167	34	168	25	213	0	183	0	195	15
72;73;74;75;76;77;78;79;80;81;82;83;84;85	676	0	697	0	674	28	525	177	683	0
7;11;12	77	66	114	49	79	58	83	69	90	64
86;87;88;89;90;92;93;94;95;96;97;98;99	482	129	478	154	451	162	546	89	392	263
36;37;38;39;40;41;42;43;44;45;46;47;48;49;50;51;52;53	671	238	923	0	904	0	825	115	912	0
54;55;56;57;58;59;60;61;62	409	17	459	0	471	0	425	0	362	116
5;6;8;9;10;13	140	158	249	67	202	69	121	133	202	122
63;64;65;67;68;69;70;71	430	0	389	12	411	31	397	0	379	37
26;27;28;29;30;31;32;33;34;35;91	396	115	469	98	528	63	483	54	357	216
14;15;16;17;18;19;20;21;22;23;24;25	558	22	612	18	578	0	511	58	575	0
4;66	103	0	99	5	99	13	93	0	72	0
