1 #sols

4
9
0.156946 0.187203 0.266733 0.477401 0.138851 0.26508 0.0172777 0.489714 0.0092723 
0.242649 0.257678 0 0.390025 0.190998 0 0.0227045 0.428061 0.151503 
0.182342 0.177755 0.298457 0.463377 0 0.266469 0.0831854 0.453588 0.00543125 
0 0 0.185577 0.182824 0 0 0 0.199593 0 

Sample_0 Sample_1 Sample_2 Sample_3 
11;12;15;18;19;20;21 13;14;16;17 55;56 58;59;60;61;62;63;64;65;66;67;68;69;70;71;72;73;74;75;76;77;78;79;80;82;83;84;85;86;87 22;23;24;25;26;27;28;29;30;31;32;33;34;35;36;37;38;39;40;41;42;43;44;45;46;47;48 88;89;90 91;92;93;94;95;96;97;98;99 57;81 0;1;2;3;4;5;6;7;8;9;10;49;50;51;52;53;54 

4
5
0.118464 0.0185446 0.0345553 0.530161 0.277703 
0.125711 0.303006 0.045409 0 0.381997 
0.197004 0.0108625 0.166371 0.532938 0 
0.399185 0 0 0 0 
5
5
1 0 0 0 0 
1 1 0 0 0 
1 0 1 0 0 
1 0 0 1 0 
1 0 0 0 1 

1 1 1 1 1 
4
5
0.489714 0.0092723 0.0172777 0.26508 0.138851 
0.428061 0.151503 0.0227045 0 0.190998 
0.453588 0.00543125 0.0831854 0.266469 0 
0.199593 0 0 0 0 

Sample_0 Sample_1 Sample_2 Sample_3 
7 8 6 5 4 

