MultiBinom clustering
Convergence threshold: 1.000000
Initial num clusters: 100
kmeans: True

Time taken: 47.406513
ARI: 0.809662
Cluster freq error: 0.004424
Num active clusters: 9
Cluster assignments
8
8
8
8
8
8
8
8
8
8
8
0
0
1
1
0
1
1
0
0
0
0
4
4
4
4
4
4
4
4
4
4
4
4
4
4
4
4
4
4
4
4
4
4
4
4
4
4
4
8
8
8
8
8
8
2
2
7
3
3
3
3
3
3
3
3
3
3
3
3
3
3
3
3
3
3
3
3
3
3
3
7
3
3
3
3
3
3
5
5
5
6
6
6
6
6
6
6
6
6
Alpha posterior values
0.0000 0.0000 3709.0000 0.0000 0.0000 0.0000 534.0000 0.0000 0.0000 0.0000 0.0000 13392.9135 0.0000 0.0000 0.0000 791.0000 0.0000 0.0000 0.0000 0.0000 0.0000 0.0000 0.0000 156.0000 0.0000 0.0000 0.0000 0.0000 1462.0865 0.0000 158.0000 0.0000 0.0000 1257.4886 597.5114 0.0000 0.0000 0.0000 0.0000 0.0000 0.0000 0.0000 0.0000 0.0000 0.0000 0.0000 0.0000 0.0000 0.0000 0.0000 0.0000 0.0000 0.0000 0.0000 0.0000 0.0000 0.0000 0.0000 0.0000 0.0000 0.0000 0.0000 0.0000 0.0000 0.0000 0.0000 0.0000 0.0000 0.0000 0.0000 0.0000 0.0000 0.0000 0.0000 0.0000 0.0000 0.0000 0.0000 0.0000 0.0000 0.0000 0.0000 0.0000 0.0000 0.0000 0.0000 0.0000 0.0000 0.0000 0.0000 0.0000 0.0000 0.0000 0.0000 0.0000 0.0000 0.0000 0.0000 0.0000 0.0000
0.0000 0.0000 5190.0000 0.0000 0.0000 0.0000 0.0000 0.0000 0.0000 0.0000 0.0000 10942.9192 0.0000 0.0000 0.0000 0.0000 0.0000 0.0000 0.0000 0.0000 0.0000 0.0000 0.0000 204.0000 0.0000 0.0000 0.0000 0.0000 1266.0808 0.0000 2596.0000 0.0000 0.0000 1895.7973 794.2027 0.0000 0.0000 0.0000 0.0000 0.0000 0.0000 0.0000 0.0000 0.0000 0.0000 0.0000 0.0000 0.0000 0.0000 0.0000 0.0000 0.0000 0.0000 0.0000 0.0000 0.0000 0.0000 0.0000 0.0000 0.0000 0.0000 0.0000 0.0000 0.0000 0.0000 0.0000 0.0000 0.0000 0.0000 0.0000 0.0000 0.0000 0.0000 0.0000 0.0000 0.0000 0.0000 0.0000 0.0000 0.0000 0.0000 0.0000 0.0000 0.0000 0.0000 0.0000 0.0000 0.0000 0.0000 0.0000 0.0000 0.0000 0.0000 0.0000 0.0000 0.0000 0.0000 0.0000 0.0000 0.0000
0.0000 0.0000 0.0000 0.0000 0.0000 0.0000 619.0000 0.0000 0.0000 0.0000 0.0000 13002.4344 0.0000 0.0000 0.0000 809.0000 0.0000 0.0000 0.0000 0.0000 0.0000 0.0000 0.0000 750.0000 0.0000 0.0000 0.0000 0.0000 1395.5656 0.0000 92.0000 0.0000 0.0000 1409.4406 556.5594 0.0000 0.0000 0.0000 0.0000 0.0000 0.0000 0.0000 0.0000 0.0000 0.0000 0.0000 0.0000 0.0000 0.0000 0.0000 0.0000 0.0000 0.0000 0.0000 0.0000 0.0000 0.0000 0.0000 0.0000 0.0000 0.0000 0.0000 0.0000 0.0000 0.0000 0.0000 0.0000 0.0000 0.0000 0.0000 0.0000 0.0000 0.0000 0.0000 0.0000 0.0000 0.0000 0.0000 0.0000 0.0000 0.0000 0.0000 0.0000 0.0000 0.0000 0.0000 0.0000 0.0000 0.0000 0.0000 0.0000 0.0000 0.0000 0.0000 0.0000 0.0000 0.0000 0.0000 0.0000 0.0000
0.0000 0.0000 0.0000 0.0000 0.0000 0.0000 368.0000 0.0000 0.0000 0.0000 0.0000 5166.2864 0.0000 0.0000 0.0000 0.0000 0.0000 0.0000 0.0000 0.0000 0.0000 0.0000 0.0000 0.0000 0.0000 0.0000 0.0000 0.0000 596.7136 0.0000 0.0000 0.0000 0.0000 0.0000 0.0000 0.0000 0.0000 0.0000 0.0000 0.0000 0.0000 0.0000 0.0000 0.0000 0.0000 0.0000 0.0000 0.0000 0.0000 0.0000 0.0000 0.0000 0.0000 0.0000 0.0000 0.0000 0.0000 0.0000 0.0000 0.0000 0.0000 0.0000 0.0000 0.0000 0.0000 0.0000 0.0000 0.0000 0.0000 0.0000 0.0000 0.0000 0.0000 0.0000 0.0000 0.0000 0.0000 0.0000 0.0000 0.0000 0.0000 0.0000 0.0000 0.0000 0.0000 0.0000 0.0000 0.0000 0.0000 0.0000 0.0000 0.0000 0.0000 0.0000 0.0000 0.0000 0.0000 0.0000 0.0000 0.0000
Beta posterior values
0.0000 0.0000 23003.0000 0.0000 0.0000 0.0000 1468.0000 0.0000 0.0000 0.0000 0.0000 14658.1115 0.0000 0.0000 0.0000 2193.0000 0.0000 0.0000 0.0000 0.0000 0.0000 0.0000 0.0000 8873.0000 0.0000 0.0000 0.0000 0.0000 1551.8885 0.0000 16882.0000 0.0000 0.0000 6599.9755 2593.0245 0.0000 0.0000 0.0000 0.0000 0.0000 0.0000 0.0000 0.0000 0.0000 0.0000 0.0000 0.0000 0.0000 0.0000 0.0000 0.0000 0.0000 0.0000 0.0000 0.0000 0.0000 0.0000 0.0000 0.0000 0.0000 0.0000 0.0000 0.0000 0.0000 0.0000 0.0000 0.0000 0.0000 0.0000 0.0000 0.0000 0.0000 0.0000 0.0000 0.0000 0.0000 0.0000 0.0000 0.0000 0.0000 0.0000 0.0000 0.0000 0.0000 0.0000 0.0000 0.0000 0.0000 0.0000 0.0000 0.0000 0.0000 0.0000 0.0000 0.0000 0.0000 0.0000 0.0000 0.0000 0.0000
0.0000 0.0000 21983.0000 0.0000 0.0000 0.0000 1932.0000 0.0000 0.0000 0.0000 0.0000 17140.5136 0.0000 0.0000 0.0000 3048.0000 0.0000 0.0000 0.0000 0.0000 0.0000 0.0000 0.0000 8781.0000 0.0000 0.0000 0.0000 0.0000 1762.4864 0.0000 14539.0000 0.0000 0.0000 5895.5354 2262.4646 0.0000 0.0000 0.0000 0.0000 0.0000 0.0000 0.0000 0.0000 0.0000 0.0000 0.0000 0.0000 0.0000 0.0000 0.0000 0.0000 0.0000 0.0000 0.0000 0.0000 0.0000 0.0000 0.0000 0.0000 0.0000 0.0000 0.0000 0.0000 0.0000 0.0000 0.0000 0.0000 0.0000 0.0000 0.0000 0.0000 0.0000 0.0000 0.0000 0.0000 0.0000 0.0000 0.0000 0.0000 0.0000 0.0000 0.0000 0.0000 0.0000 0.0000 0.0000 0.0000 0.0000 0.0000 0.0000 0.0000 0.0000 0.0000 0.0000 0.0000 0.0000 0.0000 0.0000 0.0000 0.0000
0.0000 0.0000 27016.0000 0.0000 0.0000 0.0000 1455.0000 0.0000 0.0000 0.0000 0.0000 15047.3867 0.0000 0.0000 0.0000 2227.0000 0.0000 0.0000 0.0000 0.0000 0.0000 0.0000 0.0000 8266.0000 0.0000 0.0000 0.0000 0.0000 1668.6133 0.0000 16847.0000 0.0000 0.0000 6346.7642 2568.2358 0.0000 0.0000 0.0000 0.0000 0.0000 0.0000 0.0000 0.0000 0.0000 0.0000 0.0000 0.0000 0.0000 0.0000 0.0000 0.0000 0.0000 0.0000 0.0000 0.0000 0.0000 0.0000 0.0000 0.0000 0.0000 0.0000 0.0000 0.0000 0.0000 0.0000 0.0000 0.0000 0.0000 0.0000 0.0000 0.0000 0.0000 0.0000 0.0000 0.0000 0.0000 0.0000 0.0000 0.0000 0.0000 0.0000 0.0000 0.0000 0.0000 0.0000 0.0000 0.0000 0.0000 0.0000 0.0000 0.0000 0.0000 0.0000 0.0000 0.0000 0.0000 0.0000 0.0000 0.0000 0.0000
0.0000 0.0000 27132.0000 0.0000 0.0000 0.0000 1615.0000 0.0000 0.0000 0.0000 0.0000 23145.8296 0.0000 0.0000 0.0000 2967.0000 0.0000 0.0000 0.0000 0.0000 0.0000 0.0000 0.0000 9040.0000 0.0000 0.0000 0.0000 0.0000 2433.1704 0.0000 16950.0000 0.0000 0.0000 7714.7266 3223.2734 0.0000 0.0000 0.0000 0.0000 0.0000 0.0000 0.0000 0.0000 0.0000 0.0000 0.0000 0.0000 0.0000 0.0000 0.0000 0.0000 0.0000 0.0000 0.0000 0.0000 0.0000 0.0000 0.0000 0.0000 0.0000 0.0000 0.0000 0.0000 0.0000 0.0000 0.0000 0.0000 0.0000 0.0000 0.0000 0.0000 0.0000 0.0000 0.0000 0.0000 0.0000 0.0000 0.0000 0.0000 0.0000 0.0000 0.0000 0.0000 0.0000 0.0000 0.0000 0.0000 0.0000 0.0000 0.0000 0.0000 0.0000 0.0000 0.0000 0.0000 0.0000 0.0000 0.0000 0.0000 0.0000
Cluster phi posterior values
0.1600 0.1871 0.2666 0.4774 0.1388 0.2650 0.0172 0.4851 0.0092
0.2433 0.2597 0.0000 0.3896 0.1910 0.0000 0.0226 0.4180 0.1515
0.1816 0.1780 0.2983 0.4635 0.0000 0.2664 0.0831 0.4554 0.0054
0.0000 0.0000 0.1854 0.1825 0.0000 0.0000 0.0000 0.1968 0.0000
