1 #sols

6
6
0.252133 0.143737 0.0634146 0.117305 0 0 
0.439776 0.294557 0 0 0.115873 0 
0.0203327 0 0.0692641 0 0 0 
0.285971 0 0.215849 0 0 0 
0.488584 0.172553 0 0.111111 0.0063593 0 
0.343779 0.248255 0.00439239 0.249392 0.156391 0.191489 

Sample_0 Sample_1 Sample_2 Sample_3 Sample_4 Sample_5 
0;1;2;3;4;5;6;7;8;9;10;11;12;91;92;93;94;95;96;97;98;99 71;72;73;74;75;76;77;78;79;80;81;82;83;84;85;86;87;88;89;90 29;30;31;32;33;34;35;36;37;38;39;40;41;42;57;58;59;60;61;62;63;64;65;66;67;68;69;70 13;14;15;16;17;18;19;20;21;22;23;24;25;26;27;28 43;44;45;46;47;49;50;51;52;53;54;55;56 48 

6
3
0.216791 0 0.287474 
0.0586916 0.231746 0.589114 
0.0406654 0 0 
0.571942 0 0 
0.619344 0.0127186 0.345106 
0 0.266833 0.49651 
3
3
1 0 0 
1 1 0 
1 0 1 

1 0.999977 0.999999 
6
3
0.252133 0 0.143737 
0.439776 0.115873 0.294557 
0.0203327 0 0 
0.285971 0 0 
0.488584 0.0063593 0.172553 
0.381672 0.133417 0.248255 

Sample_0 Sample_1 Sample_2 Sample_3 Sample_4 Sample_5 
0 4 1 

