1 #sols

6
8
0 0 0 0 0.161303 0.107362 0.072238 0.279418 
0.131444 0.031556 0.0138018 0 0 0.147694 0.138698 0.182392 
0 0 0 0.239896 0.0554558 0.274827 0.0433367 0.407837 
0 0 0.475402 0.0159771 0 0.486827 0 0.483629 
0 0.0751485 0 0 0.0655671 0 0 0.138527 
0.079405 0 0 0 0.12253 0.149722 0.0779789 0.287402 

Sample_0 Sample_1 Sample_2 Sample_3 Sample_4 Sample_5 
27;28;29;30;31;32;33;34;35;36;37;38;39;40;41;42;43;44;45;46;47;48 0;1;2;3;4;5;6;7;8;9;10;49;50;51;52;53;54 96;97;98;99 91;92;93;94;95 55;56;88;89;90 11;12;13;14;15;16;17;18;19;20;21 22;23;24;25;26 57;58;59;60;61;62;63;64;65;66;67;68;69;70;71;72;73;74;75;76;77;78;79;80;81;82;83;84;85;86;87 

6
6
0.23623 0.322606 0 0 0 0 
0.0111812 0 0 0.0276035 0.0631119 0.262887 
0.224971 0.110912 0.479792 0 0 0 
0 0 0.0319541 0.935303 0 0 
0 0.131134 0 0 0.14592 0 
0.170935 0.245059 0 0 0 0.15881 
6
6
1 0 0 0 0 0 
1 1 0 0 0 0 
1 0 1 0 0 0 
1 0 0 1 0 0 
1 0 0 0 1 0 
1 0 0 0 0 1 

1 1 1 0.835822 1 1 
6
6
0.279418 0.161303 0 0 0 0 
0.182392 0 0 0.0138018 0.031556 0.131444 
0.407837 0.0554558 0.239896 0 0 0 
0.483629 0 0.0159771 0.467652 0 0 
0.138527 0.0655671 0 0 0.0729598 0 
0.287402 0.12253 0 0 0 0.079405 

Sample_0 Sample_1 Sample_2 Sample_3 Sample_4 Sample_5 
7 4 3 2 1 0 

