1 #sols

4
8
0.300983 0.0635838 0.0292366 0 0.460317 0.02 0.00895522 0.137931 
0.015873 0.479549 0.445158 0 0.512876 0.0185185 0.392105 0.0731707 
0.186667 0.0317919 0.0271769 0.088785 0.301556 0.210526 0.0309859 0 
0 0.0936107 0 0.205742 0.354639 0 0.125 0 

Sample_0 Sample_1 Sample_2 Sample_3 
0;1;2;3;4;5;6;7;8;9;10;90;91;92;97;98;99 13;16;17;18;20;21;23;24;25;26;28;30;31;32 15;35;36;37;38;39;40;41;42;43;44;45;46;47;48;49;50;51;52;53;54;55;56;57;58;59;60;61;62;63;64;65;66;67;68;69;70 12;93;94;95 71;72;73;74;75;76;77;78;79;80;81;82;83;84;85;86;87;88;89 96 14;19;22;27;29;33;34 11 

4
6
0 0.275862 0.0179104 0.04 0 0.601966 
0.000664941 0.146341 0.784211 0.037037 0 0.031746 
0 0 0.02801 0.244693 0.098322 0.307896 
0.0477951 0 0.25 0 0.411483 0 
6
6
1 0 0 0 0 0 
1 1 0 0 0 0 
1 0 1 0 0 0 
1 0 0 1 0 0 
1 0 0 0 1 0 
1 0 0 0 0 1 

1 0.999999 0.999965 0.922072 0.99999 1 
4
6
0.467869 0.137931 0.00895522 0.02 0 0.300983 
0.5 0.0731707 0.392105 0.0185185 0 0.015873 
0.33946 0 0.014005 0.122346 0.049161 0.153948 
0.354639 0 0.125 0 0.205742 0 

Sample_0 Sample_1 Sample_2 Sample_3 
4 7 6 5 3 0 

