1 #sols

6
6
0.145685 0 0.0239977 0 0 0.171902 
0.149848 0 0 0 0 0 
0.324903 0.0270425 0 0.0366599 0.0247129 0.0108452 
0.0696524 0.0119471 0.163169 0.015625 0.0165414 0.0116819 
0.051014 0 0 0 0 0.226877 
0.117313 0.177266 0.0140315 0 0 0 

Sample_0 Sample_1 Sample_2 Sample_3 Sample_4 Sample_5 
0;1;2;3;17;23;24;25;26;27;28;29;30;31;32;33;34;35;36;37;50;51;52;53 43;44;45;46;47;48;49 93;94;95;96;97;98;99 19 18;20;21;22 4;5;6;7;8;9;10;11;12;13;14;15;16;38;39;40;41;42;54;55;56;57;58;59;60;61;62;63;64;65;66;67;68;69;70;71;72;73;74;75;76;77;78;79;80;81;82;83;84;85;86;87;88;89;90;91;92 

6
3
0.291369 0 0 
0.299696 0 0 
0.527061 0.0494259 0.0733198 
0.074972 0.0330827 0.03125 
0.102028 0 0 
0.234625 0 0 
3
3
1 0 0 
1 1 0 
1 0 1 

1 1 1 
6
3
0.145685 0 0 
0.149848 0 0 
0.324903 0.0247129 0.0366599 
0.0696524 0.0165414 0.015625 
0.051014 0 0 
0.117313 0 0 

Sample_0 Sample_1 Sample_2 Sample_3 Sample_4 Sample_5 
0 4 3 

