1 #sols

6
6
0.335632 0 0 0 0.00595238 0.0831758 
0.46181 0.375465 0.203922 0.0878049 0 0 
0.266819 0 0 0 0 0 
0.342857 0.234216 0 0 0 0.0372743 
0.375703 0.283702 0.115453 0.141844 0 0 
0.0539933 0.0179641 0 0 0.0478395 0.00234604 

Sample_0 Sample_1 Sample_2 Sample_3 Sample_4 Sample_5 
0;1;2;3;4;5;6;7;8;9;10;94;95;96;97;98;99 11;12;33;34;35;36;37;38;39;40 18;22;26;27;29;88;89;90;91;92;93 13;14;15;16;17;19;20;21;23;24;25;28;30;31;32;87 41;42;43;44;45;46;47;48;49;50;51;52;53 54;55;56;57;58;59;60;61;62;63;64;65;66;67;68;69;70;71;72;73;74;75;76;77;78;79;80;81;82;83;84;85;86 

6
4
0.504913 0.166352 0 0 
0.340166 0 0.17561 0.407843 
0.533637 0 0 0 
0.611166 0.0745486 0 0 
0.236812 0 0.283688 0.230906 
0.103294 0.00469208 0 0 
4
4
1 0 0 0 
1 1 0 0 
1 0 1 0 
1 0 0 1 

1 1 1 1 
6
4
0.335632 0.0831758 0 0 
0.46181 0 0.0878049 0.203922 
0.266819 0 0 0 
0.342857 0.0372743 0 0 
0.375703 0 0.141844 0.115453 
0.0539933 0.00234604 0 0 

Sample_0 Sample_1 Sample_2 Sample_3 Sample_4 Sample_5 
0 5 3 2 

