2 #sols

4
10
0.0918316 0.0980176 0.202267 0 0 0.133106 0.413064 0.135514 0.0544379 0.0689655 
0 0.168385 0.159743 0.172798 0 0 0.371058 0.2 0.167426 0 
0 0 0.0189983 0 0.0206422 0.183801 0.411654 0.0360825 0 0 
0 0.0115207 0.131053 0.259343 0.127112 0 0.398789 0.200935 0 0.0108108 

Sample_0 Sample_1 Sample_2 Sample_3 
0;1;2;4;5;6;8;9;10;11;12;13;14;42;43;44;45;46;47 57;59;60;61;62;63;64;65;95 67;68;69;70;71;72;73;74;75;76;77;78;79;80;81;82;83;84;85;87;88;89;90 48;49;50;51;52;53;54;55;56 18;19;20;21;22;23;24;25;26;27;28;29;30 15;16;17 31;32;33;34;35;36;37;38;39;40;41 66;86 58;91;92;93;94;96;97;98;99 3;7 

4
8
0.0420823 0.0749928 0 0.196035 0.137931 0.108876 0.0825485 0.183663 
0.00726309 0.0632302 0 0.33677 0 0.334852 0 0 
0.383542 0.0308805 0.0412844 0 0 0 0.367601 0 
0.374087 0.124603 0.254225 0.0230415 0.0216216 0 0 0 
8
8
1 0 0 0 0 0 0 0 
1 1 0 0 0 0 0 0 
1 1 1 0 0 0 0 0 
1 1 0 1 0 0 0 0 
1 0 0 0 1 0 0 0 
1 0 0 0 0 1 0 0 
1 0 0 0 0 0 1 0 
1 0 0 0 0 0 1 1 

1 0.999999 0.927097 0.864107 1 1 1 0.858166 
4
8
0.413064 0.135514 0 0.0980176 0.0689655 0.0544379 0.133106 0.0918316 
0.371058 0.2 0 0.168385 0 0.167426 0 0 
0.411654 0.0360825 0.0206422 0 0 0 0.183801 0 
0.398789 0.200935 0.127112 0.0115207 0.0108108 0 0 0 

Sample_0 Sample_1 Sample_2 Sample_3 
6 7 4 1 9 8 5 0 

4
8
0.0928538 0.0242213 0.137931 0.108876 0 0.0825485 0.196035 0.183663 
0.00534527 0.0651481 0 0.334852 0 0 0.33677 0 
0.383542 0.0308805 0 0 0.0412844 0.367601 0 0 
0.372667 0.126023 0.0216216 0 0.254225 0 0.0230415 0 
8
8
1 0 0 0 0 0 0 0 
1 1 0 0 0 0 0 0 
1 1 1 0 0 0 0 0 
1 1 0 1 0 0 0 0 
1 1 0 0 1 0 0 0 
1 0 0 0 0 1 0 0 
1 0 0 0 0 0 1 0 
1 0 0 0 0 1 0 1 

1 0.999999 0.982642 0.871377 0.927097 1 1 0.858166 
4
8
0.413064 0.135514 0.0689655 0.0544379 0 0.133106 0.0980176 0.0918316 
0.371058 0.2 0 0.167426 0 0 0.168385 0 
0.411654 0.0360825 0 0 0.0206422 0.183801 0 0 
0.398789 0.200935 0.0108108 0 0.127112 0 0.0115207 0 

Sample_0 Sample_1 Sample_2 Sample_3 
6 7 9 8 4 5 1 0 

