gene_id	Sample_0	Sample_0	Sample_1	Sample_1	Sample_2	Sample_2	Sample_3	Sample_3
0;1;2;4;5;6;8;9;10;11;12;13;14;42;43;44;45;46;47	1790	181	1917	0	1891	0	2009	0
57;59;60;61;62;63;64;65;95	819	89	726	147	891	0	858	10
67;68;69;70;71;72;73;74;75;76;77;78;79;80;81;82;83;84;85;87;88;89;90	1830	464	1962	373	2272	44	1956	295
48;49;50;51;52;53;54;55;56	914	0	742	155	922	0	654	229
18;19;20;21;22;23;24;25;26;27;28;29;30	1283	0	1292	0	1281	27	1188	173
15;16;17	254	39	316	0	262	59	319	0
31;32;33;34;35;36;37;38;39;40;41	611	430	678	400	626	438	695	461
66;86	185	29	160	40	187	7	171	43
58;91;92;93;94;96;97;98;99	799	46	731	147	894	0	881	0
3;7	162	12	207	0	193	0	183	2
