gene_id	Sample_0	Sample_0	Sample_1	Sample_1	Sample_2	Sample_2	Sample_3	Sample_3	Sample_4	Sample_4
19;21;22;23;26	212	0	225	37	268	7	175	73	222	0
20;25;27;28;29;30;31;32;33;34	500	0	414	92	430	89	308	148	476	0
59;60;61;62;63;64;65;66;67;68;69;70;71;72;73;74;75;76;77;78;79;80	1136	4	1070	0	1119	0	1120	0	921	174
24	48	0	47	1	42	6	31	15	59	0
6;7;8;9;10;12;13;14;15;17;18;36;37;38;39;40;42;43;44;45;46;50;51;53;54;55;57;94	1077	330	1140	313	977	401	966	449	1229	180
95;96;97;98;99	172	78	114	113	176	67	117	117	179	58
81;82;83;84;85;86;87;88;89;90;91;92;93	660	9	620	35	633	0	639	0	660	0
11;35;47;48;56;58	232	72	237	62	227	79	183	128	289	25
0;1;2;3	205	0	203	0	189	23	199	0	214	0
4;5;16;41;49;52	200	103	246	36	234	77	181	101	246	40
