1 #sols

5
10
0 0 0.00350877 0 0.234542 0.312 0.0134529 0.236842 0 0.339934 
0.141221 0.181818 0 0.0208333 0.215416 0.497797 0.0534351 0.207358 0 0.12766 
0.0254545 0.171484 0 0.125 0.291001 0.27572 0 0.25817 0.108491 0.247588 
0.294355 0.324561 0 0.326087 0.317314 0.5 0 0.411576 0 0.358156 
0 0 0.158904 0 0.12775 0.244726 0 0.0796178 0 0.13986 

Sample_0 Sample_1 Sample_2 Sample_3 Sample_4 
19;21;22;23;26 20;25;27;28;29;30;31;32;33;34 59;60;61;62;63;64;65;66;67;68;69;70;71;72;73;74;75;76;77;78;79;80 24 6;7;8;9;10;12;13;14;15;17;18;36;37;38;39;40;42;43;44;45;46;50;51;53;54;55;57;94 95;96;97;98;99 81;82;83;84;85;86;87;88;89;90;91;92;93 11;35;47;48;56;58 0;1;2;3 4;5;16;41;49;52 

5
6
0.590077 0 0.0269058 0 0.00701754 0 
0.564615 0 0.10687 0.0416667 0 0.282443 
0.0335501 0.216981 0 0.25 0 0.0509091 
0 0 0 0.549787 0 0.450213 
0.171643 0 0 0 0.317808 0 
6
6
1 0 0 0 0 0 
1 1 0 0 0 0 
1 0 1 0 0 0 
1 0 0 1 0 0 
1 0 0 0 1 0 
1 0 0 0 0 1 

1 0.999997 1 0.984269 0.998998 0.999998 
5
6
0.312 0 0.0134529 0 0.00350877 0 
0.497797 0 0.0534351 0.0208333 0 0.141221 
0.27572 0.108491 0 0.125 0 0.0254545 
0.5 0 0 0.274894 0 0.225106 
0.244726 0 0 0 0.158904 0 

Sample_0 Sample_1 Sample_2 Sample_3 Sample_4 
5 8 6 3 2 0 

