1 #sols

4
7
0.417156 0.151804 0.0686275 0.298077 0.0129496 0.0384349 0.00711238 
0.438413 0.291684 0.287129 0 0 0.0249736 0.0228245 
0.254285 0.153199 0.155039 0.0873786 0.144359 0 0 
0.413477 0.0539867 0.010989 0 0.0583739 0.0025436 0 

Sample_0 Sample_1 Sample_2 Sample_3 
0;1;2;39;40;41;42;43;44;45;46;47;48;49;50;51;52;53;54;55;56;57;58;59;60 8;9;10;11;12;13;14;15;16;17;18;19;20;21;22;23;24;25;26;27;28;29;31;32 30 76 77;78;79;80;81;82;83;84;85;86;87;88;89;90 3;4;6;7;33;35;36;37;38;61;62;63;64;65;66;67;68;69;70;71;74;75;91;92;93;96;97;98 5;34;72;73;94;95;99 

4
6
0.0607798 0.0603851 0.0768698 0.0142248 0.0258993 0.596154 
0.25692 0.52431 0.0499472 0.0456491 0 0 
0 0.176557 0 0 0.243663 0.134229 
0.688228 0.0168908 0.00508721 0 0.116748 0 
6
6
1 0 0 0 0 0 
1 1 0 0 0 0 
1 1 1 0 0 0 
1 0 0 1 0 0 
1 0 0 0 1 0 
1 0 0 0 0 1 

1 0.99514 0.949805 1 1 0.992376 
4
6
0.417156 0.0686275 0.0384349 0.00711238 0.0129496 0.298077 
0.438413 0.287129 0.0249736 0.0228245 0 0 
0.277225 0.0882786 0 0 0.121831 0.0671147 
0.413477 0.010989 0.0025436 0 0.0583739 0 

Sample_0 Sample_1 Sample_2 Sample_3 
0 2 5 6 4 3 

