1 #sols

5
11
0 0.0792079 0.0774386 0 0.201869 0.150305 0.056338 0 0.0739477 0 0 
0.0645995 0.0206186 0.110946 0 0.239881 0.199293 0.163043 0 0.162791 0.0268456 0 
0 0 0 0.026009 0.332708 0.324201 0.194444 0.0328947 0.229124 0 0.151515 
0 0.0746269 0 0 0.336615 0.358268 0.150754 0.128776 0.0651934 0.0440252 0.0800821 
0.241975 0 0 0.166205 0.472878 0.52168 0.264249 0.168717 0.229075 0 0 

Sample_0 Sample_1 Sample_2 Sample_3 Sample_4 
96;97;98;99 55;56 22;23;24;25;26;27;28;29;30;31;32;33;34;35;36;37;38;39;40;41;42;43;44;45;46;47;48 0;1;2;3;4;5;6;7;8;9;10 57;60;61;67;68;69;70;71;73;75;79;80;82;83;84;86 58;59;62;63;64;65;66;72;74;76;77;78;81;85;87 13;17 49;50;51;52;53;54 11;12;14;15;16;18;19;20;21 88;89;90 91;92;93;94;95 

5
8
0 0.112676 0 0 0 0 0.154877 0.136185 
0 0.192455 0 0.0536913 0 0 0.192378 0.0412371 
0.210738 0.0338406 0.30303 0 0.0520179 0.0657895 0 0 
0 0.053293 0.160164 0.0880503 0 0.257552 0 0.114172 
0.0798247 0.196087 0 0 0.33241 0.337434 0 0 
8
8
1 0 0 0 0 0 0 0 
1 1 0 0 0 0 0 0 
1 1 1 0 0 0 0 0 
1 1 0 1 0 0 0 0 
1 1 0 0 1 0 0 0 
1 0 0 0 0 1 0 0 
1 0 0 0 0 0 1 0 
1 0 0 0 0 0 0 1 

1 0.990957 0.912566 0.999984 0.999248 1 1 0.999997 
5
8
0.201869 0.056338 0 0 0 0 0.0774386 0.0680926 
0.239881 0.123073 0 0.0268456 0 0 0.0961892 0.0206186 
0.332708 0.194444 0.151515 0 0.026009 0.0328947 0 0 
0.336615 0.150754 0.0800821 0.0440252 0 0.128776 0 0.0570858 
0.472878 0.264249 0 0 0.166205 0.168717 0 0 

Sample_0 Sample_1 Sample_2 Sample_3 Sample_4 
4 6 10 9 3 7 2 1 

