1 #sols

4
10
0.203463 0.137931 0.0773931 0.02 0.016791 0 0.0216837 0.460317 0.0716846 0.339623 
0.0185185 0.0731707 0.486316 0.0185185 0.420195 0 0.442391 0.512876 0.463415 0.0145719 
0.145749 0 0.0412371 0.210526 0.0231317 0.088785 0.0304956 0.301556 0.00436681 0.204152 
0 0 0.0912779 0 0.116541 0.205742 0 0.354639 0 0 

Sample_0 Sample_1 Sample_2 Sample_3 
4;5;8;98;99 11 13;16;17;21;23;24;25;26;30;32 96 14;18;19;20;22;27;28;29;31;33;34 12;93;94;95 15;35;36;37;38;39;40;41;42;43;44;45;46;47;48;49;51;52;53;54;55;56;58;59;61;63;64;66;67;68;69;70 71;72;73;74;75;76;77;78;79;80;81;82;83;84;85;86;87;88;89 50;57;60;62;65 0;1;2;3;6;7;9;10;90;91;92;97 

4
7
0.0430603 0 0.04 0.111419 0.275862 0.406926 0.0433673 
0 0 0.037037 0 0.0411447 0.037037 0.884781 
0 0.098322 0.305842 0.0214831 0 0.192282 0.0609911 
0.115239 0.411483 0 0.182556 0 0 0 
7
7
1 0 0 0 0 0 0 
1 1 0 0 0 0 0 
1 0 1 0 0 0 0 
1 0 0 1 0 0 0 
1 0 0 0 1 0 0 
1 0 0 0 0 1 0 
1 0 0 1 0 0 1 

1 0.99999 0.922072 0.826796 0.999999 1 0.887003 
4
7
0.460317 0 0.02 0.0773931 0.137931 0.203463 0.0216837 
0.5 0 0.0185185 0.442391 0.0205723 0.0185185 0.442391 
0.33946 0.049161 0.152921 0.0412371 0 0.0961412 0.0304956 
0.354639 0.205742 0 0.0912779 0 0 0 

Sample_0 Sample_1 Sample_2 Sample_3 
7 5 3 2 1 0 6 

