gene_id	Sample_0	Sample_0	Sample_1	Sample_1	Sample_2	Sample_2	Sample_3	Sample_3
4;5;8;98;99	184	47	265	5	211	36	259	0
11	50	8	38	3	38	0	47	0
13;16;17;21;23;24;25;26;30;32	453	38	244	231	465	20	448	45
96	49	1	53	1	45	12	46	0
14;18;19;20;22;27;28;29;31;33;34	527	9	356	258	549	13	470	62
12;93;94;95	194	0	233	0	195	19	166	43
15;35;36;37;38;39;40;41;42;43;44;45;46;47;48;49;51;52;53;54;55;56;58;59;61;63;64;66;67;68;69;70	1534	34	905	718	1526	48	1612	0
71;72;73;74;75;76;77;78;79;80;81;82;83;84;85;86;87;88;89	510	435	454	478	718	310	626	344
50;57;60;62;65	259	20	132	114	228	1	238	0
0;1;2;3;6;7;9;10;90;91;92;97	385	198	541	8	460	118	573	0
