1 #sols

5
7
0.0980392 0 0 0.00421053 0 0 0 
0.144366 0.393728 0 0.0163934 0 0 0.0129702 
0.303266 0 0 0.00217865 0.124315 0.116667 0 
0.23588 0.090604 0.175405 0 0.0496141 0 0 
0.466667 0.00311526 0.0351035 0.105528 0 0 0 

Sample_0 Sample_1 Sample_2 Sample_3 Sample_4 
0;1;2;3;4;5;87;88;89;90;91;92 23;24;25;26;27;28 29;30;31;32;33;34;35;36;37;38;39;40;41;42;43;44;45;46;47;48;49 7;9;93;94;95;96;97;98;99 50;51;52;53;54;55;56;57;58;59;61;62;63;64;65;66;67;68;69;70;71;72;73;74;75;76;77;78;79;80;81;82;83;84;85;86 60 6;8;10;11;12;13;14;15;16;17;18;19;20;21;22 

5
6
0.187657 0 0 0 0.00842105 0 
0.230005 0.0259403 0 0 0.0327869 0 
0.12021 0 0.233333 0.248631 0.0043573 0 
0.0217223 0 0 0.0992282 0 0.35081 
0.652071 0 0 0 0.211055 0.070207 
6
6
1 0 0 0 0 0 
1 1 0 0 0 0 
1 0 1 0 0 0 
1 0 0 1 0 0 
1 0 0 0 1 0 
1 0 0 0 0 1 

1 1 0.996637 1 1 0.998435 
5
6
0.0980392 0 0 0 0.00421053 0 
0.144366 0.0129702 0 0 0.0163934 0 
0.303266 0 0.116667 0.124315 0.00217865 0 
0.23588 0 0 0.0496141 0 0.175405 
0.466667 0 0 0 0.105528 0.0351035 

Sample_0 Sample_1 Sample_2 Sample_3 Sample_4 
0 6 5 4 3 2 

