1 #sols

5
7
0.290828 0.168224 0.177606 0 0.079252 0.00734894 0 
0.462992 0.313725 0.121137 0.068917 0 0 0 
0.26997 0.194127 0.184124 0 0.0465753 0.0504943 0.00980392 
0.359649 0.0379747 0.0433347 0 0.0276046 0.11031 0.188889 
0.0552442 0 0 0.0431373 0 0 0 

Sample_0 Sample_1 Sample_2 Sample_3 Sample_4 
60;61;62;63;64;65;66;67;68;69;70;71;72 76;77;78;79;80;81 1;2;3;4;5;6;7;8;9;10;11;12;13;14;15;16;17;18;19;20;21;22;23;24 93;94;95;96;97;98;99 73;74;75;85;86;87;88;89;90;91;92 0;25;26;27;28;29;30;31;32;33;34;35;36;37;38;39;40;41;42;43;44;45;46;47;48;49;50;51;52;53;54;55;56;57;58;59;82;83 84 

5
6
0.0532412 0 0.0146979 0.158504 0 0.355212 
0.545876 0 0 0 0.137834 0.242274 
0 0.0196078 0.100989 0.0931507 0 0.368249 
0 0.377778 0.22062 0.0552093 0 0.0866694 
0.0242139 0 0 0 0.0862745 0 
6
6
1 0 0 0 0 0 
1 1 0 0 0 0 
1 0 1 0 0 0 
1 0 0 1 0 0 
1 0 0 0 1 0 
1 0 0 0 0 1 

1 0.995613 1 1 0.880569 1 
5
6
0.290828 0 0.00734894 0.079252 0 0.177606 
0.462992 0 0 0 0.068917 0.121137 
0.290998 0.00980392 0.0504943 0.0465753 0 0.184124 
0.370138 0.188889 0.11031 0.0276046 0 0.0433347 
0.0552442 0 0 0 0.0431373 0 

Sample_0 Sample_1 Sample_2 Sample_3 Sample_4 
0 6 5 4 3 2 

