gene_id	Sample_0	Sample_0	Sample_1	Sample_1	Sample_2	Sample_2	Sample_3	Sample_3	Sample_4	Sample_4
0;25;26;27;28;29;30;31;32;33;34;35;37;39;40;41;42;43;44;45;46;47;48;49;50;51;52;54;55;56;57;58;59;82;83;84	1709	7	1691	0	1714	62	1597	179	1785	0
1;2;3;4;5;6;8;9;10;11;12;13;14;15;16;18;19;21;22;23;24;79	926	187	943	116	894	192	1014	50	1139	0
7;17;20;76;77;80;81	293	59	261	97	285	55	340	4	360	0
60;61;62;63;64;65;66;67;68;69;70;71;72	472	163	338	278	482	155	433	231	613	34
93;94;95;96;97;98;99	338	0	353	21	312	0	339	0	327	24
36;38;53	146	0	156	0	119	16	130	19	136	0
85;86;87;88;89;90;91;92	360	24	404	0	381	16	397	0	346	0
78	37	9	39	13	31	13	59	5	45	0
73;74;75	141	14	131	0	166	0	135	12	135	0
