1 #sols

6
7
0 0 0.369565 0 0.314136 0.308492 0.26 
0.331013 0.050175 0 0 0 0.375953 0 
0.0839344 0 0 0.00319829 0.221675 0.470793 0.36 
0 0.273224 0 0 0 0.296041 0 
0 0 0.490741 0 0.45 0.502199 0.596154 
0 0.216743 0 0.0138298 0.075 0.462081 0.309524 

Sample_0 Sample_1 Sample_2 Sample_3 Sample_4 Sample_5 
12;55;56;57;58;59;60;61;62;63;64;65;66;67;68;69;70;71;72;73;74;75;76;77;78;79;80;81;82;83;84 13;14;15;35;36;37;38;39;40;41;42;43;44;45;46;47;48;49 8;9;10;11 16;17;18;19;20;21;22;23;24;25;26;27;28;29;30;31;32;33;34 50;51;52;53 0;1;2;3;4;5;6;7;85;86;87;88;89;90;91;92;93;94;95;96;97;98;99 54 

6
4
0.616984 0 0 0 
0 0 0.10035 0.651555 
0.767321 0.00639659 0 0.167869 
0.0456345 0 0.546448 0 
1 0 0 0 
0.463016 0.0276596 0.433486 0 
4
4
1 0 0 0 
1 1 0 0 
1 0 1 0 
1 0 0 1 

1 1 0.872734 0.992804 
6
4
0.308492 0 0 0 
0.375953 0 0.050175 0.325778 
0.470793 0.00319829 0 0.0839344 
0.296041 0 0.273224 0 
0.5 0 0 0 
0.462081 0.0138298 0.216743 0 

Sample_0 Sample_1 Sample_2 Sample_3 Sample_4 Sample_5 
5 3 1 0 

