1 #sols

5
14
0.065123 0.541667 0 0.0714286 0 0.088785 0.0781955 0.0697436 0 0.0821256 0.179104 0.11138 0.450226 0.033557 
0 0.206897 0 0.198413 0.121951 0 0.0860778 0 0.0185185 0 0.229333 0.266476 0.398217 0.125 
0.120208 0.373786 0.27096 0.0545455 0.0608466 0.0606061 0.0366901 0.00097561 0.320755 0.0283251 0.0466321 0.0909091 0.46262 0.0129032 
0 0.169312 0.184652 0 0 0 0 0 0.163636 0 0 0 0.169728 0 
0.045062 0.390476 0 0.09375 0 0.0491803 0.153481 0.182186 0 0.156 0.330846 0.32266 0.368947 0.174242 

Sample_0 Sample_1 Sample_2 Sample_3 Sample_4 
18;19;22;24;25;26;27;28;29;30;31;32;33;34;35;36;37;38;39;40;41;43;44;45;46;47;48 96;97 85;86;87;89;90;91;92;93 7 0;1;2;3 21;23 4;5;6;8;65;66;69;70;71;72;73;74;75 9;10;11;12;13;14;15;16;17;60 88 20;42;57;58;59;61;62;63 50;51;52;56 49;53;54;55 76;77;78;79;80;81;82;83;84;94;95;98;99 64;67;68 

5
7
0.129137 0.164251 0.156391 0.17757 0 0.142857 0.130246 
0 0 0.172156 0 0.243902 0.396825 0 
0.202797 0.0566502 0.0733802 0.121212 0.121693 0.109091 0.240417 
0.339456 0 0 0 0 0 0 
0 0.312 0.257903 0.0689978 0 0.0788225 0.0901239 
7
7
1 0 0 0 0 0 0 
1 1 0 0 0 0 0 
1 0 1 0 0 0 0 
1 0 0 1 0 0 0 
1 0 0 0 1 0 0 
1 0 0 0 0 1 0 
1 0 0 0 0 0 1 

1 1 1 1 1 0.999997 1 
5
7
0.450226 0.0821256 0.0781955 0.088785 0 0.0714286 0.065123 
0.406442 0 0.0860778 0 0.121951 0.198413 0 
0.46262 0.0283251 0.0366901 0.0606061 0.0608466 0.0545455 0.120208 
0.169728 0 0 0 0 0 0 
0.403924 0.156 0.128951 0.0344989 0 0.0394112 0.045062 

Sample_0 Sample_1 Sample_2 Sample_3 Sample_4 
12 9 6 5 4 3 0 

