MultiBinom clustering
Convergence threshold: 1.000000
Initial num clusters: 75
kmeans: True

Time taken: 14.355706
ARI: 0.765148
Cluster freq error: 0.006056
Num active clusters: 14
Cluster assignments
4
4
4
4
6
6
6
3
6
7
7
7
7
7
7
7
7
7
0
0
9
5
0
5
0
0
0
0
0
0
0
0
0
0
0
0
0
0
0
0
0
0
9
0
0
0
0
0
0
11
10
10
10
11
11
11
10
9
9
9
7
9
9
9
13
6
6
13
13
6
6
6
6
6
6
6
12
12
12
12
12
12
12
12
12
2
2
2
8
2
2
2
2
2
12
12
1
1
12
12
Alpha posterior values
0.0000 0.0000 149.5091 0.0000 0.0000 0.0000 7.0150 17.9134 0.0000 0.0000 0.0000 0.0000 33.5082 0.0000 0.0000 98.9458 64.0291 0.0000 0.0000 0.0000 70.0038 74.2668 43.6709 0.0000 597.6504 0.0000 0.0000 0.0000 15.1381 0.0000 0.0000 0.0000 0.0000 0.0000 0.0000 116.3496 0.0000 0.0000 0.0000 0.0000 0.0000 0.0000 0.0000 0.0000 0.0000 0.0000 0.0000 0.0000 0.0000 0.0000 0.0000 0.0000 0.0000 0.0000 0.0000 0.0000 0.0000 0.0000 0.0000 0.0000 0.0000 0.0000 0.0000 0.0000 0.0000 0.0000 0.0000 0.0000 0.0000 0.0000 0.0000 0.0000 0.0000 0.0000 0.0000 0.0000 0.0000 0.0000 0.0000 0.0000 0.0000 0.0000 0.0000 0.0000 0.0000 0.0000 0.0000 0.0000 0.0000 0.0000 0.0000 0.0000 0.0000 0.0000 0.0000 0.0000 0.0000 0.0000 0.0000 0.0000
0.0000 0.0000 0.0000 0.0000 0.0000 0.0000 24.9914 0.0000 0.0000 50.0000 0.0000 0.0000 0.0000 0.0000 0.0000 108.5816 0.0000 0.0000 2.0000 0.0000 0.0000 89.3860 89.5557 0.0000 536.1794 0.0000 0.0000 0.0000 42.4853 0.0000 0.0000 0.0000 0.0000 0.0000 0.0000 35.8206 0.0000 0.0000 0.0000 0.0000 0.0000 0.0000 0.0000 0.0000 0.0000 0.0000 0.0000 0.0000 0.0000 0.0000 0.0000 0.0000 0.0000 0.0000 0.0000 0.0000 0.0000 0.0000 0.0000 0.0000 0.0000 0.0000 0.0000 0.0000 0.0000 0.0000 0.0000 0.0000 0.0000 0.0000 0.0000 0.0000 0.0000 0.0000 0.0000 0.0000 0.0000 0.0000 0.0000 0.0000 0.0000 0.0000 0.0000 0.0000 0.0000 0.0000 0.0000 0.0000 0.0000 0.0000 0.0000 0.0000 0.0000 0.0000 0.0000 0.0000 0.0000 0.0000 0.0000 0.0000
0.0000 0.0000 283.0744 0.0000 219.3617 0.0000 5.9972 19.5866 0.0000 23.0000 0.0000 0.0000 33.5597 0.0000 0.0000 44.8823 1.3667 0.0000 37.6383 0.0000 21.3966 19.9864 32.9980 0.0000 625.1801 0.0000 0.0000 0.0000 6.1520 0.0000 0.0000 0.0000 0.0000 0.0000 0.0000 76.8199 0.0000 0.0000 0.0000 0.0000 0.0000 0.0000 0.0000 0.0000 0.0000 0.0000 0.0000 0.0000 0.0000 0.0000 0.0000 0.0000 0.0000 0.0000 0.0000 0.0000 0.0000 0.0000 0.0000 0.0000 0.0000 0.0000 0.0000 0.0000 0.0000 0.0000 0.0000 0.0000 0.0000 0.0000 0.0000 0.0000 0.0000 0.0000 0.0000 0.0000 0.0000 0.0000 0.0000 0.0000 0.0000 0.0000 0.0000 0.0000 0.0000 0.0000 0.0000 0.0000 0.0000 0.0000 0.0000 0.0000 0.0000 0.0000 0.0000 0.0000 0.0000 0.0000 0.0000 0.0000
0.0000 0.0000 0.0000 0.0000 152.3162 0.0000 0.0000 0.0000 0.0000 0.0000 0.0000 0.0000 0.0000 0.0000 0.0000 0.0000 0.0000 0.0000 19.6838 0.0000 0.0000 0.0000 0.0000 0.0000 231.1341 0.0000 0.0000 0.0000 0.0000 0.0000 0.0000 0.0000 0.0000 0.0000 0.0000 31.8659 0.0000 0.0000 0.0000 0.0000 0.0000 0.0000 0.0000 0.0000 0.0000 0.0000 0.0000 0.0000 0.0000 0.0000 0.0000 0.0000 0.0000 0.0000 0.0000 0.0000 0.0000 0.0000 0.0000 0.0000 0.0000 0.0000 0.0000 0.0000 0.0000 0.0000 0.0000 0.0000 0.0000 0.0000 0.0000 0.0000 0.0000 0.0000 0.0000 0.0000 0.0000 0.0000 0.0000 0.0000 0.0000 0.0000 0.0000 0.0000 0.0000 0.0000 0.0000 0.0000 0.0000 0.0000 0.0000 0.0000 0.0000 0.0000 0.0000 0.0000 0.0000 0.0000 0.0000 0.0000
0.0000 0.0000 102.8731 0.0000 0.0000 0.0000 9.0405 10.4715 0.0000 0.0000 0.0000 0.0000 17.9826 0.0000 0.0000 182.9448 172.0191 0.0000 0.0000 0.0000 122.6047 141.2283 122.6705 0.0000 480.3483 0.0000 0.0000 0.0000 57.1650 0.0000 0.0000 0.0000 0.0000 0.0000 0.0000 81.6517 0.0000 0.0000 0.0000 0.0000 0.0000 0.0000 0.0000 0.0000 0.0000 0.0000 0.0000 0.0000 0.0000 0.0000 0.0000 0.0000 0.0000 0.0000 0.0000 0.0000 0.0000 0.0000 0.0000 0.0000 0.0000 0.0000 0.0000 0.0000 0.0000 0.0000 0.0000 0.0000 0.0000 0.0000 0.0000 0.0000 0.0000 0.0000 0.0000 0.0000 0.0000 0.0000 0.0000 0.0000 0.0000 0.0000 0.0000 0.0000 0.0000 0.0000 0.0000 0.0000 0.0000 0.0000 0.0000 0.0000 0.0000 0.0000 0.0000 0.0000 0.0000 0.0000 0.0000 0.0000
Beta posterior values
0.0000 0.0000 2219.7666 0.0000 773.8448 0.0000 91.2103 198.6641 0.0000 390.0000 0.0000 0.0000 383.8179 0.0000 0.0000 1160.3122 859.3627 0.0000 114.1552 0.0000 784.0069 350.8215 345.8491 0.0000 729.4443 0.0000 0.0000 0.0000 354.1888 0.0000 0.0000 0.0000 0.0000 0.0000 0.0000 98.5557 0.0000 0.0000 0.0000 0.0000 0.0000 0.0000 0.0000 0.0000 0.0000 0.0000 0.0000 0.0000 0.0000 0.0000 0.0000 0.0000 0.0000 0.0000 0.0000 0.0000 0.0000 0.0000 0.0000 0.0000 0.0000 0.0000 0.0000 0.0000 0.0000 0.0000 0.0000 0.0000 0.0000 0.0000 0.0000 0.0000 0.0000 0.0000 0.0000 0.0000 0.0000 0.0000 0.0000 0.0000 0.0000 0.0000 0.0000 0.0000 0.0000 0.0000 0.0000 0.0000 0.0000 0.0000 0.0000 0.0000 0.0000 0.0000 0.0000 0.0000 0.0000 0.0000 0.0000 0.0000
0.0000 0.0000 2243.9996 0.0000 775.7687 0.0000 101.1180 199.1101 0.0000 360.0000 0.0000 0.0000 384.2719 0.0000 0.0000 1161.9755 993.3625 0.0000 116.2313 0.0000 809.8863 299.1737 245.5003 0.0000 810.6763 0.0000 0.0000 0.0000 311.6021 0.0000 0.0000 0.0000 0.0000 0.0000 0.0000 137.3237 0.0000 0.0000 0.0000 0.0000 0.0000 0.0000 0.0000 0.0000 0.0000 0.0000 0.0000 0.0000 0.0000 0.0000 0.0000 0.0000 0.0000 0.0000 0.0000 0.0000 0.0000 0.0000 0.0000 0.0000 0.0000 0.0000 0.0000 0.0000 0.0000 0.0000 0.0000 0.0000 0.0000 0.0000 0.0000 0.0000 0.0000 0.0000 0.0000 0.0000 0.0000 0.0000 0.0000 0.0000 0.0000 0.0000 0.0000 0.0000 0.0000 0.0000 0.0000 0.0000 0.0000 0.0000 0.0000 0.0000 0.0000 0.0000 0.0000 0.0000 0.0000 0.0000 0.0000 0.0000
0.0000 0.0000 2013.4723 0.0000 591.8548 0.0000 104.1440 187.9749 0.0000 355.0000 0.0000 0.0000 373.6310 0.0000 0.0000 1182.9889 970.0177 0.0000 80.1452 0.0000 817.5003 383.0791 334.5833 0.0000 726.6844 0.0000 0.0000 0.0000 357.6087 0.0000 0.0000 0.0000 0.0000 0.0000 0.0000 128.3156 0.0000 0.0000 0.0000 0.0000 0.0000 0.0000 0.0000 0.0000 0.0000 0.0000 0.0000 0.0000 0.0000 0.0000 0.0000 0.0000 0.0000 0.0000 0.0000 0.0000 0.0000 0.0000 0.0000 0.0000 0.0000 0.0000 0.0000 0.0000 0.0000 0.0000 0.0000 0.0000 0.0000 0.0000 0.0000 0.0000 0.0000 0.0000 0.0000 0.0000 0.0000 0.0000 0.0000 0.0000 0.0000 0.0000 0.0000 0.0000 0.0000 0.0000 0.0000 0.0000 0.0000 0.0000 0.0000 0.0000 0.0000 0.0000 0.0000 0.0000 0.0000 0.0000 0.0000 0.0000
0.0000 0.0000 2330.0403 0.0000 670.3650 0.0000 110.2002 206.1459 0.0000 400.0000 0.0000 0.0000 393.0744 0.0000 0.0000 1261.1517 944.4546 0.0000 101.6350 0.0000 774.9113 390.4312 389.2084 0.0000 1130.7873 0.0000 0.0000 0.0000 355.3821 0.0000 0.0000 0.0000 0.0000 0.0000 0.0000 156.2127 0.0000 0.0000 0.0000 0.0000 0.0000 0.0000 0.0000 0.0000 0.0000 0.0000 0.0000 0.0000 0.0000 0.0000 0.0000 0.0000 0.0000 0.0000 0.0000 0.0000 0.0000 0.0000 0.0000 0.0000 0.0000 0.0000 0.0000 0.0000 0.0000 0.0000 0.0000 0.0000 0.0000 0.0000 0.0000 0.0000 0.0000 0.0000 0.0000 0.0000 0.0000 0.0000 0.0000 0.0000 0.0000 0.0000 0.0000 0.0000 0.0000 0.0000 0.0000 0.0000 0.0000 0.0000 0.0000 0.0000 0.0000 0.0000 0.0000 0.0000 0.0000 0.0000 0.0000 0.0000
0.0000 0.0000 2177.0484 0.0000 807.1701 0.0000 87.1153 190.5088 0.0000 401.0000 0.0000 0.0000 368.6211 0.0000 0.0000 1012.2888 763.1953 0.0000 81.8299 0.0000 658.3075 285.7841 257.9365 0.0000 821.7011 0.0000 0.0000 0.0000 276.1942 0.0000 0.0000 0.0000 0.0000 0.0000 0.0000 127.2989 0.0000 0.0000 0.0000 0.0000 0.0000 0.0000 0.0000 0.0000 0.0000 0.0000 0.0000 0.0000 0.0000 0.0000 0.0000 0.0000 0.0000 0.0000 0.0000 0.0000 0.0000 0.0000 0.0000 0.0000 0.0000 0.0000 0.0000 0.0000 0.0000 0.0000 0.0000 0.0000 0.0000 0.0000 0.0000 0.0000 0.0000 0.0000 0.0000 0.0000 0.0000 0.0000 0.0000 0.0000 0.0000 0.0000 0.0000 0.0000 0.0000 0.0000 0.0000 0.0000 0.0000 0.0000 0.0000 0.0000 0.0000 0.0000 0.0000 0.0000 0.0000 0.0000 0.0000 0.0000
Cluster phi posterior values
0.0627 0.5417 0.0000 0.0670 0.0000 0.0787 0.0780 0.0685 0.0000 0.0811 0.1735 0.1105 0.4503 0.0390
0.0000 0.2046 0.0000 0.1958 0.1205 0.0000 0.0849 0.0000 0.0126 0.0000 0.2289 0.2662 0.3980 0.1183
0.1229 0.3737 0.2699 0.0504 0.0590 0.0808 0.0359 0.0005 0.3179 0.0245 0.0478 0.0880 0.4624 0.0148
0.0000 0.1671 0.1845 0.0000 0.0000 0.0000 0.0000 0.0000 0.1593 0.0000 0.0000 0.0000 0.1693 0.0000
0.0447 0.3901 0.0000 0.0897 0.0000 0.0446 0.1525 0.1833 0.0000 0.1562 0.3301 0.3216 0.3687 0.1699
