gene_id	Sample_0	Sample_0	Sample_1	Sample_1	Sample_2	Sample_2	Sample_3	Sample_3	Sample_4	Sample_4
60;61;62;63;64;65;66;67;68;69;70;71;72	472	163	338	278	482	155	433	231	613	34
2;3;5;6;7;8;9;10;11;13;14;15;16;17;18;19;20;21;24;76;77;78;79;80;81	1078	219	1005	210	999	206	1205	55	1274	0
1;4;12;22;23	178	36	238	16	211	54	208	4	270	0
93;94;95;96;97;98;99	338	0	353	21	312	0	339	0	327	24
85;86;87;88;89;90;91;92	360	24	404	0	381	16	397	0	346	0
31;42;50;73;74;75	262	17	268	0	323	0	273	32	288	0
25;27;32;39;40;44;55;57;58	408	4	422	0	412	15	417	30	464	0
0;26;29;30;33;34;35;36;38;41;43;46;47;48;49;51;52;53;54;56;59;83	1070	0	1037	0	990	63	946	120	1064	0
28;37;45;82;84	256	0	251	0	274	0	226	28	240	0
