1 #sols

5
9
0.256693 0.168851 0.168224 0 0.0625 0.0609319 0.00970874 0 0 
0.451299 0.17284 0.0629921 0.0561497 0 0 0 0 0 
0.243328 0.170954 0.203774 0 0.0403023 0 0.0351288 0.0598291 0 
0.347892 0.0436508 0.0188679 0 0 0.104918 0.0671141 0.11257 0.110236 
0.0525502 0 0 0.0683761 0 0 0 0 0 

Sample_0 Sample_1 Sample_2 Sample_3 Sample_4 
60;61;62;63;64;65;66;67;68;69;70;71;72 2;3;5;6;7;8;9;10;11;13;14;15;16;17;18;19;20;21;24;76;77;78;79;80;81 1;4;12;22;23 93;94;95;96;97;98;99 85;86;87;88;89;90;91;92 31;42;50;73;74;75 25;27;32;39;40;44;55;57;58 0;26;29;30;33;34;35;36;38;41;43;46;47;48;49;51;52;53;54;56;59;83 28;37;45;82;84 

5
7
0 0 0 0.0194175 0.121864 0.125 0.337702 
0.556918 0 0 0 0 0 0.345679 
0 0 0.119658 0.0364455 0 0.0806045 0.341909 
0 0.162479 0.225141 0.134228 0.209836 0 0.0616292 
0.1051 0 0 0 0 0 0 
7
7
1 0 0 0 0 0 0 
1 1 0 0 0 0 0 
1 0 1 0 0 0 0 
1 0 0 1 0 0 0 
1 0 0 0 1 0 0 
1 0 0 0 0 1 0 
1 0 0 0 0 0 1 

1 0.999988 1 1 0.999998 1 0.999887 
5
7
0.301992 0 0 0.00970874 0.0609319 0.0625 0.168851 
0.451299 0 0 0 0 0 0.17284 
0.289308 0 0.0598291 0.0182228 0 0.0403023 0.170954 
0.396657 0.0812395 0.11257 0.0671141 0.104918 0 0.0308146 
0.0525502 0 0 0 0 0 0 

Sample_0 Sample_1 Sample_2 Sample_3 Sample_4 
0 8 7 6 5 4 1 

