1 #sols

4
8
0.266733 0.26508 0.0172777 0.478191 0.187203 0.156946 0.0092723 0.138851 
0 0 0.0227045 0.392421 0.257678 0.242649 0.151503 0.190998 
0.298457 0.266469 0.0831854 0.46275 0.177755 0.182342 0.00543125 0 
0.185577 0 0 0.183875 0 0 0 0 

Sample_0 Sample_1 Sample_2 Sample_3 
55;56 88;89;90 91;92;93;94;95;96;97;98;99 57;58;59;60;61;62;63;64;65;66;67;68;69;70;71;72;73;74;75;76;77;78;79;80;81;82;83;84;85;86;87 13;14;16;17 11;12;15;18;19;20;21 0;1;2;3;4;5;6;7;8;9;10;49;50;51;52;53;54 22;23;24;25;26;27;28;29;30;31;32;33;34;35;36;37;38;39;40;41;42;43;44;45;46;47;48 

4
5
0.0954181 0.277703 0.0185446 0.0345553 0.530161 
0.0544305 0.381997 0.303006 0.045409 0 
0.215328 0 0.0108625 0.166371 0.532938 
0.367749 0 0 0 0 
5
5
1 0 0 0 0 
1 1 0 0 0 
1 0 1 0 0 
1 0 0 1 0 
1 0 0 0 1 

1 1 1 1 1 
4
5
0.478191 0.138851 0.0092723 0.0172777 0.26508 
0.392421 0.190998 0.151503 0.0227045 0 
0.46275 0 0.00543125 0.0831854 0.266469 
0.183875 0 0 0 0 

Sample_0 Sample_1 Sample_2 Sample_3 
3 7 6 2 1 

