gene_id	Sample_0	Sample_0	Sample_1	Sample_1	Sample_2	Sample_2	Sample_3	Sample_3	Sample_4	Sample_4
59;60;61;62;63;64;65;66;67;68;69;70;71;72;73;74;75;76;77;78;79;80	21616	81	22364	0	22016	0	22332	0	18782	2977
24;25;26;27;28;29;30;31;32;33;34	11162	0	9385	1751	9233	1689	7224	3717	10945	0
95;96;97;98;99	3785	1300	2554	2453	3621	1439	2657	2365	3706	1316
81;82;83;84;85;86;87;88;89;90;91;92;93	12625	216	12120	844	13138	0	12966	0	13115	0
4;5;6;7;8;9;10;11;12;13;14;35;36;37;38;39;40;41;42;43;44;45;46;47;48;49;50;51;52;53;54;55;56;57;58	26175	8653	27166	7934	25039	9894	23031	11834	30811	4372
19;20;21;22;23	5068	0	4120	772	4775	153	3173	1727	4978	0
0;1;2;3	3976	0	3997	7	3561	492	3985	0	4027	0
94	724	243	817	231	764	286	660	351	715	270
15;16;17;18	3179	972	3455	613	2806	1082	2593	1358	3487	515
