2 #sols

5
9
0.00373324 0 0.255654 0.0168211 0.24845 0 0 0.251293 0.23416 
0 0.157238 0.489914 0.0651034 0.22604 0.157809 0.00174825 0.22042 0.150688 
0 0.154642 0.284387 0 0.283228 0.0310471 0.121392 0.272381 0.278292 
0 0.339731 0.470928 0 0.339423 0.352449 0 0.347181 0.34371 
0.136817 0 0.262047 0 0.124265 0 0 0.274112 0.128686 

Sample_0 Sample_1 Sample_2 Sample_3 Sample_4 
59;60;61;62;63;64;65;66;67;68;69;70;71;72;73;74;75;76;77;78;79;80 24;25;26;27;28;29;30;31;32;33;34 95;96;97;98;99 81;82;83;84;85;86;87;88;89;90;91;92;93 4;5;6;7;8;9;10;11;12;13;14;35;36;37;38;39;40;41;42;43;44;45;46;47;48;49;50;51;52;53;54;55;56;57;58 19;20;21;22;23 0;1;2;3 94 15;16;17;18 

5
5
0.470199 0 0.0336422 0 0.00746647 
0.531649 0.0034965 0.130207 0.314476 0 
0.0167076 0.242783 0 0.309284 0 
0.262393 0 0 0.679463 0 
0.25046 0 0 0 0.273634 
5
5
1 0 0 0 0 
1 1 0 0 0 
1 0 1 0 0 
1 0 0 1 0 
1 0 0 0 1 

1 1 1 1 1 
5
5
0.255654 0 0.0168211 0 0.00373324 
0.489914 0.00174825 0.0651034 0.157238 0 
0.284387 0.121392 0 0.154642 0 
0.470928 0 0 0.339731 0 
0.262047 0 0 0 0.136817 

Sample_0 Sample_1 Sample_2 Sample_3 Sample_4 
2 6 3 1 0 

5
5
0.470199 0 0 0.0336422 0.00746647 
0.530508 0.0034965 0.315617 0.130207 0 
0.263897 0.242783 0.0620942 0 0 
0.236958 0 0.704898 0 0 
0.25046 0 0 0 0.273634 
5
5
1 0 0 0 0 
1 1 0 0 0 
1 0 1 0 0 
1 0 0 1 0 
1 0 0 0 1 

1 1 1 1 1 
5
5
0.255654 0 0 0.0168211 0.00373324 
0.489914 0.00174825 0.157809 0.0651034 0 
0.284387 0.121392 0.0310471 0 0 
0.470928 0 0.352449 0 0 
0.262047 0 0 0 0.136817 

Sample_0 Sample_1 Sample_2 Sample_3 Sample_4 
2 6 5 3 0 

