gene_id	Sample_0	Sample_0	Sample_1	Sample_1	Sample_2	Sample_2	Sample_3	Sample_3	Sample_4	Sample_4
0;1;2;3;4;5	5982	0	5723	132	4571	1568	4730	1266	3261	2743
50;51;52;53;54;55;56;57;58;59;60;61;62;63;64;65;66;67;68;69;70;71;72;73;74;75;76;77;78;79;80;81;82;83;84;85;86	36802	0	36742	0	32368	4486	35528	1597	37237	0
6;7;8;9;10;11;12;13;14;15;16;17;18;19;20;21;22	16896	125	16890	280	16901	0	16907	0	16662	0
89	981	0	1048	0	726	252	1036	0	723	332
87	892	150	933	19	761	277	830	213	500	446
93;94;95;96;97;98;99	6960	0	6781	155	7072	9	7046	0	6191	845
23;24;25;26;27;28	6198	0	3783	2098	6092	0	5201	726	5994	2
88;90;91;92	2949	1044	2425	1517	2455	1650	2544	1430	2193	1834
29;30;31;32;33;34;35;36;37;38;39;40;41;42;43;44;45;46;47;48;49	20851	0	21128	0	21099	0	16704	4322	20095	853
