1 #sols

4
11
0 0 0.273171 0.276316 0.0350195 0.0342298 0.133639 0.17551 0.515644 0.227723 0.435986 
0.0375 0.155436 0 0 0.00808081 0.119898 0.178007 0.246291 0.386234 0.136364 0.40483 
0.118863 0.00328677 0.329843 0.210191 0.0701754 0.00257732 0 0.169625 0.47795 0.223404 0.443206 
0 0 0.165049 0 0 0 0 0 0.177193 0 0.213362 

Sample_0 Sample_1 Sample_2 Sample_3 
96;97;98;99 0;1;2;3;4;5;6;7;8;9;10;50;54 55;56 88;89;90 91;92;93;94;95 49;51;52;53 22;23;24;25;26;27;28;29;30;31;32;33;34;35;36;37;38;39;40;41;42;43;44;45;46;47;48 11;12;13;14;15;16;17;19;20;21 57;58;60;63;67;68;69;70;71;74;75;76;79;82;84;85;87 18 59;61;62;64;65;66;72;73;77;78;80;81;83;86 

4
7
0.0415923 0.267278 0.0684597 0.0700389 0.552632 0 0 
0 0.319597 0.196825 0.0161616 0 0.262276 0.0380964 
0.145713 0 0.00515464 0.140351 0.420382 0.00657354 0.237726 
0.354386 0 0 0 0 0 0 
7
7
1 0 0 0 0 0 0 
1 1 0 0 0 0 0 
1 0 1 0 0 0 0 
1 0 0 1 0 0 0 
1 0 0 0 1 0 0 
1 0 0 0 0 1 0 
1 0 0 0 0 0 1 

1 1 1 1 1 1 1 
4
7
0.5 0.133639 0.0342298 0.0350195 0.276316 0 0 
0.416478 0.159799 0.0984124 0.00808081 0 0.131138 0.0190482 
0.47795 0 0.00257732 0.0701754 0.210191 0.00328677 0.118863 
0.177193 0 0 0 0 0 0 

Sample_0 Sample_1 Sample_2 Sample_3 
8 6 5 4 3 1 0 

