1 #sols

4
7
0.496953 0.157522 0.1334 0 0.297179 0.0059499 0.1532 
0.182449 0.130935 0.104508 0.0221574 0.0248284 0 0 
0.339557 0 0 0 0 0.200662 0 
0.22595 0.205599 0.186718 0.196503 0 0 0.00369728 

Sample_0 Sample_1 Sample_2 Sample_3 
16;17;18;19;65;66;67;68;69;70;76;77;78;79;80;81;82;83;84;85;86 87;88;89;91;92;93;94;95;96;97;98;99 90 71;72;73;74;75 3;4;5;6;7;8;9;10;11;12;13;14;15 0;1;2;20;21;22;23;24;25;26;27;28;29;30;31;32;33;34;35;36;37;38;39;40;41;42 43;44;45;46;47;48;49;50;51;52;53;54;55;56;57;58;59;60;61;62;63;64 

4
5
0.0812491 0.306401 0.0118998 0.594357 0 
0.270926 0 0 0.0496569 0.0443149 
0.27779 0 0.401324 0 0 
0.0515 0.00739456 0 0 0.393006 
5
5
1 0 0 0 0 
1 1 0 0 0 
1 0 1 0 0 
1 0 0 1 0 
1 0 0 0 1 

1 1 1 1 0.999998 
4
5
0.496953 0.1532 0.0059499 0.297179 0 
0.182449 0 0 0.0248284 0.0221574 
0.339557 0 0.200662 0 0 
0.22595 0.00369728 0 0 0.196503 

Sample_0 Sample_1 Sample_2 Sample_3 
0 6 5 4 3 

