1 #sols

4
9
0.445419 0.206522 0.225589 0.262332 0.148515 0 0 0 0.0238095 
0.471483 0.0454545 0 0.157187 0.2 0.0148936 0.25489 0.218182 0 
0.40613 0.352381 0.34471 0 0 0 0.0373269 0 0 
0.503274 0.391304 0 0 0 0.122596 0 0 0 

Sample_0 Sample_1 Sample_2 Sample_3 
35;36;37;38;39;40;41;42;43;44;45;46;47;48;49;50;51;52;53;54;55 98;99 30;31;32;33;34;56 3;4;5;6;7;8;9;10;11;12;13;14;16;18;20;21;23;24;26 0;1;2;15;17;19;22;25 27;28;57;92;93;94;95;96;97 58;59;60;61;62;63;64;65;66;67;68;69;70;71;72;73;74;75;76;77;78;79;80;81;82;83;84;86;87;88;89;90;91 85 29 

4
7
0.095011 0.047619 0 0 0 0.29703 0.451178 
0 0 0.211988 0.456847 0.0109693 0.305314 0 
0.0481869 0 0 0.0746538 0 0 0.68942 
0.754808 0 0 0 0.245192 0 0 
7
7
1 0 0 0 0 0 0 
1 1 0 0 0 0 0 
1 0 1 0 0 0 0 
1 0 0 1 0 0 0 
1 0 0 0 1 0 0 
1 0 0 0 0 1 0 
1 0 0 0 0 0 1 

1 1 0.999911 1 1 1 0.971248 
4
7
0.445419 0.0238095 0 0 0 0.148515 0.225589 
0.492559 0 0.105994 0.228423 0.00548467 0.152657 0 
0.40613 0 0 0.0373269 0 0 0.34471 
0.5 0 0 0 0.122596 0 0 

Sample_0 Sample_1 Sample_2 Sample_3 
0 8 7 6 5 4 2 

