1 #sols

6
10
0 0.344214 0.13394 0.138514 0.127114 0 0.186047 0.46114 0.15 0.0732496 
0.294393 0.487332 0 0.399329 0.286151 0.0798387 0 0.495 0.420709 0 
0 0.0574018 0 0 0 0 0 0.0679612 0 0.0756484 
0 0.466867 0 0.222222 0 0 0 0.489011 0.141994 0.236204 
0.0315789 0.443983 0.106286 0.386719 0.159838 0 0.0862069 0.5 0.451039 0 
0 0.438066 0.229152 0.228374 0.262525 0.192371 0.333333 0.445545 0.262597 0.00509461 

Sample_0 Sample_1 Sample_2 Sample_3 Sample_4 Sample_5 
43;44 91;92;94;95;96;97;98 13;14;15;16;17;18;19;20;21;22;23;24;25;26;27 3;5;8 71;72;73;74;75;76;77;78;79;80;81;82;83;84;85;86;87;88;89;90 45;46;47;48;49;50;51;52;53;54;55;56 28 93;99 0;1;2;4;6;7;9;10;11;12 29;30;31;32;33;34;35;36;37;38;39;40;41;42;57;58;59;60;61;62;63;64;65;66;67;68;69;70 

6
4
0.654399 0 0.26788 0 
0.241538 0.159677 0 0.588785 
0.135922 0 0 0 
0.978022 0 0 0 
0.724269 0 0.212573 0.0631579 
0.048042 0.384743 0.458304 0 
4
4
1 0 0 0 
1 1 0 0 
1 0 1 0 
1 0 0 1 

1 1 1 0.999986 
6
4
0.46114 0 0.13394 0 
0.495 0.0798387 0 0.294393 
0.0679612 0 0 0 
0.489011 0 0 0 
0.5 0 0.106286 0.0315789 
0.445545 0.192371 0.229152 0 

Sample_0 Sample_1 Sample_2 Sample_3 Sample_4 Sample_5 
7 5 2 0 

