gene_id	Sample_0	Sample_0	Sample_1	Sample_1	Sample_2	Sample_2	Sample_3	Sample_3	Sample_4	Sample_4	Sample_5	Sample_5
43;44	193	0	151	63	225	0	183	0	184	6	204	0
91;92;94;95;96;97;98	442	232	344	327	624	38	354	310	402	321	372	290
13;14;15;16;17;18;19;20;21;22;23;24;25;26;27	1332	206	1550	0	1507	0	1514	0	1379	164	1100	327
3;5;8	255	41	179	119	299	0	224	64	157	99	223	66
71;72;73;74;75;76;77;78;79;80;81;82;83;84;85;86;87;88;89;90	1703	248	1402	562	1941	0	2063	0	1661	316	1472	524
45;46;47;48;49;50;51;52;53;54;55;56	1151	0	1141	99	1168	0	1268	0	1254	0	974	232
28	70	16	112	0	91	0	107	0	106	10	60	30
93;99	104	89	101	99	192	14	93	89	109	109	112	90
0;1;2;4;6;7;9;10;11;12	850	150	621	451	1090	0	852	141	555	456	761	271
29;30;31;32;33;34;35;36;37;38;39;40;41;42;57;58;59;60;61;62;63;64;65;66;67;68;69;70	2581	204	2770	0	2566	210	2173	672	2810	0	2734	14
