1 #sols

5
11
0.169154 0 0.461538 0.211129 0.261826 0.0399061 0.530201 0 0.225049 0.037931 0 
0.129534 0 0.300613 0.243671 0 0 0.212025 0.0299252 0.17284 0.0285714 0.0480769 
0 0.039886 0.423358 0.264274 0 0 0.254613 0.0701357 0.106599 0 0.116071 
0 0.252137 0.453947 0.140157 0.12234 0 0.523622 0 0.100559 0.101933 0 
0.0714286 0 0.415584 0.401527 0 0.242678 0.376543 0.0889423 0.376963 0 0 

Sample_0 Sample_1 Sample_2 Sample_3 Sample_4 
0;1;2;3 72;73;74;75;76;77;78;79;80;81;82;83;84;85 7;11;12 86;87;88;89;90;92;93;94;95;96;97;98;99 36;37;38;39;40;41;42;43;44;45;46;47;48;49;50;51;52;53 54;55;56;57;58;59;60;61;62 5;6;8;9;10;13 63;64;65;67;68;69;70;71 26;27;28;29;30;31;32;33;34;35;91 14;15;16;17;18;19;20;21;22;23;24;25 4;66 

5
9
0 0.00981079 0 0.0798122 0.338308 0 0.0434576 0.451688 0 
0.102251 0.0267613 0.0598504 0 0.259067 0.0961538 0.0571429 0 0 
0.321602 0.0729265 0.140271 0 0 0.232143 0 0 0.0797721 
0 0.142626 0 0 0 0 0.146406 0.244681 0.424096 
0.0772421 0 0.177885 0.433185 0.142857 0 0 0 0 
9
9
1 0 0 0 0 0 0 0 0 
1 1 0 0 0 0 0 0 0 
1 1 1 0 0 0 0 0 0 
1 1 0 1 0 0 0 0 0 
1 1 0 0 1 0 0 0 0 
1 0 0 0 0 1 0 0 0 
1 0 0 0 0 0 1 0 0 
1 0 0 0 0 0 0 1 0 
1 0 0 0 0 0 0 0 1 

1 0.811914 0.977844 0.999999 0.916179 1 1 0.999999 0.999999 
5
9
0.461538 0.213966 0 0.0399061 0.169154 0 0.0217288 0.225844 0 
0.300613 0.17284 0.0299252 0 0.129534 0.0480769 0.0285714 0 0 
0.423358 0.106599 0.0701357 0 0 0.116071 0 0 0.039886 
0.478904 0.071313 0 0 0 0 0.0732028 0.12234 0.212048 
0.415584 0.376963 0.0889423 0.216592 0.0714286 0 0 0 0 

Sample_0 Sample_1 Sample_2 Sample_3 Sample_4 
2 8 7 5 0 10 9 4 1 

