1 #sols

5
9
0 0.256047 0.478407 0 0.0447371 0.0462342 0.221259 0.125808 0.21996 
0 0 0.263878 0.0308865 0 0.0207245 0.184699 0.144584 0.260728 
0.0461332 0 0.293765 0.0945582 0 0 0.0890172 0 0.254273 
0.259291 0.125486 0.48999 0 0 0.102805 0.117189 0.00566502 0.111048 
0 0 0.377344 0.065002 0.231515 0 0.384639 0.0707245 0.370449 

Sample_0 Sample_1 Sample_2 Sample_3 Sample_4 
72;73;74;75;76;77;78;79;80;81;82;83;84;85 36;37;38;39;40;41;42;43;44;45;46;47;48;49;50;51;52;53 5;6;7;8;9;10;11;12;13 4;63;64;65;66;67;68;69;70;71 54;55;56;57;58;59;60;61;62 14;15;16;17;18;19;20;21;22;23;24;25 26;27;28;29;30;31;32;33;34;35 0;1;2;3 86;87;88;89;90;91;92;93;94;95;96;97;98;99 

5
7
0.0111607 0.251616 0.0924683 0.0894743 0 0.512095 0 
0.135366 0.289169 0.041449 0 0.061773 0 0 
0.306147 0 0 0 0.189116 0 0.0922663 
0 0.01133 0.205611 0 0 0.250972 0.512067 
0.020205 0.141449 0 0.46303 0.130004 0 0 
7
7
1 0 0 0 0 0 0 
1 1 0 0 0 0 0 
1 0 1 0 0 0 0 
1 0 0 1 0 0 0 
1 0 0 0 1 0 0 
1 0 0 0 0 1 0 
1 0 0 0 0 0 1 

1 1 1 1 1 1 1 
5
7
0.478407 0.125808 0.0462342 0.0447371 0 0.256047 0 
0.263878 0.144584 0.0207245 0 0.0308865 0 0 
0.293765 0 0 0 0.0945582 0 0.0461332 
0.48999 0.00566502 0.102805 0 0 0.125486 0.256033 
0.377344 0.0707245 0 0.231515 0.065002 0 0 

Sample_0 Sample_1 Sample_2 Sample_3 Sample_4 
2 7 5 4 3 1 0 

