2 #sols

4
9
0.413064 0.0958512 0 0.205011 0.133106 0 0.13738 0.0645161 0.0899767 
0.371058 0.161103 0 0.159343 0 0.172798 0.191489 0.172316 0 
0.411654 0 0.0206422 0.0184187 0.183801 0 0.0352113 0 0 
0.398789 0.0150602 0.127112 0.128658 0 0.259343 0.195513 0 0.000911577 

Sample_0 Sample_1 Sample_2 Sample_3 
31;32;33;34;35;36;37;38;39;40;41 57;59;60;62;63;64;65 18;19;20;21;22;23;24;25;26;27;28;29;30 67;68;69;70;72;73;74;75;76;77;78;79;80;81;82;83;84;85;87;88;89;90 15;16;17 48;49;50;51;52;53;54;55;56 66;71;86 58;61;91;92;93;94;95;96;97;98;99 0;1;2;3;4;5;6;7;8;9;10;11;12;13;14;42;43;44;45;46;47 

4
7
0 0.083058 0 0.191702 0.156124 0.129032 0.266212 
0.0145035 0.0607726 0 0.322206 0 0.344633 0 
0.385284 0.0291381 0.0412844 0 0 0 0.367601 
0.404729 0.10668 0.254225 0.0301205 0.00182315 0 0 
7
7
1 0 0 0 0 0 0 
1 1 0 0 0 0 0 
1 1 1 0 0 0 0 
1 1 0 1 0 0 0 
1 0 0 0 1 0 0 
1 0 0 0 0 1 0 
1 0 0 0 0 0 1 

1 1 0.937997 0.877823 1 1 1 
4
7
0.413064 0.13738 0 0.0958512 0.0780622 0.0645161 0.133106 
0.371058 0.191489 0 0.161103 0 0.172316 0 
0.411654 0.0352113 0.0206422 0 0 0 0.183801 
0.398789 0.195513 0.127112 0.0150602 0.000911577 0 0 

Sample_0 Sample_1 Sample_2 Sample_3 
0 6 2 1 8 7 4 

4
7
0 0.083058 0.191702 0.179953 0.129032 0.266212 0 
0.0145035 0.0607726 0.322206 0 0.344633 0 0 
0.344 0.0704225 0 0 0 0.367601 0.0412844 
0.150504 0.360905 0.0301205 0.00182315 0 0 0.254225 
7
7
1 0 0 0 0 0 0 
1 1 0 0 0 0 0 
1 1 1 0 0 0 0 
1 0 0 1 0 0 0 
1 0 0 0 1 0 0 
1 0 0 0 0 1 0 
1 0 0 0 0 0 1 

1 1 0.877823 1 1 1 1 
4
7
0.424979 0.13738 0.0958512 0.0899767 0.0645161 0.133106 0 
0.371058 0.191489 0.161103 0 0.172316 0 0 
0.411654 0.0352113 0 0 0 0.183801 0.0206422 
0.398789 0.195513 0.0150602 0.000911577 0 0 0.127112 

Sample_0 Sample_1 Sample_2 Sample_3 
0 6 1 8 7 4 2 

