1 #sols

5
7
0.00486618 0 0.17608 0.411374 0.0147368 0.0052356 0.379747 
0 0.121609 0 0.222539 0 0 0.367424 
0 0 0 0 0.042654 0.0260664 0.0460251 
0 0.183271 0 0 0.276458 0.164103 0.471774 
0.06 0 0.194805 0.164819 0.0755556 0 0.297414 

Sample_0 Sample_1 Sample_2 Sample_3 Sample_4 
88;89;90;91;92;93;94;95 10;11;12;13;14;15;16;17;18;19;20;21;22;23;24;25;26;27;28;29;30;31 2;3;4;5;6;7 32;33;34;35;36;37;38;39;40;41;42;43;44;45;46;47;48;49;50;51;52;53;54;55;56;57;58;59;60;61;62;63;64;65;66;67;68;69;70;71;72;73 74;75;76;77;78;79;80;81;82 0;1;8;9;96;97;98;99 83;84;85;86;87 

5
5
0.387131 0.0104712 0.352159 0 0.00973236 
0.491631 0 0 0.243218 0 
0.0399175 0.0521327 0 0 0 
0.248802 0.328205 0 0.366541 0 
0.0852172 0 0.38961 0 0.12 
5
5
1 0 0 0 0 
1 1 0 0 0 
1 0 1 0 0 
1 0 0 1 0 
1 0 0 0 1 

1 0.917604 0.997085 1 0.999987 
5
5
0.379747 0.0052356 0.17608 0 0.00486618 
0.367424 0 0 0.121609 0 
0.0460251 0.0260664 0 0 0 
0.471774 0.164103 0 0.183271 0 
0.297414 0 0.194805 0 0.06 

Sample_0 Sample_1 Sample_2 Sample_3 Sample_4 
6 5 2 1 0 

