MultiBinom clustering
Convergence threshold: 1.000000
Initial num clusters: 100
kmeans: True

Time taken: 20.530526
ARI: 0.659094
Cluster freq error: 0.004755
Num active clusters: 15
Cluster assignments
2
2
2
2
13
13
13
7
13
3
3
3
3
3
3
3
3
3
8
8
4
8
8
8
0
0
8
8
0
0
8
0
8
0
0
0
0
0
8
8
0
0
4
0
8
0
0
0
8
10
10
11
10
10
10
10
6
4
4
4
4
4
4
4
13
13
12
13
13
13
13
13
13
13
13
13
5
5
5
5
5
5
5
5
5
1
1
1
14
1
1
1
1
1
9
9
9
9
9
9
Alpha posterior values
0.0000 0.0000 81.4438 0.0000 0.0000 0.0000 0.0000 50.4008 82.2653 0.0000 0.0000 418.3367 11.8702 0.0000 6.9383 0.0000 0.0000 5.5929 92.2630 0.0000 295.6633 91.8882 14.2488 0.0000 15.2538 0.0000 93.2374 0.0000 0.0000 0.0000 0.0000 28.5974 0.0000 0.0000 0.0000 0.0000 0.0000 0.0000 0.0000 0.0000 0.0000 0.0000 0.0000 0.0000 0.0000 0.0000 0.0000 0.0000 0.0000 0.0000 0.0000 0.0000 0.0000 0.0000 0.0000 0.0000 0.0000 0.0000 0.0000 0.0000 0.0000 0.0000 0.0000 0.0000 0.0000 0.0000 0.0000 0.0000 0.0000 0.0000 0.0000 0.0000 0.0000 0.0000 0.0000 0.0000 0.0000 0.0000 0.0000 0.0000 0.0000 0.0000 0.0000 0.0000 0.0000 0.0000 0.0000 0.0000 0.0000 0.0000 0.0000 0.0000 0.0000 0.0000 0.0000 0.0000 0.0000 0.0000 0.0000 0.0000
0.0000 0.0000 0.0000 0.0000 0.0000 0.0000 50.0000 0.0000 0.0000 0.0000 0.0000 431.3519 12.1569 0.0000 24.7366 0.0000 0.0000 3.7059 0.0000 0.0000 140.6481 153.4770 13.3690 0.0000 7.5337 0.0000 140.0209 2.0000 0.0000 0.0000 0.0000 0.0000 0.0000 0.0000 0.0000 0.0000 0.0000 0.0000 0.0000 0.0000 0.0000 0.0000 0.0000 0.0000 0.0000 0.0000 0.0000 0.0000 0.0000 0.0000 0.0000 0.0000 0.0000 0.0000 0.0000 0.0000 0.0000 0.0000 0.0000 0.0000 0.0000 0.0000 0.0000 0.0000 0.0000 0.0000 0.0000 0.0000 0.0000 0.0000 0.0000 0.0000 0.0000 0.0000 0.0000 0.0000 0.0000 0.0000 0.0000 0.0000 0.0000 0.0000 0.0000 0.0000 0.0000 0.0000 0.0000 0.0000 0.0000 0.0000 0.0000 0.0000 0.0000 0.0000 0.0000 0.0000 0.0000 0.0000 0.0000 0.0000
0.0000 0.0000 192.2147 0.0000 219.9974 0.0000 23.0000 0.7144 21.1877 0.0000 0.0000 427.5483 2.2560 0.0000 5.9387 0.0000 0.0000 3.0347 103.5158 0.0000 274.4517 47.1914 3.5565 0.0000 0.9734 0.0000 47.0682 37.0026 0.0000 0.0000 0.0000 41.3486 0.0000 0.0000 0.0000 0.0000 0.0000 0.0000 0.0000 0.0000 0.0000 0.0000 0.0000 0.0000 0.0000 0.0000 0.0000 0.0000 0.0000 0.0000 0.0000 0.0000 0.0000 0.0000 0.0000 0.0000 0.0000 0.0000 0.0000 0.0000 0.0000 0.0000 0.0000 0.0000 0.0000 0.0000 0.0000 0.0000 0.0000 0.0000 0.0000 0.0000 0.0000 0.0000 0.0000 0.0000 0.0000 0.0000 0.0000 0.0000 0.0000 0.0000 0.0000 0.0000 0.0000 0.0000 0.0000 0.0000 0.0000 0.0000 0.0000 0.0000 0.0000 0.0000 0.0000 0.0000 0.0000 0.0000 0.0000 0.0000
0.0000 0.0000 0.0000 0.0000 152.6198 0.0000 0.0000 0.0000 0.0000 0.0000 0.0000 155.1532 0.0000 0.0000 0.0000 0.0000 0.0000 0.0000 0.0000 0.0000 107.8468 0.0000 0.0000 0.0000 0.0000 0.0000 0.0000 19.3802 0.0000 0.0000 0.0000 0.0000 0.0000 0.0000 0.0000 0.0000 0.0000 0.0000 0.0000 0.0000 0.0000 0.0000 0.0000 0.0000 0.0000 0.0000 0.0000 0.0000 0.0000 0.0000 0.0000 0.0000 0.0000 0.0000 0.0000 0.0000 0.0000 0.0000 0.0000 0.0000 0.0000 0.0000 0.0000 0.0000 0.0000 0.0000 0.0000 0.0000 0.0000 0.0000 0.0000 0.0000 0.0000 0.0000 0.0000 0.0000 0.0000 0.0000 0.0000 0.0000 0.0000 0.0000 0.0000 0.0000 0.0000 0.0000 0.0000 0.0000 0.0000 0.0000 0.0000 0.0000 0.0000 0.0000 0.0000 0.0000 0.0000 0.0000 0.0000 0.0000
0.0000 0.0000 58.9374 0.0000 0.0000 0.0000 0.0000 141.7614 151.2929 0.0000 0.0000 343.2432 31.7540 0.0000 8.9337 0.0000 0.0000 6.7766 55.6765 0.0000 218.7568 208.8814 23.3772 0.0000 21.1993 0.0000 212.1190 0.0000 0.0000 0.0000 0.0000 18.2906 0.0000 0.0000 0.0000 0.0000 0.0000 0.0000 0.0000 0.0000 0.0000 0.0000 0.0000 0.0000 0.0000 0.0000 0.0000 0.0000 0.0000 0.0000 0.0000 0.0000 0.0000 0.0000 0.0000 0.0000 0.0000 0.0000 0.0000 0.0000 0.0000 0.0000 0.0000 0.0000 0.0000 0.0000 0.0000 0.0000 0.0000 0.0000 0.0000 0.0000 0.0000 0.0000 0.0000 0.0000 0.0000 0.0000 0.0000 0.0000 0.0000 0.0000 0.0000 0.0000 0.0000 0.0000 0.0000 0.0000 0.0000 0.0000 0.0000 0.0000 0.0000 0.0000 0.0000 0.0000 0.0000 0.0000 0.0000 0.0000
Beta posterior values
0.0000 0.0000 1379.9210 0.0000 775.9505 0.0000 390.0000 686.8175 940.5186 0.0000 0.0000 527.9681 59.2405 0.0000 90.2047 0.0000 0.0000 66.1506 1051.3343 0.0000 300.0319 562.1389 75.7514 0.0000 110.7202 0.0000 1338.1641 112.0495 0.0000 0.0000 0.0000 387.0380 0.0000 0.0000 0.0000 0.0000 0.0000 0.0000 0.0000 0.0000 0.0000 0.0000 0.0000 0.0000 0.0000 0.0000 0.0000 0.0000 0.0000 0.0000 0.0000 0.0000 0.0000 0.0000 0.0000 0.0000 0.0000 0.0000 0.0000 0.0000 0.0000 0.0000 0.0000 0.0000 0.0000 0.0000 0.0000 0.0000 0.0000 0.0000 0.0000 0.0000 0.0000 0.0000 0.0000 0.0000 0.0000 0.0000 0.0000 0.0000 0.0000 0.0000 0.0000 0.0000 0.0000 0.0000 0.0000 0.0000 0.0000 0.0000 0.0000 0.0000 0.0000 0.0000 0.0000 0.0000 0.0000 0.0000 0.0000 0.0000
0.0000 0.0000 1399.9223 0.0000 777.5609 0.0000 360.0000 804.4558 983.4790 0.0000 0.0000 532.5664 49.9126 0.0000 100.0549 0.0000 0.0000 60.6622 1054.8009 0.0000 415.4336 420.5161 74.7136 0.0000 103.9542 0.0000 1309.5477 114.4391 0.0000 0.0000 0.0000 387.9807 0.0000 0.0000 0.0000 0.0000 0.0000 0.0000 0.0000 0.0000 0.0000 0.0000 0.0000 0.0000 0.0000 0.0000 0.0000 0.0000 0.0000 0.0000 0.0000 0.0000 0.0000 0.0000 0.0000 0.0000 0.0000 0.0000 0.0000 0.0000 0.0000 0.0000 0.0000 0.0000 0.0000 0.0000 0.0000 0.0000 0.0000 0.0000 0.0000 0.0000 0.0000 0.0000 0.0000 0.0000 0.0000 0.0000 0.0000 0.0000 0.0000 0.0000 0.0000 0.0000 0.0000 0.0000 0.0000 0.0000 0.0000 0.0000 0.0000 0.0000 0.0000 0.0000 0.0000 0.0000 0.0000 0.0000 0.0000 0.0000
0.0000 0.0000 1239.9809 0.0000 593.2814 0.0000 355.0000 781.5625 988.8105 0.0000 0.0000 510.1720 63.0593 0.0000 103.0374 0.0000 0.0000 59.2476 993.3082 0.0000 344.8280 577.5143 77.5645 0.0000 106.0188 0.0000 1375.9449 78.7186 0.0000 0.0000 0.0000 358.9510 0.0000 0.0000 0.0000 0.0000 0.0000 0.0000 0.0000 0.0000 0.0000 0.0000 0.0000 0.0000 0.0000 0.0000 0.0000 0.0000 0.0000 0.0000 0.0000 0.0000 0.0000 0.0000 0.0000 0.0000 0.0000 0.0000 0.0000 0.0000 0.0000 0.0000 0.0000 0.0000 0.0000 0.0000 0.0000 0.0000 0.0000 0.0000 0.0000 0.0000 0.0000 0.0000 0.0000 0.0000 0.0000 0.0000 0.0000 0.0000 0.0000 0.0000 0.0000 0.0000 0.0000 0.0000 0.0000 0.0000 0.0000 0.0000 0.0000 0.0000 0.0000 0.0000 0.0000 0.0000 0.0000 0.0000 0.0000 0.0000
0.0000 0.0000 1461.8381 0.0000 672.0504 0.0000 400.0000 761.1987 943.0478 0.0000 0.0000 820.6337 71.8289 0.0000 109.0085 0.0000 0.0000 77.4301 1086.7741 0.0000 466.3663 625.3025 83.0671 0.0000 132.1367 0.0000 1407.6002 99.9496 0.0000 0.0000 0.0000 395.7670 0.0000 0.0000 0.0000 0.0000 0.0000 0.0000 0.0000 0.0000 0.0000 0.0000 0.0000 0.0000 0.0000 0.0000 0.0000 0.0000 0.0000 0.0000 0.0000 0.0000 0.0000 0.0000 0.0000 0.0000 0.0000 0.0000 0.0000 0.0000 0.0000 0.0000 0.0000 0.0000 0.0000 0.0000 0.0000 0.0000 0.0000 0.0000 0.0000 0.0000 0.0000 0.0000 0.0000 0.0000 0.0000 0.0000 0.0000 0.0000 0.0000 0.0000 0.0000 0.0000 0.0000 0.0000 0.0000 0.0000 0.0000 0.0000 0.0000 0.0000 0.0000 0.0000 0.0000 0.0000 0.0000 0.0000 0.0000 0.0000
0.0000 0.0000 1372.1989 0.0000 809.0626 0.0000 401.0000 609.4466 798.6648 0.0000 0.0000 598.0019 50.5655 0.0000 86.1976 0.0000 0.0000 63.9467 1005.7500 0.0000 350.9981 429.3684 64.1755 0.0000 86.3741 0.0000 1138.6862 79.9374 0.0000 0.0000 0.0000 371.6257 0.0000 0.0000 0.0000 0.0000 0.0000 0.0000 0.0000 0.0000 0.0000 0.0000 0.0000 0.0000 0.0000 0.0000 0.0000 0.0000 0.0000 0.0000 0.0000 0.0000 0.0000 0.0000 0.0000 0.0000 0.0000 0.0000 0.0000 0.0000 0.0000 0.0000 0.0000 0.0000 0.0000 0.0000 0.0000 0.0000 0.0000 0.0000 0.0000 0.0000 0.0000 0.0000 0.0000 0.0000 0.0000 0.0000 0.0000 0.0000 0.0000 0.0000 0.0000 0.0000 0.0000 0.0000 0.0000 0.0000 0.0000 0.0000 0.0000 0.0000 0.0000 0.0000 0.0000 0.0000 0.0000 0.0000 0.0000 0.0000
Cluster phi posterior values
0.0552 0.0000 0.0000 0.0673 0.0797 0.4420 0.1629 0.0670 0.0800 0.4963 0.1395 0.1547 0.1177 0.0646 0.0000
0.0000 0.0000 0.1205 0.0000 0.0000 0.4474 0.1917 0.1958 0.0000 0.2522 0.2667 0.1480 0.0633 0.0961 0.0128
0.1337 0.2700 0.0590 0.0000 0.0201 0.4559 0.0285 0.0504 0.0937 0.4430 0.0744 0.0385 0.0040 0.0325 0.3181
0.0000 0.1844 0.0000 0.0000 0.0000 0.1584 0.0000 0.0000 0.0000 0.1869 0.0000 0.0000 0.0000 0.0000 0.1594
0.0406 0.0000 0.0000 0.1880 0.1586 0.3644 0.3846 0.0896 0.0517 0.3836 0.3268 0.2645 0.1939 0.1566 0.0000
