1 #sols

6
8
0.136691 0 0.12154 0.142598 0.120582 0.0835476 0.0509259 0.0159151 
0.209497 0.00844542 0.0861399 0.0405797 0 0 0 0 
0.30117 0.315346 0.128679 0.114454 0.119868 0.0710723 0 0 
0.318621 0.140401 0 0 0 0 0 0 
0.0122117 0 0.0225914 0.0405093 0 0 0 0 
0.265537 0 0.000641437 0 0 0 0 0 

Sample_0 Sample_1 Sample_2 Sample_3 Sample_4 Sample_5 
6;7;48;49;50;51;86 52;53;54;55;56;57;58;59;60;61;62;63;64;65;66;67;68;69;70;71;72;73;74;75;76;77;87;88;89;90;91;92 8;9;13;14;19;20;21;23;24;78;93;95;96;97;99 10;11;12;15;16;17;18;22;79;80;81;82;83;84;85;94;98 25;27;29;31;32;34;36;37;38;39;40;41;42;45;46 26;28;30;33;35;43;44;47 1;4 0;2;3;5 

6
4
0 0.0318302 0.0744559 0.167095 
0.418994 0 0 0 
0.460195 0 0 0.142145 
0.637241 0 0 0 
0.0244233 0 0 0 
0.531073 0 0 0 
4
4
1 0 0 0 
1 1 0 0 
1 0 1 0 
1 0 0 1 

1 0.987679 0.881006 0.999322 
6
4
0.136691 0.0159151 0.037228 0.0835476 
0.209497 0 0 0 
0.30117 0 0 0.0710723 
0.318621 0 0 0 
0.0122117 0 0 0 
0.265537 0 0 0 

Sample_0 Sample_1 Sample_2 Sample_3 Sample_4 Sample_5 
0 7 6 5 

