gene_id	Sample_0	Sample_0	Sample_1	Sample_1	Sample_2	Sample_2	Sample_3	Sample_3	Sample_4	Sample_4
59;60;61;62;63;64;65;66;67;68;69;70;71;72;73;74;75;76;77;78;79;80	2228	4	2167	0	2147	0	2169	0	1862	300
4;5;6;7;8;9;10;11;12;13;14;15;16;17;18;35;36;37;38;39;40;41;42;43;44;45;46;47;48;49;50;51;52;53;54;55;56;57;58;94	3045	1016	3169	866	2895	1097	2591	1412	3459	530
81;82;83;84;85;86;87;88;89;90;91;92;93	1240	21	1240	89	1301	0	1305	0	1293	0
0;1;2;3	405	0	411	1	332	58	394	0	404	0
24;25;27;28;29;30;31;32;33;34	1042	0	812	143	839	165	694	315	1001	0
95	81	27	41	49	60	29	53	33	85	33
19;20;21;22;23;26	611	0	509	95	579	15	416	199	567	0
97;98;99	195	78	149	128	218	61	158	124	197	82
96	75	21	57	65	70	28	53	48	87	17
