2 #sols

5
9
0.00179211 0.250185 0.0166534 0 0 0.25 0 0.285714 0.21875 
0 0.214622 0.0669676 0.00242718 0.149738 0.544444 0.157285 0.462094 0.532787 
0 0.2748 0 0.148718 0.164343 0.325843 0.0252525 0.218638 0.285714 
0 0.352735 0 0 0.31219 0.383721 0.323577 0.439716 0.475248 
0.13876 0.132865 0 0 0 0.279661 0 0.293907 0.163462 

Sample_0 Sample_1 Sample_2 Sample_3 Sample_4 
59;60;61;62;63;64;65;66;67;68;69;70;71;72;73;74;75;76;77;78;79;80 4;5;6;7;8;9;10;11;12;13;14;15;16;17;18;35;36;37;38;39;40;41;42;43;44;45;46;47;48;49;50;51;52;53;54;55;56;57;58;94 81;82;83;84;85;86;87;88;89;90;91;92;93 0;1;2;3 24;25;27;28;29;30;31;32;33;34 95 19;20;21;22;23;26 97;98;99 96 

5
5
0.534537 0 0 0.0333069 0.00358423 
0.470829 0.31457 0.00485437 0.133935 0 
0.089335 0.0505051 0.297436 0 0 
0.232278 0.647154 0 0 0 
0.310293 0 0 0 0.277521 
5
5
1 0 0 0 0 
1 1 0 0 0 
1 0 1 0 0 
1 0 0 1 0 
1 0 0 0 1 

1 0.99959 0.989915 1 1 
5
5
0.285714 0 0 0.0166534 0.00179211 
0.462094 0.157285 0.00242718 0.0669676 0 
0.218638 0.0252525 0.148718 0 0 
0.439716 0.323577 0 0 0 
0.293907 0 0 0 0.13876 

Sample_0 Sample_1 Sample_2 Sample_3 Sample_4 
7 6 3 2 0 

5
5
0.463109 0 0 0.0333069 0.00358423 
0.561734 0.299476 0.00485437 0.133935 0 
0.0255642 0.328685 0.297436 0 0 
0.143061 0.624381 0 0 0 
0.281801 0 0 0 0.277521 
5
5
1 0 0 0 0 
1 1 0 0 0 
1 0 1 0 0 
1 0 0 1 0 
1 0 0 0 1 

1 0.917247 0.999907 1 0.999959 
5
5
0.25 0 0 0.0166534 0.00179211 
0.5 0.149738 0.00242718 0.0669676 0 
0.325843 0.164343 0.148718 0 0 
0.383721 0.31219 0 0 0 
0.279661 0 0 0 0.13876 

Sample_0 Sample_1 Sample_2 Sample_3 Sample_4 
5 4 3 2 0 

