1 #sols

6
8
0.00595238 0 0 0.0555139 0 0.228346 0.433962 0.329253 
0 0.375465 0.191248 0 0.0813464 0 0.267857 0.475472 
0 0 0 0 0 0 0.340909 0.262905 
0 0.234216 0 0.0432725 0 0 0.294118 0.346008 
0 0.283702 0.116139 0 0.144772 0 0.301587 0.381356 
0.0478395 0.0179641 0 0 0 0.0153846 0.133333 0.0482509 

Sample_0 Sample_1 Sample_2 Sample_3 Sample_4 Sample_5 
41;42;43;44;45;46;47;48;49;50;51;52;53 11;12;33;34;35;36;37;38;39;40 16;18;22;26;27;29;87;88;89;90;91;92;93 54;55;56;57;58;59;60;61;62;63;64;65;66;67;68;69;70;71;72;73;74;75;76;77;78;79;80;81 13;14;15;17;19;20;21;23;24;25;28;30;31;32 82;83;84;85;86 94 0;1;2;3;4;5;6;7;8;9;10;95;96;97;98;99 

6
6
0.288299 0.456693 0 0.111028 0 0.0119048 
0 0 0.162693 0 0.382496 0 
0.681818 0 0 0 0 0 
0.50169 0 0 0.086545 0 0 
0.0813528 0 0.289544 0 0.232278 0 
0.140218 0.0307692 0 0 0 0.095679 
6
6
1 0 0 0 0 0 
1 1 0 0 0 0 
1 0 1 0 0 0 
1 0 0 1 0 0 
1 0 0 0 1 0 
1 0 0 0 0 1 

1 0.998676 0.999069 1 0.923135 0.995432 
6
6
0.433962 0.228346 0 0.0555139 0 0.00595238 
0.272594 0 0.0813464 0 0.191248 0 
0.340909 0 0 0 0 0 
0.294118 0 0 0.0432725 0 0 
0.301587 0 0.144772 0 0.116139 0 
0.133333 0.0153846 0 0 0 0.0478395 

Sample_0 Sample_1 Sample_2 Sample_3 Sample_4 Sample_5 
6 5 4 3 2 0 

