1 #sols

5
6
0.286219 0.187525 0 0.0693141 0.00782936 0 
0.465603 0.155779 0.0671982 0 0 0 
0.23734 0.177819 0 0.047139 0.0531672 0.00660502 
0.354391 0.042612 0 0.0275238 0.106046 0.123015 
0.0478103 0 0.0482393 0 0 0 

Sample_0 Sample_1 Sample_2 Sample_3 Sample_4 
60;61;62;63;64;65;66;67;68;69;70;71;72 1;2;3;4;5;6;7;8;9;10;11;12;13;14;15;16;17;18;19;20;21;22;23;24;76;77;78;79;80;81 93;94;95;96;97;98;99 73;74;75;85;86;87;88;89;90;91;92 0;25;26;27;28;29;30;31;32;33;34;35;36;37;38;39;40;41;42;43;44;45;46;47;48;49;50;51;52;53;54;55;56;57;58;59 82;83;84 

5
4
0.418152 0 0.0156587 0.138628 
0.931206 0 0 0 
0.260857 0.01321 0.106334 0.0942779 
0.195614 0.246029 0.212092 0.0550475 
0.0956205 0 0 0 
4
4
1 0 0 0 
1 1 0 0 
1 0 1 0 
1 0 0 1 

1 1 1 1 
5
4
0.286219 0 0.00782936 0.0693141 
0.465603 0 0 0 
0.23734 0.00660502 0.0531672 0.047139 
0.354391 0.123015 0.106046 0.0275238 
0.0478103 0 0 0 

Sample_0 Sample_1 Sample_2 Sample_3 Sample_4 
0 5 4 3 

