1 #sols

5
8
0.0137931 0.0859007 0.319756 0.0753623 0.382853 0.321429 0.507576 0 
0 0 0 0 0.0229326 0.010101 0.311146 0.252465 
0 0 0.205316 0.00870827 0.217863 0.119048 0.444018 0.21627 
0 0.00294442 0 0.320728 0.00378657 0 0.410061 0 
0 0.389313 0.0145322 0.0260492 0.428621 0.488095 0.424432 0 

Sample_0 Sample_1 Sample_2 Sample_3 Sample_4 
38;39;40;41;42;43;44 24;25;26;27;28;29;30;31;32;33;34;35;36;37;75;76;77;78;79;80;81;82;83;84;85;86;87 89;90;91;92;93;94;95;96;97;98;99 7;8;9;10;11;12;13 46;47;48;49;50;51;52;53;54;55;56;57;58;59;60;61;62;63;64;65;66;67;68;69;70;71;72;73;74 45 0;1;2;3;4;5;6;14;15;16;17;18;19 20;21;22;23;88 

5
6
0.0103766 0 0.150725 0.639511 0.171801 0.0275862 
0.11736 0.504931 0 0 0 0 
0.0274481 0.43254 0.0174165 0.410632 0 0 
0.172777 0 0.641457 0 0.00588885 0 
0 0 0.0520984 0.0290645 0.778626 0 
6
6
1 0 0 0 0 0 
1 1 0 0 0 0 
1 0 1 0 0 0 
1 0 0 1 0 0 
1 0 0 0 1 0 
1 0 0 0 0 1 

1 0.993102 0.999965 1 0.98282 1 
5
6
0.5 0 0.0753623 0.319756 0.0859007 0.0137931 
0.311146 0.252465 0 0 0 0 
0.444018 0.21627 0.00870827 0.205316 0 0 
0.410061 0 0.320728 0 0.00294442 0 
0.429894 0 0.0260492 0.0145322 0.389313 0 

Sample_0 Sample_1 Sample_2 Sample_3 Sample_4 
6 7 3 2 1 0 

