1 #sols

4
5
0.210024 0.164645 0.384226 0 0.207697 
0.0780142 0.151115 0.413511 0.00116144 0.147596 
0.149068 0 0.34098 0.188107 0.211823 
0.0758929 0 0.484375 0.0480549 0.0697527 

Sample_0 Sample_1 Sample_2 Sample_3 
1;7;8;25;26;28;30;36;46 11;12;13;14;15;16;17;18;19;64;65;66;67;86;87;88;89;90;91;92;93;94;95;96 68;69;70;71;72;73;74;75;76;77;78;79;80;81;82;83;84;85;98;99 47;48;49;50;51;52;53;54;55;56;57;58;59;60;61;62;63 0;2;3;4;5;6;9;10;20;21;22;23;24;27;29;31;32;33;34;35;37;38;39;40;41;42;43;44;45;97 

4
4
0.0237687 0.415395 0 0.329289 
0.229599 0.29287 0.00232288 0.30223 
0.258315 0.0474317 0.376214 0 
0.829245 0.0433956 0.0961098 0 
4
4
1 0 0 0 
1 1 0 0 
1 1 1 0 
1 0 0 1 

1 1 0.909671 1 
4
4
0.384226 0.207697 0 0.164645 
0.413511 0.147596 0.00116144 0.151115 
0.34098 0.211823 0.188107 0 
0.484375 0.0697527 0.0480549 0 

Sample_0 Sample_1 Sample_2 Sample_3 
2 4 3 1 

