1 #sols

6
8
0 0.0684169 0.117305 0 0.143737 0.0280899 0.160066 0.376392 
0.0877797 0 0 0.222222 0.294557 0 0.41896 0.472422 
0 0.0635559 0 0 0 0.118881 0 0.052381 
0 0.224644 0 0 0 0.136364 0.17594 0.449664 
0 0 0.111111 0.0481928 0.172553 0 0.485669 0.492505 
0.187708 0.00494641 0.249392 0 0.248255 0 0.266244 0.451542 

Sample_0 Sample_1 Sample_2 Sample_3 Sample_4 Sample_5 
45;46;47;48;49;50;51;52;53;54;55;56 29;30;31;32;33;34;35;36;38;39;40;41;42;57;59;60;61;62;64;65;66;67;68;69;70 13;14;15;16;17;18;19;20;21;22;23;24;25;26;27;28 43;44 71;72;73;74;75;76;77;78;79;80;81;82;83;84;85;86;87;88;89;90 37;58;63 0;1;2;3;4;5;6;7;8;9;10;11;12 91;92;93;94;95;96;97;98;99 

6
4
0.518173 0 0.234611 0 
0.32484 0.444444 0 0.175559 
0.104762 0 0 0 
0.899329 0 0 0 
0.666403 0.0963855 0.222222 0 
0.028885 0 0.498783 0.375415 
4
4
1 0 0 0 
1 1 0 0 
1 0 1 0 
1 0 0 1 

1 0.990932 1 1 
6
4
0.376392 0 0.117305 0 
0.472422 0.222222 0 0.0877797 
0.052381 0 0 0 
0.449664 0 0 0 
0.492505 0.0481928 0.111111 0 
0.451542 0 0.249392 0.187708 

Sample_0 Sample_1 Sample_2 Sample_3 Sample_4 Sample_5 
7 3 2 0 

