gene_id	Sample_0	Sample_0	Sample_1	Sample_1	Sample_2	Sample_2	Sample_3	Sample_3	Sample_4	Sample_4	Sample_5	Sample_5
78;79;80;81;82;83;84;85;86;87;88;89;90;91;92;93;94;95;96;97;98;99	1142	0	1013	75	1063	0	1108	0	1066	0	1102	4
32;33;34;35;36;37;38;39;40;41;42;43;44;45;46;47;48;49;50;51;52;53;54;55;56	897	371	836	456	659	602	915	283	637	603	767	557
9;10;11;12;13;14;15;16;18;19;20;21;22;23;77	644	134	668	62	596	152	791	0	663	84	491	246
31;61;62;63;64;65	258	45	277	0	281	0	298	0	195	111	290	25
66;67;68;69;70;71;72;73;74;75;76	565	0	407	161	567	0	444	119	560	0	539	0
0;1;2;3;4;5;6;7;8	440	4	447	34	383	81	435	0	360	56	425	20
17	54	7	40	6	39	12	49	0	49	11	20	17
24;25;26;27;28;29;30	316	45	318	0	330	40	356	0	198	125	314	27
57;58;59;60	213	4	212	0	203	0	201	0	176	25	214	0
