gene_id	Sample_0	Sample_0	Sample_1	Sample_1	Sample_2	Sample_2	Sample_3	Sample_3	Sample_4	Sample_4
96;97;98;99	404	0	362	25	446	0	380	0	307	98
55;56	186	16	190	4	183	0	186	15	213	0
22;23;24;25;26;27;28;29;30;31;32;33;34;35;36;37;38;39;40;41;42;43;44;45;46;47;48	2478	208	2396	299	2709	0	2736	0	2840	0
0;1;2;3;4;5;6;7;8;9;10	1031	0	1076	0	1086	29	1093	0	903	180
57;60;61;67;68;69;70;71;73;75;79;80;82;83;84;86	1281	324	1277	403	1067	532	1078	547	826	741
58;59;62;63;64;65;66;72;74;76;77;78;81;85;87	1255	222	1133	282	1036	497	978	546	706	770
13;17	201	12	154	30	145	35	169	30	142	51
49;50;51;52;53;54	592	0	637	0	588	20	548	81	473	96
11;12;14;15;16;18;19;20;21	814	65	756	147	757	225	846	59	700	208
88;89;90	285	0	290	8	331	0	304	14	289	0
91;92;93;94;95	502	0	472	0	420	75	448	39	505	0
