1 #sols

6
6
0.282266 0.102477 0 0.0722166 0.0143594 0 
0.183938 0.15847 0.0243243 0 0.132691 0.0297483 
0.405006 0.283304 0 0.119641 0.00670391 0 
0.464195 0.492931 0.509662 0.0100806 0 0 
0.133248 0 0 0.0347567 0 0.0709343 
0.290229 0.166517 0 0.0617647 0.0737885 0 

Sample_0 Sample_1 Sample_2 Sample_3 Sample_4 Sample_5 
57;58;59;60;61;62;63;64;65;66;67;68;69;70;71;72;73;74;75;76;77;78;79;80;81;82;83;84;85;86;87 11;12;13;14;15;16;17;18;19;20;21 96;97;98;99 55;56;88;89;90;91;92;93;94;95 22;23;24;25;26;27;28;29;30;31;32;33;34;35;36;37;38;39;40;41;42;43;44;45;46;47;48 0;1;2;3;4;5;6;7;8;9;10;49;50;51;52;53;54 

6
4
0.39138 0 0.0287187 0.144433 
0.0429973 0.0594966 0.265382 0 
0.557323 0 0.0134078 0.239282 
0.908229 0 0 0.0201613 
0.0551131 0.141869 0 0.0695134 
0.309351 0 0.147577 0.123529 
4
4
1 0 0 0 
1 1 0 0 
1 0 1 0 
1 0 0 1 

1 1 1 1 
6
4
0.282266 0 0.0143594 0.0722166 
0.183938 0.0297483 0.132691 0 
0.405006 0 0.00670391 0.119641 
0.464195 0 0 0.0100806 
0.133248 0.0709343 0 0.0347567 
0.290229 0 0.0737885 0.0617647 

Sample_0 Sample_1 Sample_2 Sample_3 Sample_4 Sample_5 
0 5 4 3 

