1 #sols

4
5
0.370123 0.205246 0.210015 0 0.0972453 
0.408201 0.138993 0.138799 0.00475241 0.190788 
0.353046 0.183325 0 0.179043 0 
0.480276 0.0702704 0 0.0634431 0 

Sample_0 Sample_1 Sample_2 Sample_3 
68;69;70;71;72;73;74;75;76;77;78;79;80;81;82;83;84;85;98;99 0;1;2;3;4;5;6;7;8;9;10;20;21;22;23;24;25;26;27;28;29;30;31;32;33;34;35;36;37;38;39;40;41;42;43;44;45;46;97 11;12;13;14;15;16;17;18;19;64;65;66;67 47;48;49;50;51;52;53;54;55;56;57;58;59;60;61;62;63 86;87;88;89;90;91;92;93;94;95;96 

4
4
0.135263 0.410492 0 0.194491 
0.156839 0.268482 0.00950481 0.381575 
0.339442 0.00856511 0.358085 0 
0.820011 0.0136547 0.126886 0 
4
4
1 0 0 0 
1 1 0 0 
1 1 1 0 
1 0 0 1 

1 1 0.886345 1 
4
4
0.370123 0.205246 0 0.0972453 
0.408201 0.138993 0.00475241 0.190788 
0.353046 0.183325 0.179043 0 
0.480276 0.0702704 0.0634431 0 

Sample_0 Sample_1 Sample_2 Sample_3 
0 1 3 4 

