2 #sols

5
7
0.507576 0.0436242 0.349442 0.405947 0.319756 0.0859007 0.0137931 
0.311146 0.103309 0.0150943 0.0284504 0 0 0 
0.444018 0.0963956 0.180328 0.239674 0.205316 0 0 
0.410061 0.18438 0.00465116 0.00289687 0 0.00294442 0 
0.424432 0.0150376 0.453997 0.411192 0.0145322 0.389313 0 

Sample_0 Sample_1 Sample_2 Sample_3 Sample_4 
0;1;2;3;4;5;6;14;15;16;17;18;19 7;8;9;10;11;12;13;20;21;22;23;88 45;49;50;58;59;61;62;63;65;68;69;71;72 46;47;48;51;52;53;54;55;56;57;60;64;66;67;70;73;74 89;90;91;92;93;94;95;96;97;98;99 24;25;26;27;28;29;30;31;32;33;34;35;36;37;75;76;77;78;79;80;81;82;83;84;85;86;87 38;39;40;41;42;43;44 

5
5
0.0738529 0.0275862 0.171801 0.639511 0.0872483 
0.415673 0 0 0 0.206618 
0.284613 0 0 0.410632 0.192791 
0.445473 0 0.00588885 0 0.36876 
0.0110989 0 0.778626 0.0290645 0.0300752 
5
5
1 0 0 0 0 
1 1 0 0 0 
1 0 1 0 0 
1 0 0 1 0 
1 0 0 0 1 

1 1 0.98282 1 1 
5
5
0.5 0.0137931 0.0859007 0.319756 0.0436242 
0.311146 0 0 0 0.103309 
0.444018 0 0 0.205316 0.0963956 
0.410061 0 0.00294442 0 0.18438 
0.424432 0 0.389313 0.0145322 0.0150376 

Sample_0 Sample_1 Sample_2 Sample_3 Sample_4 
0 6 5 4 1 

5
5
0.101439 0.0596621 0.0275862 0.171801 0.639511 
0.415673 0.206618 0 0 0 
0.284613 0.192791 0 0 0.410632 
0.445473 0.36876 0 0.00588885 0 
0.0110989 0.0300752 0 0.778626 0.0290645 
5
5
1 0 0 0 0 
1 1 0 0 0 
1 1 1 0 0 
1 0 0 1 0 
1 0 0 0 1 

1 1 0.999817 0.98282 1 
5
5
0.5 0.0436242 0.0137931 0.0859007 0.319756 
0.311146 0.103309 0 0 0 
0.444018 0.0963956 0 0 0.205316 
0.410061 0.18438 0 0.00294442 0 
0.424432 0.0150376 0 0.389313 0.0145322 

Sample_0 Sample_1 Sample_2 Sample_3 Sample_4 
0 1 6 5 4 

