1 #sols

5
12
0 0.442037 0.0779727 0 0.0764572 0.179104 0.0603282 0.0816777 0.11138 0.0493827 0.0720721 0.494346 
0.121951 0.452026 0 0.00223714 0.0835198 0.229333 0 0 0.266476 0.156479 0 0.254296 
0.0608466 0.455543 0.0233463 0.276642 0.0358779 0.0466321 0.131238 0.0817253 0.0909091 0.0255754 0 0.444272 
0 0.158947 0 0.182203 0 0 0 0 0 0 0 0.186667 
0 0.36413 0.152704 0 0.152502 0.330846 0.0410542 0.0549828 0.32266 0.156164 0.192453 0.384095 

Sample_0 Sample_1 Sample_2 Sample_3 Sample_4 
0;1;2;3 76;77;78;79;80;81;82;83;84 12;20;42;57;58;59;60;61;62;63 85;86;87;88;89;90;91;92;93 4;5;6;8;65;66;67;69;70;71;72;73;75 50;51;52;56 19;24;25;28;29;30;31;33;34;35;36;37;38;39;40;41;43;45;46;47 18;21;22;23;26;27;32;44;48 49;53;54;55 7;64;68;74 9;10;11;13;14;15;16;17 94;95;96;97;98;99 

5
7
0.297054 0.0987654 0.163355 0.120656 0.152914 0.155945 0 
0 0.303385 0 0 0.131623 0 0.171116 
0.171327 0.0511509 0.163451 0.262475 0.0717557 0.0466926 0.121693 
0.373333 0 0 0 0 0 0 
0 0.225343 0.0758294 0.0616733 0.255999 0.249323 0 
7
7
1 0 0 0 0 0 0 
1 1 0 0 0 0 0 
1 0 1 0 0 0 0 
1 0 0 1 0 0 0 
1 0 0 0 1 0 0 
1 0 0 0 0 1 0 
1 0 0 0 0 0 1 

1 0.999904 1 1 1 1 1 
5
7
0.494346 0.0493827 0.0816777 0.0603282 0.0764572 0.0779727 0 
0.303062 0.151693 0 0 0.0658116 0 0.0855582 
0.444272 0.0255754 0.0817253 0.131238 0.0358779 0.0233463 0.0608466 
0.186667 0 0 0 0 0 0 
0.434084 0.112671 0.0379147 0.0308367 0.127999 0.124662 0 

Sample_0 Sample_1 Sample_2 Sample_3 Sample_4 
11 9 7 6 4 2 0 

