MultiBinom clustering
Convergence threshold: 1.000000
Initial num clusters: 29
kmeans: True

Time taken: 1.714422
Num active clusters: 8
Cluster assignments
3
3
6
3
6
0
6
5
1
5
0
2
5
6
6
7
1
4
3
4
5
6
6
6
6
3
2
2
4
Alpha posterior values
63.9433 0.0000 133.9994 27.9796 0.0000 0.0000 231.6244 143.4009 73.7803 0.0000 235.2548 28.0173 0.0000 0.0000 0.0000 0.0000 0.0000 0.0000 0.0000 0.0000 0.0000 0.0000 0.0000 0.0000 0.0000 0.0000 0.0000 0.0000 0.0000
32.5737 0.0000 55.9999 0.0000 0.0000 0.0000 117.2156 92.7942 48.3938 0.0000 147.0230 5.9999 0.0000 0.0000 0.0000 0.0000 0.0000 0.0000 0.0000 0.0000 0.0000 0.0000 0.0000 0.0000 0.0000 0.0000 0.0000 0.0000 0.0000
23.6496 0.0000 67.0046 1.9984 0.0000 0.0000 126.8688 69.1375 46.4538 0.0000 197.8765 15.0108 0.0000 0.0000 0.0000 0.0000 0.0000 0.0000 0.0000 0.0000 0.0000 0.0000 0.0000 0.0000 0.0000 0.0000 0.0000 0.0000 0.0000
43.2658 0.0000 59.9998 6.9949 0.0000 0.0000 117.3294 118.6980 63.7759 0.0000 174.9320 16.0041 0.0000 0.0000 0.0000 0.0000 0.0000 0.0000 0.0000 0.0000 0.0000 0.0000 0.0000 0.0000 0.0000 0.0000 0.0000 0.0000 0.0000
41.7996 0.0000 60.9997 0.9944 0.0000 0.0000 139.3092 96.6969 84.5357 0.0000 133.6598 10.0047 0.0000 0.0000 0.0000 0.0000 0.0000 0.0000 0.0000 0.0000 0.0000 0.0000 0.0000 0.0000 0.0000 0.0000 0.0000 0.0000 0.0000
Beta posterior values
469.0745 0.0000 295.9987 387.7221 0.0000 0.0000 978.8116 572.3709 974.6665 0.0000 2335.1273 302.2284 0.0000 0.0000 0.0000 0.0000 0.0000 0.0000 0.0000 0.0000 0.0000 0.0000 0.0000 0.0000 0.0000 0.0000 0.0000 0.0000 0.0000
345.7172 0.0000 155.9993 138.7807 0.0000 0.0000 686.6633 381.4782 669.4893 0.0000 1664.6738 240.1982 0.0000 0.0000 0.0000 0.0000 0.0000 0.0000 0.0000 0.0000 0.0000 0.0000 0.0000 0.0000 0.0000 0.0000 0.0000 0.0000 0.0000
428.1216 0.0000 199.0358 179.7198 0.0000 0.0000 813.6589 467.2690 800.6971 0.0000 2050.1738 281.3240 0.0000 0.0000 0.0000 0.0000 0.0000 0.0000 0.0000 0.0000 0.0000 0.0000 0.0000 0.0000 0.0000 0.0000 0.0000 0.0000 0.0000
376.1766 0.0000 179.9992 414.3950 0.0000 0.0000 690.6930 420.4400 796.3498 0.0000 1911.4365 282.5099 0.0000 0.0000 0.0000 0.0000 0.0000 0.0000 0.0000 0.0000 0.0000 0.0000 0.0000 0.0000 0.0000 0.0000 0.0000 0.0000 0.0000
374.6368 0.0000 207.9990 35.7975 0.0000 0.0000 748.1499 446.9536 756.5870 0.0000 1847.7050 296.1712 0.0000 0.0000 0.0000 0.0000 0.0000 0.0000 0.0000 0.0000 0.0000 0.0000 0.0000 0.0000 0.0000 0.0000 0.0000 0.0000 0.0000
Cluster phi posterior values
0.1190 0.3110 0.0657 0.1909 0.1997 0.0697 0.0912 0.0836
0.0846 0.2627 0.0000 0.1451 0.1947 0.0665 0.0807 0.0224
0.0510 0.2506 0.0069 0.1343 0.1278 0.0540 0.0877 0.0491
0.1018 0.2486 0.0149 0.1445 0.2194 0.0734 0.0835 0.0521
0.0990 0.2254 0.0069 0.1563 0.1770 0.0998 0.0671 0.0311
