1 #sols

6
8
0.166667 0 0 0.0406386 0 0.15855 0.251174 0.485549 
0 0.155454 0 0 0 0 0.146096 0.146199 
0.0117117 0.328348 0.036 0 0.029453 0.0116906 0.312039 0.392638 
0 0 0.0040404 0.170149 0.0103858 0.0127955 0 0.330153 
0.118675 0 0 0 0 0.245919 0 0.254369 
0 0 0 0.0100287 0.154391 0 0.0927835 0.462168 

Sample_0 Sample_1 Sample_2 Sample_3 Sample_4 Sample_5 
4;5;6;7;8;9;10;11;12;15;16 23;24;25;26;27;28;29;30;31;32;33;34;35;36;37 18;19;20;21;22 93;94;95;96;97;98;99 43;44;45;46;47;48;49 13;14;38;39;40;41;42;54;55;56;57;58;59;60;61;62;63;64;65;66;67;68;69;70;71;72;73;74;75;76;77;78;79;80;81;82;83;84;85;86;87;88;89;90;91;92 50;51;52;53 0;1;2;3;17 

6
5
0.556488 0 0.0812772 0 0.333333 
0.292398 0 0 0 0 
0.630947 0.058906 0 0.072 0.0234234 
0.291155 0.0207715 0.340299 0.00808081 0 
0.271387 0 0 0 0.237351 
0.595496 0.308782 0.0200573 0 0 
5
5
1 0 0 0 0 
1 1 0 0 0 
1 0 1 0 0 
1 0 0 1 0 
1 0 0 0 1 

1 1 1 1 1 
6
5
0.485549 0 0.0406386 0 0.166667 
0.146199 0 0 0 0 
0.392638 0.029453 0 0.036 0.0117117 
0.330153 0.0103858 0.170149 0.0040404 0 
0.254369 0 0 0 0.118675 
0.462168 0.154391 0.0100287 0 0 

Sample_0 Sample_1 Sample_2 Sample_3 Sample_4 Sample_5 
7 4 3 2 0 

