gene_id	Sample_0	Sample_0	Sample_1	Sample_1	Sample_2	Sample_2	Sample_3	Sample_3	Sample_4	Sample_4	Sample_5	Sample_5
17;18;19;20;21;22;23;24;25	335	130	362	43	457	0	400	14	478	0	395	51
0;4	100	14	106	0	101	0	71	18	82	0	101	0
31;32;33;34;35;36;37;38;39;40;41	580	0	549	0	505	44	550	0	558	0	457	88
93;94;95;96;97;98;99	353	0	290	32	345	0	285	9	369	0	341	0
57;58;59;60;61;62;64;65;66;67;68;69;70;71;72;73;74;75;76;77;78;79;80;81;82;84;85;86;87;88;89;90;91	1346	263	1568	52	1435	196	1121	558	1640	0	1637	0
42;43;44;45;46;47;48;49;53;54;55;56	324	285	281	299	362	254	414	203	538	53	415	222
63;83	79	31	124	2	81	12	73	23	100	0	121	0
2;3	82	17	96	0	94	0	83	8	108	0	96	0
26;27;28;29;30	228	0	190	78	178	82	244	8	224	21	196	48
92	48	0	54	13	56	0	44	2	48	3	56	4
6;7;8;9;10;11;12;13;14;15;16	513	9	509	21	547	0	498	73	530	0	545	0
50;51;52	91	79	103	63	94	52	86	64	130	5	78	58
1;5	78	21	100	0	98	0	79	29	96	0	94	0
