1 #sols

6
13
0.27957 0.122807 0 0 0.163456 0.46798 0.281818 0.171717 0 0 0.0172414 0.464706 0.212121 
0.106173 0 0 0.0993789 0.0320988 0.515517 0.015873 0 0.291045 0.19403 0.0396226 0.379518 0 
0 0 0.0801457 0 0.120172 0.412338 0.129032 0 0.315385 0 0 0.356164 0 
0.0338164 0.202247 0 0.0306122 0.332341 0.329011 0.239583 0.0879121 0.031746 0.0434783 0.127846 0.426667 0.268519 
0 0 0 0 0 0.0896785 0 0 0.0857143 0.0588235 0 0.037037 0 
0.11435 0 0.161468 0 0 0.348509 0 0 0.196721 0.0666667 0 0.426471 0 

Sample_0 Sample_1 Sample_2 Sample_3 Sample_4 Sample_5 
17;18;19;20;21;22;23;24;25 0;4 31;32;33;34;35;36;37;38;39;40;41 93;94;95;96;97;98;99 57;58;59;60;61;62;64;65;66;67;68;69;70;71;72;73;74;75;76;77;78;79;80;81;82;84;85;86;87;88;89;90;91 42;43;44;45;46;47;48;49;53;54;55;56 63;83 2;3 26;27;28;29;30 92 6;7;8;9;10;11;12;13;14;15;16 50;51;52 1;5 

6
7
0 0.0142862 0.343434 0 0 0.1845 0.457779 
0.268687 0.0792453 0 0.198758 0 0 0.212346 
0.552037 0 0 0 0.160291 0 0 
0 0.255692 0.175824 0.0254285 0 0.404494 0.0676329 
0.0740741 0 0 0 0 0 0 
0.301306 0 0 0 0.322936 0 0.2287 
7
7
1 0 0 0 0 0 0 
1 1 0 0 0 0 0 
1 0 1 0 0 0 0 
1 0 0 1 0 0 0 
1 0 0 0 1 0 0 
1 0 0 0 0 1 0 
1 0 0 0 0 0 1 

1 0.999934 0.972173 0.999653 0.999949 0.945045 0.999893 
6
7
0.5 0.00714312 0.171717 0 0 0.0922501 0.22889 
0.379518 0.0396226 0 0.0993789 0 0 0.106173 
0.356164 0 0 0 0.0801457 0 0 
0.464536 0.127846 0.0879121 0.0127142 0 0.202247 0.0338164 
0.037037 0 0 0 0 0 0 
0.426471 0 0 0 0.161468 0 0.11435 

Sample_0 Sample_1 Sample_2 Sample_3 Sample_4 Sample_5 
11 10 7 3 2 1 0 

