gene_id	Sample_0	Sample_0	Sample_1	Sample_1	Sample_2	Sample_2	Sample_3	Sample_3	Sample_4	Sample_4
14;15;16;17;18;19;21;23;24;25	461	22	502	18	489	0	431	51	474	0
86;87;88;89;90;92;93;94;95;96;97;98;99	482	129	478	154	451	162	546	89	392	263
36;37;38;39;40;42;43;44;45;46;48;49;50	484	153	673	0	655	0	592	85	647	0
54;55;56;57;58;59;60;61;62	409	17	459	0	471	0	425	0	362	116
20;22;72;74;78;79;81;83;85	407	0	463	0	451	8	348	78	442	0
5;6;7;8;9;10;11;12;13	217	224	363	116	281	127	204	202	292	186
0;1;3	124	26	133	20	165	0	136	0	147	15
26;27;28;29;30;31;32;33;34;35;91	396	115	469	98	528	63	483	54	357	216
73;75;76;77;80;82;84	366	0	344	0	312	20	257	106	342	0
2	43	8	35	5	48	0	47	0	48	0
41;47;51;52;53	187	85	250	0	249	0	233	30	265	0
4;63;64;65;66;67;68;69;70;71	533	0	488	17	510	44	490	0	451	37
