1 #sols

5
12
0.0455487 0.211129 0.240188 0.0399061 0 0.507937 0.173333 0.225049 0 0.156863 0.3125 0 
0.0346154 0.243671 0 0 0 0.242171 0.130719 0.17284 0 0.125 0 0.0336634 
0 0.264274 0 0 0.0174292 0.311275 0 0.106599 0.060241 0 0 0.0794224 
0.105809 0.140157 0.125554 0 0.183099 0.497537 0 0.100559 0.292011 0 0.114068 0 
0 0.401527 0 0.242678 0 0.389121 0.0925926 0.376963 0 0 0 0.0758197 

Sample_0 Sample_1 Sample_2 Sample_3 Sample_4 
14;15;16;17;18;19;21;23;24;25 86;87;88;89;90;92;93;94;95;96;97;98;99 36;37;38;39;40;42;43;44;45;46;48;49;50 54;55;56;57;58;59;60;61;62 20;22;72;74;78;79;81;83;85 5;6;7;8;9;10;11;12;13 0;1;3 26;27;28;29;30;31;32;33;34;35;91 73;75;76;77;80;82;84 2 41;47;51;52;53 4;63;64;65;66;67;68;69;70;71 

5
8
0.168698 0 0.313725 0 0.346667 0 0.0798122 0.0910973 
0 0.0356348 0.25 0 0.261438 0 0 0.0373242 
0.308364 0.158845 0 0.120482 0 0.0348584 0 0 
0 0 0 0.480222 0 0.366197 0 0.148655 
0 0.151639 0 0 0.185185 0 0.441418 0 
8
8
1 0 0 0 0 0 0 0 
1 1 0 0 0 0 0 0 
1 0 1 0 0 0 0 0 
1 0 0 1 0 0 0 0 
1 0 0 0 1 0 0 0 
1 0 0 0 0 1 0 0 
1 0 0 0 0 0 1 0 
1 0 0 0 0 0 0 1 

1 1 0.948714 1 0.998552 1 0.999999 1 
5
8
0.5 0 0.156863 0 0.173333 0 0.0399061 0.0455487 
0.292198 0.0178174 0.125 0 0.130719 0 0 0.0186621 
0.311275 0.0794224 0 0.060241 0 0.0174292 0 0 
0.497537 0 0 0.240111 0 0.183099 0 0.0743274 
0.389121 0.0758197 0 0 0.0925926 0 0.220709 0 

Sample_0 Sample_1 Sample_2 Sample_3 Sample_4 
5 11 9 8 6 4 3 0 

