1 #sols

4
10
0 0.0474632 0.190769 0 0.461538 0 0.30083 0.289965 0.1625 0.317073 
0.0239163 0.00169779 0 0.327044 0.532258 0 0.0158103 0.0825566 0.00806452 0.0510204 
0.130404 0 0.172414 0 0.454545 0.202417 0 0.326132 0.0114943 0.470085 
0 0.4375 0 0 0.362069 0 0.384778 0.423948 0 0.369565 

Sample_0 Sample_1 Sample_2 Sample_3 
67;68;69;70;71;72;73;74;75;76;77;78;80;81;84;85;87;88;89;90;91;93;94;95;96;97;98;99 32;54;55;56;57;58;59;60;61;62;63 43;44;45;46;48;49;50 64;65;66 51 53;79;82;83;86;92 33;34;35;36;37;38;39;40;41;42 0;1;2;3;4;5;6;7;8;9;10;11;12;13;14;15;16;17;18;19;20;21;24;25;26;27;28;29;30;31 47;52 22;23 

4
6
0.216538 0.325 0 0 0.381538 0 
0.28195 0.016129 0 0.654088 0 0.0478326 
0 0.00236423 0.404834 0 0.28426 0.217633 
0.724138 0 0 0 0 0 
6
6
1 0 0 0 0 0 
1 1 0 0 0 0 
1 0 1 0 0 0 
1 0 0 1 0 0 
1 0 0 0 1 0 
1 0 0 0 0 1 

1 0.99989 0.999946 0.997388 0.999978 1 
4
6
0.461538 0.1625 0 0 0.190769 0 
0.5 0.00806452 0 0.327044 0 0.0239163 
0.454545 0.00118212 0.202417 0 0.14213 0.108816 
0.362069 0 0 0 0 0 

Sample_0 Sample_1 Sample_2 Sample_3 
4 8 5 3 2 0 

