gene_id	Sample_0	Sample_0	Sample_1	Sample_1	Sample_2	Sample_2	Sample_3	Sample_3
67;68;69;70;71;72;73;74;75;76;77;78;80;81;84;85;87;88;89;90;91;93;94;95;96;97;98;99	1419	0	1306	32	1227	184	1447	0
32;54;55;56;57;58;59;60;61;62;63	582	29	588	1	563	0	306	238
43;44;45;46;48;49;50	263	62	333	0	288	60	371	0
64;65;66	136	0	107	52	134	0	163	0
51	28	24	29	33	30	25	37	21
53;79;82;83;86;92	306	0	338	0	264	67	303	0
33;34;35;36;37;38;39;40;41;42	337	145	498	8	505	0	291	182
0;1;2;3;4;5;6;7;8;9;10;11;12;13;14;15;16;17;18;19;20;21;24;25;26;27;28;29;30;31	1026	419	1378	124	967	468	890	655
47;52	67	13	123	1	86	1	91	0
22;23	56	26	93	5	62	55	58	34
