5 #sols

6
10
0 0.0261994 0.132032 0 0 0.270244 0.107588 0.0875128 0.14594 0.133176 
0.0456954 0 0.208166 0 0 0.293313 0 0 0.0751029 0.0747179 
0.312406 0 0.326261 0 0.315418 0.426142 0.11159 0.105825 0.136893 0.1087 
0.237894 0 0.338342 0.079922 0.12014 0.39323 0 0 0 0 
0 0 0 0 0 0.032477 0 0 0.0363636 0.0291309 
0 0.000328839 0.245375 0.254581 0 0.33057 0 0 0 0.000580065 

Sample_0 Sample_1 Sample_2 Sample_3 Sample_4 Sample_5 
87;88;89;90;91;92 0;1;2;3;4;5 48;49;50;51 86 52;53;54;55;56;57;58;59;60;61;62;63;64;65;66;67;68;69;70;71;72;73;74;75;76;77 6;7 25;26;27;28;29;30;31;32;33;34;36;39;41;42;43;44;45;46;47 35;37;38;40 16 8;9;10;11;12;13;14;15;17;18;19;20;21;22;23;24;78;79;80;81;82;83;84;85;93;94;95;96;97;98;99 

6
5
0.0978874 0.175026 0.215176 0 0.0523988 
0.586626 0 0 0 0 
0.417452 0.211651 0.223181 0 0 
0.626617 0 0 0.159844 0 
0.064954 0 0 0 0 
0.151322 0 0 0.509161 0.000657678 
5
5
1 0 0 0 0 
1 1 0 0 0 
1 0 1 0 0 
1 0 0 1 0 
1 0 0 0 1 

1 1 1 0.999994 1 
6
5
0.270244 0.0875128 0.107588 0 0.0261994 
0.293313 0 0 0 0 
0.426142 0.105825 0.11159 0 0 
0.39323 0 0 0.079922 0 
0.032477 0 0 0 0 
0.33057 0 0 0.254581 0.000328839 

Sample_0 Sample_1 Sample_2 Sample_3 Sample_4 Sample_5 
5 7 6 3 1 

6
5
0.221737 0.266352 0 0 0.0523988 
0.43719 0.149436 0 0 0 
0.00404723 0.2174 0.630837 0 0 
0.386337 0 0.24028 0.159844 0 
0.00669216 0.0582618 0 0 0 
0.150162 0.00116013 0 0.509161 0.000657678 
5
5
1 0 0 0 0 
1 1 0 0 0 
1 0 1 0 0 
1 0 0 1 0 
1 0 0 0 1 

1 0.823804 1 0.999994 1 
6
5
0.270244 0.133176 0 0 0.0261994 
0.293313 0.0747179 0 0 0 
0.426142 0.1087 0.315418 0 0 
0.39323 0 0.12014 0.079922 0 
0.032477 0.0291309 0 0 0 
0.33057 0.000580065 0 0.254581 0.000328839 

Sample_0 Sample_1 Sample_2 Sample_3 Sample_4 Sample_5 
5 9 4 3 1 

6
5
0.00656105 0.266352 0.215176 0 0.0523988 
0.43719 0.149436 0 0 0 
0.411703 0.2174 0.223181 0 0 
0.626617 0 0 0.159844 0 
0.00669216 0.0582618 0 0 0 
0.150162 0.00116013 0 0.509161 0.000657678 
5
5
1 0 0 0 0 
1 1 0 0 0 
1 0 1 0 0 
1 0 0 1 0 
1 0 0 0 1 

1 0.823804 1 0.999994 1 
6
5
0.270244 0.133176 0.107588 0 0.0261994 
0.293313 0.0747179 0 0 0 
0.426142 0.1087 0.11159 0 0 
0.39323 0 0 0.079922 0 
0.032477 0.0291309 0 0 0 
0.33057 0.000580065 0 0.254581 0.000328839 

Sample_0 Sample_1 Sample_2 Sample_3 Sample_4 Sample_5 
5 9 6 3 1 

6
5
0.0467115 0.266352 0.175026 0 0.0523988 
0.43719 0.149436 0 0 0 
0.423233 0.2174 0.211651 0 0 
0.626617 0 0 0.159844 0 
0.00669216 0.0582618 0 0 0 
0.150162 0.00116013 0 0.509161 0.000657678 
5
5
1 0 0 0 0 
1 1 0 0 0 
1 0 1 0 0 
1 0 0 1 0 
1 0 0 0 1 

1 0.823804 1 0.999994 1 
6
5
0.270244 0.133176 0.0875128 0 0.0261994 
0.293313 0.0747179 0 0 0 
0.426142 0.1087 0.105825 0 0 
0.39323 0 0 0.079922 0 
0.032477 0.0291309 0 0 0 
0.33057 0.000580065 0 0.254581 0.000328839 

Sample_0 Sample_1 Sample_2 Sample_3 Sample_4 Sample_5 
5 9 7 3 1 

6
5
0.313063 0.175026 0 0 0.0523988 
0.586626 0 0 0 0 
0.00979599 0.211651 0.630837 0 0 
0.386337 0 0.24028 0.159844 0 
0.064954 0 0 0 0 
0.151322 0 0 0.509161 0.000657678 
5
5
1 0 0 0 0 
1 1 0 0 0 
1 0 1 0 0 
1 0 0 1 0 
1 0 0 0 1 

1 1 1 0.999994 1 
6
5
0.270244 0.0875128 0 0 0.0261994 
0.293313 0 0 0 0 
0.426142 0.105825 0.315418 0 0 
0.39323 0 0.12014 0.079922 0 
0.032477 0 0 0 0 
0.33057 0 0 0.254581 0.000328839 

Sample_0 Sample_1 Sample_2 Sample_3 Sample_4 Sample_5 
5 7 4 3 1 

