1 #sols

5
15
0.140473 0 0.0717949 0.48 0.143836 0.121212 0 0.632653 0.240166 0.0978261 0.0030303 0.443333 0.322034 0.428571 0.477296 
0.0567742 0.247191 0.240838 0.24 0 0.33049 0.0508475 0.244898 0 0.102273 0.208904 0.425993 0.363636 0.457447 0.347826 
0 0.0485437 0.261062 0.413043 0 0.343689 0 0.388889 0 0.230769 0.0874126 0.4081 0.596154 0.593407 0.47792 
0.0349462 0.0336134 0.0731707 0.0909091 0 0.0848126 0.105263 0.0961538 0 0 0.0920635 0.175258 0 0.282353 0.12537 
0 0.021978 0.15508 0.55102 0.21831 0.1537 0 0.3125 0.222222 0 0.155116 0.509317 0.412698 0.372727 0.371429 

Sample_0 Sample_1 Sample_2 Sample_3 Sample_4 
0;1;2;3;4;5;6;7;8;9;10;11;12;13;14 72;99 26;28;31;37 59 81;86;92 25;27;29;30;32;33;34;35;36;38 15;16;17;18;19;20;21;22 57 75;76;77;78;79;80;82;83;84;85;87;88;89;90;91;93;96;97;98 94;95 23;24;70;71;73;74 39;43;45;48;54;60 55 40;67 41;42;44;46;47;49;50;51;52;53;56;58;61;62;63;64;65;66;68;69 

5
8
0 0.000626193 0.0823156 0.480331 0 0.165782 0 0.21994 
0 0.307157 0.0861328 0 0.0576127 0 0.47209 0.0770071 
0.0827484 0.174825 0.461538 0 0 0 0.0970874 0 
0 0.184127 0 0 0.210526 0 0.0181883 0.064772 
0 0.310231 0 0.400256 0 0.282101 0.00741212 0 
8
8
1 0 0 0 0 0 0 0 
1 1 0 0 0 0 0 0 
1 0 1 0 0 0 0 0 
1 0 0 1 0 0 0 0 
1 0 0 0 1 0 0 0 
1 0 0 0 0 1 0 0 
1 0 0 0 0 0 1 0 
1 0 0 0 0 0 0 1 

1 0.998733 0.999529 1 0.995496 1 0.998846 1 
5
8
0.474497 0.000313097 0.0411578 0.240166 0 0.0828908 0 0.10997 
0.5 0.153579 0.0430664 0 0.0288063 0 0.236045 0.0385036 
0.4081 0.0874126 0.230769 0 0 0 0.0485437 0 
0.238807 0.0920635 0 0 0.105263 0 0.00909415 0.032386 
0.5 0.155116 0 0.200128 0 0.141051 0.00370606 0 

Sample_0 Sample_1 Sample_2 Sample_3 Sample_4 
11 10 9 8 6 4 1 0 

