gene_id	Sample_0	Sample_0	Sample_1	Sample_1	Sample_2	Sample_2	Sample_3	Sample_3
70;82;87	82	62	98	65	65	83	124	18
22;23;24;25;26;27;28;29;30;31;32;33;34;35;36;37;38;39;40;41;42;43;44;45;46;47;48;49;50;52	1277	188	1240	269	1592	2	1483	0
91;92;93;94;95;96;97;98;99	433	4	439	6	436	43	441	0
81;84	61	33	72	27	58	30	90	15
88;89;90	102	45	143	0	119	52	170	0
11;12;13;15;16;17;18;19;20;21	383	76	388	107	415	78	488	0
58;59;60;61;63;64;65;66;67;69;72;73;74;75;76;77;78;79;80;85;86	516	512	646	352	597	466	813	211
57;62;68;71;83	159	118	114	127	141	95	196	40
55;56	68	38	93	0	83	25	92	20
0;1;2;3;4;5;6;7;8;9;10;51;53;54	677	3	557	103	691	4	698	0
14	42	8	41	22	51	10	51	0
