1 #sols

6
9
0.169682 0.0239977 0.274933 0 0.484907 0 0 0.172556 0.487792 
0 0 0.149641 0 0.135289 0.153665 0 0 0.139675 
0.0105384 0 0.287883 0.027065 0.333333 0.308366 0.0270425 0.0109365 0.426132 
0 0.163169 0 0.0163542 0.185263 0 0.0119471 0.0151536 0.370581 
0.141789 0 0 0 0.241779 0 0 0.251911 0.241594 
0 0.0140315 0.101733 0 0.45283 0 0.177266 0 0.483275 

Sample_0 Sample_1 Sample_2 Sample_3 Sample_4 Sample_5 
4;5;6;7;8;9;10;11;12;13;14;15;16 93;94;95;96;97;98;99 50;51;52;53 18;19;20;21;22 17 23;24;25;26;27;28;29;30;31;32;33;34;35;36;37 43;44;45;46;47;48;49 38;39;40;41;42;54;55;56;57;58;59;60;61;62;63;64;65;66;67;68;69;70;71;72;73;74;75;76;77;78;79;80;81;82;83;84;85;86;87;88;89;90;91;92 0;1;2;3 

6
5
0.588226 0 0 0.0479955 0.339363 
0.279349 0 0 0 0 
0.722972 0.054085 0.0541299 0 0.0210767 
0.358221 0.0238942 0.0327084 0.326338 0 
0.199611 0 0 0 0.283577 
0.583955 0.354532 0 0.0280631 0 
5
5
1 0 0 0 0 
1 1 0 0 0 
1 0 1 0 0 
1 0 0 1 0 
1 0 0 0 1 

1 1 1 1 1 
6
5
0.487792 0 0 0.0239977 0.169682 
0.139675 0 0 0 0 
0.426132 0.0270425 0.027065 0 0.0105384 
0.370581 0.0119471 0.0163542 0.163169 0 
0.241594 0 0 0 0.141789 
0.483275 0.177266 0 0.0140315 0 

Sample_0 Sample_1 Sample_2 Sample_3 Sample_4 Sample_5 
8 6 3 1 0 

