gene_id	Sample_0	Sample_0	Sample_1	Sample_1	Sample_2	Sample_2	Sample_3	Sample_3	Sample_4	Sample_4	Sample_5	Sample_5
58;59;61;62;63;64;65;66;67;68;69;70;71;72;73;74;75;76;77;78;80;81;83;84;85;86;87	1909	767	2185	477	1600	1101	1458	1303	2322	340	1922	767
27;28;29;30;31;32;33;34;35;36;37;38;39;40;41;42;43;44;45;46;47;48	2243	0	1923	299	2202	0	2134	0	2203	0	2080	162
11;12;13;14;15;16;17;18;19;20;21	1051	120	924	174	807	319	538	523	1103	0	931	186
0;1;2;3;4;5;6;7;8;9;10;49;50;51;52;53;54	1654	0	1696	52	1810	0	1745	0	1611	123	1776	0
96;97;98;99	390	0	361	9	380	0	203	211	390	0	381	0
91;92;93;94;95	504	0	476	0	368	103	480	10	518	0	500	0
57;60;79;82	321	110	335	91	254	161	233	162	371	74	279	133
23;24;26	260	23	255	28	287	13	318	0	308	0	280	20
55;56;88;89;90	421	72	517	0	515	17	502	0	454	35	457	63
22;25	174	16	162	31	178	5	206	0	210	0	163	19
