1 #sols

6
10
0.123153 0 0 0 0.366864 0.292683 0 0 0 0 
0 0 0.286184 0.193582 0.424731 0.45 0.0764331 0 0.1 0.247813 
0 0.0617978 0 0 0.456604 0.147727 0.0393701 0 0.0505051 0.0830769 
0 0.0375171 0 0 0.416819 0.435185 0.1125 0.166297 0 0 
0.0285714 0 0 0 0.386617 0.165217 0 0 0 0 
0 0 0.236486 0.187898 0.242701 0.290323 0 0.0357995 0.181818 0.191011 

Sample_0 Sample_1 Sample_2 Sample_3 Sample_4 Sample_5 
52;53;54;55;56;57;58;59;60;61;62;63 13;14;15;16;17;18;19;30;31;32;33;34;35;36;37;38;39;40;41;42;43;44;45;46;47;48;49;50;51 78;83;84;89;91;93 29;70;71;72;73;74;75;76;77;79;80;81;82;85;86;87;88;90;92 0;1;2;3;4;5;6;7;8;9;10 11;12 94;95;96 64;65;66;67;68;69;97;98;99 23;25 20;21;22;24;26;27;28 

6
8
0.33906 0 0 0 0 0 0 0.246305 
0 0.384505 0.117979 0 0.0721213 0.325394 0 0 
0 0.166154 0.10101 0 0.0787402 0 0.123596 0 
0.237742 0 0 0.332594 0.225 0 0.0750341 0 
0.273292 0 0 0 0 0 0 0.0571429 
0 0.284933 0.201635 0.0363573 0 0.314107 0 0 
8
8
1 0 0 0 0 0 0 0 
1 1 0 0 0 0 0 0 
1 0 1 0 0 0 0 0 
1 0 0 1 0 0 0 0 
1 0 0 0 1 0 0 0 
1 0 0 0 0 1 0 0 
1 0 0 0 0 0 1 0 
1 0 0 0 0 0 0 1 

1 0.966146 0.960992 1 0.997236 0.990221 0.998238 0.999997 
6
8
0.292683 0 0 0 0 0 0 0.123153 
0.45 0.192253 0.0589897 0 0.0360606 0.162697 0 0 
0.23475 0.0830769 0.0505051 0 0.0393701 0 0.0617978 0 
0.435185 0 0 0.166297 0.1125 0 0.0375171 0 
0.165217 0 0 0 0 0 0 0.0285714 
0.418516 0.142466 0.100817 0.0181787 0 0.157054 0 0 

Sample_0 Sample_1 Sample_2 Sample_3 Sample_4 Sample_5 
5 9 8 7 6 3 1 0 

