MultiBinom clustering
Convergence threshold: 1.000000
Initial num clusters: 100
kmeans: True

Time taken: 51.318962
ARI: 0.667157
Cluster freq error: 0.002720
Num active clusters: 10
Cluster assignments
9
9
9
9
9
1
9
9
9
9
9
7
7
7
7
7
7
7
7
7
9
1
9
1
1
9
9
9
9
9
9
9
9
9
9
1
9
9
9
9
9
9
9
9
1
9
9
8
8
8
8
8
8
8
8
8
8
8
8
8
8
8
8
0
7
7
7
7
3
3
3
3
3
3
3
6
3
6
6
3
3
3
3
3
3
6
5
5
5
5
5
5
5
2
5
5
5
4
6
6
Alpha posterior values
0.0000 0.0000 1489.4290 0.0000 207.6901 0.0000 0.0000 0.0000 0.0000 0.0000 572.6232 5104.3688 0.0000 0.0000 291.0077 844.3099 0.0000 0.0000 2313.6312 0.0000 0.0000 0.0000 0.0000 0.0000 2743.0000 0.0000 0.0000 0.0000 0.0000 2.6745 0.0000 5641.2656 0.0000 0.0000 0.0000 0.0000 0.0000 0.0000 0.0000 0.0000 0.0000 0.0000 0.0000 0.0000 0.0000 0.0000 0.0000 0.0000 0.0000 0.0000 0.0000 0.0000 0.0000 0.0000 0.0000 0.0000 0.0000 0.0000 0.0000 0.0000 0.0000 0.0000 0.0000 0.0000 0.0000 0.0000 0.0000 0.0000 0.0000 0.0000 0.0000 0.0000 0.0000 0.0000 0.0000 0.0000 0.0000 0.0000 0.0000 0.0000 0.0000 0.0000 0.0000 0.0000 0.0000 0.0000 0.0000 0.0000 0.0000 0.0000 0.0000 0.0000 0.0000 0.0000 0.0000 0.0000 0.0000 0.0000 0.0000 0.0000
81.0000 0.0000 1075.5304 0.0000 402.9629 0.0000 0.0000 0.0000 0.0000 0.0000 373.8480 5665.4341 0.0000 0.0000 141.0052 1726.0371 0.0000 0.0000 2527.5659 0.0000 0.0000 0.0000 0.0000 0.0000 1798.0000 0.0000 0.0000 0.0000 0.0000 1.8269 0.0000 3798.7896 0.0000 0.0000 0.0000 0.0000 0.0000 0.0000 0.0000 0.0000 0.0000 0.0000 0.0000 0.0000 0.0000 0.0000 0.0000 0.0000 0.0000 0.0000 0.0000 0.0000 0.0000 0.0000 0.0000 0.0000 0.0000 0.0000 0.0000 0.0000 0.0000 0.0000 0.0000 0.0000 0.0000 0.0000 0.0000 0.0000 0.0000 0.0000 0.0000 0.0000 0.0000 0.0000 0.0000 0.0000 0.0000 0.0000 0.0000 0.0000 0.0000 0.0000 0.0000 0.0000 0.0000 0.0000 0.0000 0.0000 0.0000 0.0000 0.0000 0.0000 0.0000 0.0000 0.0000 0.0000 0.0000 0.0000 0.0000 0.0000
103.0000 0.0000 1365.3840 0.0000 0.0000 0.0000 0.0000 0.0000 0.0000 0.0000 522.9195 5090.0751 0.0000 0.0000 176.0061 0.0000 0.0000 0.0000 2025.9249 0.0000 0.0000 0.0000 0.0000 0.0000 0.0000 0.0000 2964.0000 0.0000 0.0000 2.5529 0.0000 5044.1374 0.0000 0.0000 0.0000 0.0000 0.0000 0.0000 0.0000 0.0000 0.0000 0.0000 0.0000 0.0000 0.0000 0.0000 0.0000 0.0000 0.0000 0.0000 0.0000 0.0000 0.0000 0.0000 0.0000 0.0000 0.0000 0.0000 0.0000 0.0000 0.0000 0.0000 0.0000 0.0000 0.0000 0.0000 0.0000 0.0000 0.0000 0.0000 0.0000 0.0000 0.0000 0.0000 0.0000 0.0000 0.0000 0.0000 0.0000 0.0000 0.0000 0.0000 0.0000 0.0000 0.0000 0.0000 0.0000 0.0000 0.0000 0.0000 0.0000 0.0000 0.0000 0.0000 0.0000 0.0000 0.0000 0.0000 0.0000 0.0000
4.0000 0.0000 562.2121 0.0000 0.0000 0.0000 0.0000 0.0000 0.0000 0.0000 201.1036 6737.1077 0.0000 0.0000 66.0025 0.0000 0.0000 0.0000 2868.8923 0.0000 0.0000 0.0000 0.0000 0.0000 0.0000 0.0000 1085.0000 0.0000 0.0000 1.0546 0.0000 1908.6272 0.0000 0.0000 0.0000 0.0000 0.0000 0.0000 0.0000 0.0000 0.0000 0.0000 0.0000 0.0000 0.0000 0.0000 0.0000 0.0000 0.0000 0.0000 0.0000 0.0000 0.0000 0.0000 0.0000 0.0000 0.0000 0.0000 0.0000 0.0000 0.0000 0.0000 0.0000 0.0000 0.0000 0.0000 0.0000 0.0000 0.0000 0.0000 0.0000 0.0000 0.0000 0.0000 0.0000 0.0000 0.0000 0.0000 0.0000 0.0000 0.0000 0.0000 0.0000 0.0000 0.0000 0.0000 0.0000 0.0000 0.0000 0.0000 0.0000 0.0000 0.0000 0.0000 0.0000 0.0000 0.0000 0.0000 0.0000 0.0000
Beta posterior values
969.0000 0.0000 6325.9211 0.0000 1959.1443 0.0000 0.0000 0.0000 0.0000 0.0000 2201.6192 8656.9226 0.0000 0.0000 732.0263 7806.8557 0.0000 0.0000 3967.0774 0.0000 0.0000 0.0000 0.0000 0.0000 10318.0000 0.0000 15850.0000 0.0000 0.0000 11.3420 0.0000 21695.0915 0.0000 0.0000 0.0000 0.0000 0.0000 0.0000 0.0000 0.0000 0.0000 0.0000 0.0000 0.0000 0.0000 0.0000 0.0000 0.0000 0.0000 0.0000 0.0000 0.0000 0.0000 0.0000 0.0000 0.0000 0.0000 0.0000 0.0000 0.0000 0.0000 0.0000 0.0000 0.0000 0.0000 0.0000 0.0000 0.0000 0.0000 0.0000 0.0000 0.0000 0.0000 0.0000 0.0000 0.0000 0.0000 0.0000 0.0000 0.0000 0.0000 0.0000 0.0000 0.0000 0.0000 0.0000 0.0000 0.0000 0.0000 0.0000 0.0000 0.0000 0.0000 0.0000 0.0000 0.0000 0.0000 0.0000 0.0000 0.0000
908.0000 0.0000 6713.3841 0.0000 1846.7437 0.0000 0.0000 0.0000 0.0000 0.0000 2383.7515 8093.1963 0.0000 0.0000 806.0294 7183.2563 0.0000 0.0000 3784.8037 0.0000 0.0000 0.0000 0.0000 0.0000 11156.0000 0.0000 16055.0000 0.0000 0.0000 12.2444 0.0000 23479.5906 0.0000 0.0000 0.0000 0.0000 0.0000 0.0000 0.0000 0.0000 0.0000 0.0000 0.0000 0.0000 0.0000 0.0000 0.0000 0.0000 0.0000 0.0000 0.0000 0.0000 0.0000 0.0000 0.0000 0.0000 0.0000 0.0000 0.0000 0.0000 0.0000 0.0000 0.0000 0.0000 0.0000 0.0000 0.0000 0.0000 0.0000 0.0000 0.0000 0.0000 0.0000 0.0000 0.0000 0.0000 0.0000 0.0000 0.0000 0.0000 0.0000 0.0000 0.0000 0.0000 0.0000 0.0000 0.0000 0.0000 0.0000 0.0000 0.0000 0.0000 0.0000 0.0000 0.0000 0.0000 0.0000 0.0000 0.0000 0.0000
857.0000 0.0000 6338.8172 0.0000 2232.6772 0.0000 0.0000 0.0000 0.0000 0.0000 2236.4181 8756.5788 0.0000 0.0000 818.0271 8909.3228 0.0000 0.0000 4283.4212 0.0000 0.0000 0.0000 0.0000 0.0000 12835.0000 0.0000 13206.0000 0.0000 0.0000 11.2350 0.0000 22273.5025 0.0000 0.0000 0.0000 0.0000 0.0000 0.0000 0.0000 0.0000 0.0000 0.0000 0.0000 0.0000 0.0000 0.0000 0.0000 0.0000 0.0000 0.0000 0.0000 0.0000 0.0000 0.0000 0.0000 0.0000 0.0000 0.0000 0.0000 0.0000 0.0000 0.0000 0.0000 0.0000 0.0000 0.0000 0.0000 0.0000 0.0000 0.0000 0.0000 0.0000 0.0000 0.0000 0.0000 0.0000 0.0000 0.0000 0.0000 0.0000 0.0000 0.0000 0.0000 0.0000 0.0000 0.0000 0.0000 0.0000 0.0000 0.0000 0.0000 0.0000 0.0000 0.0000 0.0000 0.0000 0.0000 0.0000 0.0000 0.0000
972.0000 0.0000 7204.8575 0.0000 2235.3435 0.0000 0.0000 0.0000 0.0000 0.0000 2579.2358 7000.4707 0.0000 0.0000 914.0331 8872.6565 0.0000 0.0000 3394.5293 0.0000 0.0000 0.0000 0.0000 0.0000 12992.0000 0.0000 15104.0000 0.0000 0.0000 13.0222 0.0000 25527.8514 0.0000 0.0000 0.0000 0.0000 0.0000 0.0000 0.0000 0.0000 0.0000 0.0000 0.0000 0.0000 0.0000 0.0000 0.0000 0.0000 0.0000 0.0000 0.0000 0.0000 0.0000 0.0000 0.0000 0.0000 0.0000 0.0000 0.0000 0.0000 0.0000 0.0000 0.0000 0.0000 0.0000 0.0000 0.0000 0.0000 0.0000 0.0000 0.0000 0.0000 0.0000 0.0000 0.0000 0.0000 0.0000 0.0000 0.0000 0.0000 0.0000 0.0000 0.0000 0.0000 0.0000 0.0000 0.0000 0.0000 0.0000 0.0000 0.0000 0.0000 0.0000 0.0000 0.0000 0.0000 0.0000 0.0000 0.0000 0.0000
Cluster phi posterior values
0.0000 0.1905 0.0956 0.3709 0.2842 0.0975 0.3683 0.2100 0.0000 0.2063
0.0815 0.1380 0.1789 0.4118 0.1485 0.1937 0.4004 0.1387 0.0000 0.1392
0.1069 0.1772 0.0000 0.3676 0.1767 0.0000 0.3211 0.0000 0.1833 0.1846
0.0036 0.0723 0.0000 0.4904 0.0669 0.0000 0.4580 0.0000 0.0670 0.0695
