gene_id	Sample_0	Sample_0	Sample_1	Sample_1	Sample_2	Sample_2	Sample_3	Sample_3	Sample_4	Sample_4	Sample_5	Sample_5
95;96	107	0	96	10	71	4	98	16	92	0	95	0
0;1;2;3;4;5;6;7;8;9;10;11;12	408	222	376	282	363	255	380	275	426	227	481	160
29;70;71;72;73;74;75;76;77;78;79;80;81;82;83;84;85;86;87;88;89;90;91;92;93	1217	0	996	274	1221	0	1256	0	1181	0	991	247
52;53;54;55;56;57;58;59;60;61;62;63	534	75	597	0	574	0	595	0	578	17	607	0
14;16;18;94	203	0	197	2	203	1	196	9	209	0	219	0
64;65;66;67;68;69;97;98;99	479	0	465	0	442	0	376	75	470	0	404	15
23;25	107	0	90	10	94	5	109	0	122	0	81	18
20;21;22;27;28	243	0	195	58	207	15	256	0	275	0	217	41
24;26	108	0	63	27	91	12	95	0	91	0	71	27
13;15;17;19;30;31;32;33;34;35;36;37;38;39;40;41;42;43;44;45;46;47;48;49;50;51	1291	0	1308	0	1184	88	1259	48	1254	0	1276	0
