1 #sols

6
9
0 0 0 0.283472 0.146045 0.0824524 0.25 0.102477 0 
0.0243243 0 0.0297483 0.181184 0 0.12395 0.2875 0.15847 0.134563 
0 0.218684 0 0.406673 0.0319549 0.0372671 0.348315 0.283304 0 
0.509662 0.0204082 0 0.464964 0 0 0.441176 0.492931 0 
0 0 0.0709343 0.132888 0.0715746 0 0.142857 0 0 
0 0 0 0.286809 0.121154 0.0809129 0.393939 0.166517 0.0722569 

Sample_0 Sample_1 Sample_2 Sample_3 Sample_4 Sample_5 
96;97;98;99 91;92;93;94;95 0;1;2;3;4;5;6;7;8;9;10;49;50;51;52;53;54 57;58;59;60;61;62;63;64;65;66;67;68;69;70;71;72;73;74;75;76;77;78;79;80;81;83;84;85;86;87 55;56;88;89;90 22;23;24;25;26 82 11;12;13;14;15;16;17;18;19;20;21 27;28;29;30;31;32;33;34;35;36;37;38;39;40;41;42;43;44;45;46;47;48 

6
6
0.0430059 0 0.164905 0.292089 0 0 
0 0.269127 0.247899 0 0.0579739 0 
0.120818 0 0.0745342 0.0639098 0 0.437367 
0.841537 0 0 0 0 0.0408163 
0.000696489 0 0 0.143149 0.141869 0 
0.239232 0.144514 0.161826 0.242308 0 0 
6
6
1 0 0 0 0 0 
1 1 0 0 0 0 
1 0 1 0 0 0 
1 0 0 1 0 0 
1 0 0 0 1 0 
1 0 0 0 0 1 

1 0.999837 0.99984 0.991476 0.99621 0.995124 
6
6
0.25 0 0.0824524 0.146045 0 0 
0.2875 0.134563 0.12395 0 0.028987 0 
0.348315 0 0.0372671 0.0319549 0 0.218684 
0.441176 0 0 0 0 0.0204082 
0.142857 0 0 0.0715746 0.0709343 0 
0.393939 0.0722569 0.0809129 0.121154 0 0 

Sample_0 Sample_1 Sample_2 Sample_3 Sample_4 Sample_5 
6 8 5 4 2 1 

