1 #sols

6
6
0.379894 0 0 0.0406386 0.166667 0.15855 
0.146154 0.155454 0 0 0 0 
0.356027 0.328348 0.0321517 0 0.0117117 0.0116906 
0.185822 0 0.00769889 0.170149 0 0.0127955 
0.142237 0 0 0 0.118675 0.245919 
0.298746 0 0.0895645 0.0100287 0 0 

Sample_0 Sample_1 Sample_2 Sample_3 Sample_4 Sample_5 
0;1;2;3;17;50;51;52;53 23;24;25;26;27;28;29;30;31;32;33;34;35;36;37 18;19;20;21;22;43;44;45;46;47;48;49 93;94;95;96;97;98;99 4;5;6;7;8;9;10;11;12;15;16 13;14;38;39;40;41;42;54;55;56;57;58;59;60;61;62;63;64;65;66;67;68;69;70;71;72;73;74;75;76;77;78;79;80;81;82;83;84;85;86;87;88;89;90;91;92 

6
3
0.426455 0.333333 0 
0.292308 0 0 
0.624327 0.0234234 0.0643034 
0.356246 0 0.0153978 
0.0471229 0.237351 0 
0.418362 0 0.179129 
3
3
1 0 0 
1 1 0 
1 0 1 

1 0.94144 1 
6
3
0.379894 0.166667 0 
0.146154 0 0 
0.356027 0.0117117 0.0321517 
0.185822 0 0.00769889 
0.142237 0.118675 0 
0.298746 0 0.0895645 

Sample_0 Sample_1 Sample_2 Sample_3 Sample_4 Sample_5 
0 4 2 

