1 #sols

6
10
0 0 0.272787 0.132075 0 0.114783 0.175325 0.16 0.028436 0 
0.0153061 0.121127 0.183136 0.097561 0.0279871 0.147005 0 0 0.142202 0 
0 0 0.404105 0.0238095 0 0.273567 0 0.163793 0.0337553 0.250996 
0.476636 0 0.490711 0 0 0.478261 0 0 0 0.0321285 
0 0 0.132812 0 0.0699881 0 0.0909091 0.0612245 0 0 
0 0.0865801 0.269831 0.0816327 0 0.135283 0.125828 0.147059 0.0740741 0 

Sample_0 Sample_1 Sample_2 Sample_3 Sample_4 Sample_5 
96;97;98;99 27;28;29;30;31;32;33;34;35;36;37;38;39;40;41;42;43;44;45;46;47;48 57;58;59;60;61;62;63;64;65;66;67;68;69;70;71;72;73;74;75;76;77;78;79;80;81;82;83;84;85;86;87 25 0;1;2;3;4;5;6;7;8;9;10;49;50;51;52;53;54 11;12;13;14;15;16;17;18;19;20;21 88;89;90 55;56 22;23;24;26 91;92;93;94;95 

6
7
0 0 0.0194024 0.308725 0.217447 0 0 
0 0 0.18129 0 0 0.0335035 0.194816 
0 0.413114 0.0675105 0.327586 0 0 0 
0.917165 0.064257 0 0 0 0 0 
0 0 0 0.0420086 0.088658 0.134958 0 
0 0 0.0739649 0.152603 0.140321 0 0.172772 
7
7
1 0 0 0 0 0 0 
1 1 0 0 0 0 0 
1 0 1 0 0 0 0 
1 0 0 1 0 0 0 
1 0 0 0 1 0 0 
1 0 0 0 0 1 0 
1 0 0 0 0 0 1 

1 0.999999 0.925871 0.980537 0.914384 0.999999 0.999991 
6
7
0.272787 0 0.00970122 0.154363 0.108724 0 0 
0.204805 0 0.0906449 0 0 0.0167518 0.0974082 
0.404105 0.206557 0.0337553 0.163793 0 0 0 
0.490711 0.0321285 0 0 0 0 0 
0.132812 0 0 0.0210043 0.044329 0.0674792 0 
0.269831 0 0.0369825 0.0763015 0.0701607 0 0.0863858 

Sample_0 Sample_1 Sample_2 Sample_3 Sample_4 Sample_5 
2 9 8 7 6 4 1 

