gene_id	Sample_0	Sample_0	Sample_1	Sample_1	Sample_2	Sample_2	Sample_3	Sample_3	Sample_4	Sample_4	Sample_5	Sample_5
96;97;98;99	202	0	193	3	207	0	112	102	178	0	193	0
27;28;29;30;31;32;33;34;35;36;37;38;39;40;41;42;43;44;45;46;47;48	1086	0	936	129	1105	0	1091	0	1099	0	1055	100
57;58;59;60;61;62;63;64;65;66;67;68;69;70;71;72;73;74;75;76;77;78;79;80;81;82;83;84;85;86;87	1101	413	1240	278	929	630	795	766	1332	204	1077	398
25	46	7	37	4	41	1	46	0	50	0	45	4
0;1;2;3;4;5;6;7;8;9;10;49;50;51;52;53;54	820	0	903	26	826	0	831	0	784	59	884	0
11;12;13;14;15;16;17;18;19;20;21	509	66	470	81	393	148	300	275	524	0	473	74
88;89;90	127	27	155	0	139	0	148	0	130	13	132	19
55;56	84	16	85	0	97	19	90	0	92	6	87	15
22;23;24;26	205	6	187	31	229	8	199	0	203	0	175	14
91;92;93;94;95	226	0	276	0	188	63	241	8	237	0	231	0
