1 #sols

5
8
0.169111 0.0027894 0.167614 0 0.00700935 0.256693 0.0625 0.0903226 
0.116112 0 0.27095 0.0561497 0 0.451299 0 0 
0.181416 0.053682 0.161765 0 0 0.243328 0.0403023 0 
0.0487589 0.0962457 0.0116279 0 0.123913 0.347892 0 0.0816327 
0 0 0 0.0683761 0 0.0525502 0 0 

Sample_0 Sample_1 Sample_2 Sample_3 Sample_4 
1;2;3;4;5;6;8;9;10;11;12;13;14;15;16;18;19;21;22;23;24;78;79 0;25;26;27;29;30;32;33;34;35;36;38;39;40;41;43;44;46;47;48;49;51;52;53;54;55;56;57;58;59 7;17;20;76;77;80;81 93;94;95;96;97;98;99 28;31;37;42;45;50;82;83;84 60;61;62;63;64;65;66;67;68;69;70;71;72 85;86;87;88;89;90;91;92 73;74;75 

5
6
0 0.180645 0.125 0.0140187 0.28565 0.00150387 
0.360698 0 0 0 0.541899 0 
0 0 0.0806045 0 0.298688 0.107364 
0.0689445 0.163265 0 0.247826 0.0232558 0.192491 
0.1051 0 0 0 0 0 
6
6
1 0 0 0 0 0 
1 1 0 0 0 0 
1 0 1 0 0 0 
1 0 0 1 0 0 
1 0 0 0 1 0 
1 0 0 0 0 1 

1 0.998922 1 1 0.998559 1 
5
6
0.303409 0.0903226 0.0625 0.00700935 0.142825 0.000751935 
0.451299 0 0 0 0.27095 0 
0.243328 0 0.0403023 0 0.149344 0.053682 
0.347892 0.0816327 0 0.123913 0.0116279 0.0962457 
0.0525502 0 0 0 0 0 

Sample_0 Sample_1 Sample_2 Sample_3 Sample_4 
5 7 6 4 2 1 

