gene_id	Sample_0	Sample_0	Sample_1	Sample_1	Sample_2	Sample_2	Sample_3	Sample_3	Sample_4	Sample_4	Sample_5	Sample_5
25;26;30;33;35;43;44;47	712	56	837	0	725	63	773	0	784	0	745	0
87;88;89;90;91;92	602	0	563	27	408	197	414	128	582	0	620	0
10;11;12;15;16;17;18;22;79;80;81;83;84;85;94;98	1338	229	1552	66	1406	179	1576	0	1541	68	1634	0
48;49;50;51	352	47	332	87	267	118	284	147	414	0	286	104
86	96	0	87	0	97	0	88	14	96	0	87	22
0;1;2;3;4;5	576	17	582	0	575	0	588	0	577	0	618	0
27;28;29;31;32;34;36;37;38;39;40;41;42;45;46	1270	183	1493	0	1349	175	1422	0	1537	0	1494	0
52;53;54;55;56;57;58;59;60;61;62;63;64;65;66;67;68;69;70;71;72;73;74;75;76;77	2600	0	2607	0	1787	814	2286	313	2622	0	2663	0
8;9;13;19;20;21;23;24;78;82;93;95;96;97;99	1295	168	1439	127	1290	182	1460	0	1483	33	1548	1
6;7	152	48	147	63	114	88	122	70	218	9	147	62
14	87	19	75	10	78	21	98	0	105	3	108	0
