1 #sols

6
11
0.0729167 0 0.146139 0.117794 0 0.0286678 0.125946 0 0.114833 0.24 0.179245 
0 0.0457627 0.0407911 0.207637 0 0 0 0 0.0810983 0.3 0.117647 
0.0799492 0.32562 0.112934 0.306494 0 0 0.114829 0.312957 0.123641 0.435644 0.212121 
0 0.236162 0 0.341067 0.137255 0 0 0.120431 0 0.364583 0 
0 0 0.0422623 0 0 0 0 0 0.0217678 0.0396476 0.0277778 
0 0 0 0.266667 0.201835 0 0 0 0.000645578 0.296651 0 

Sample_0 Sample_1 Sample_2 Sample_3 Sample_4 Sample_5 
25;26;30;33;35;43;44;47 87;88;89;90;91;92 10;11;12;15;16;17;18;22;79;80;81;83;84;85;94;98 48;49;50;51 86 0;1;2;3;4;5 27;28;29;31;32;34;36;37;38;39;40;41;42;45;46 52;53;54;55;56;57;58;59;60;61;62;63;64;65;66;67;68;69;70;71;72;73;74;75;76;77 8;9;13;19;20;21;23;24;78;82;93;95;96;97;99 6;7 14 

6
6
0.0249384 0 0.251893 0.0573356 0 0.145833 
0.6 0 0 0 0 0 
0 0.579938 0.190476 0 0 0.116084 
0.213795 0.240862 0 0 0.27451 0 
0.0792952 0 0 0 0 0 
0.189632 0 0 0 0.40367 0 
6
6
1 0 0 0 0 0 
1 1 0 0 0 0 
1 0 1 0 0 0 
1 0 0 1 0 0 
1 0 0 0 1 0 
1 0 0 0 0 1 

1 0.999796 0.999982 0.999997 0.964719 1 
6
6
0.24 0 0.125946 0.0286678 0 0.0729167 
0.3 0 0 0 0 0 
0.443249 0.289969 0.095238 0 0 0.058042 
0.364583 0.120431 0 0 0.137255 0 
0.0396476 0 0 0 0 0 
0.296651 0 0 0 0.201835 0 

Sample_0 Sample_1 Sample_2 Sample_3 Sample_4 Sample_5 
9 7 6 5 4 0 

