1 #sols

5
8
0.134243 0.40191 0.326478 0.201005 0.142487 0 0 0.0177891 
0.100404 0.226526 0.15903 0 0 0.153437 0 0 
0.0512541 0 0 0 0 0 0 0 
0.315585 0 0 0 0 0.159699 0.123913 0 
0.100494 0.174252 0.116216 0.122449 0.178478 0 0 0.0559896 

Sample_0 Sample_1 Sample_2 Sample_3 Sample_4 
0;1;8;9;74;75;76;77;78;79;80;81;82;83;84;85;86;87 32;33;34;35;36;37;38;39;40;42;43;44;45;46;47;48;50;51;52;53;54;55;56;57;58;59;60;61;63;64;65;66;67;68;69;71;72;73 41;49;62;70 4;7 2;3;5;6 10;11;12;13;14;15;16;17;18;19;20;21;22;23;24;25;26;27;28;29;30;31 96;97;98;99 88;89;90;91;92;93;94;95 

5
3
0.232909 0.0355781 0 
0.200808 0 0 
0.102508 0 0 
0.383344 0 0.247826 
0.0890093 0.111979 0 
3
3
1 0 0 
1 1 0 
1 0 1 

1 0.999916 1 
5
3
0.134243 0.0177891 0 
0.100404 0 0 
0.0512541 0 0 
0.315585 0 0.123913 
0.100494 0.0559896 0 

Sample_0 Sample_1 Sample_2 Sample_3 Sample_4 
0 7 6 

