gene_id	Sample_0	Sample_0	Sample_1	Sample_1	Sample_2	Sample_2	Sample_3	Sample_3	Sample_4	Sample_4	Sample_5	Sample_5
87;88;89;90;91;92	6112	0	5764	276	4096	1861	4501	1405	6122	0	5975	0
0;1;2;3;4;5	5724	154	5949	0	5891	0	5972	0	6013	0	6080	2
48;49;50;51	3425	521	3161	831	2699	1307	2642	1351	4081	0	3100	1008
86	943	0	1025	0	978	0	944	82	949	0	773	264
52;53;54;55;56;57;58;59;60;61;62;63;64;65;66;67;68;69;70;71;72;73;74;75;76;77	25811	0	26005	0	17769	8187	22652	3093	25639	0	26024	0
6;7	1496	554	1395	579	1181	877	1219	790	1996	67	1373	678
25;26;27;28;29;30;31;32;33;34;36;39;41;42;43;44;45;46;47	17112	2063	18944	0	16687	2096	19056	0	18889	0	18880	0
35;37;38;40	3566	342	4083	0	3515	416	4105	0	4092	0	4004	0
16	831	142	899	73	889	141	946	0	954	36	1032	0
8;9;10;11;12;13;14;15;17;18;19;20;21;22;23;24;78;79;80;81;82;83;84;85;93;94;95;96;97;98;99	26810	4119	28532	2304	27559	3361	31031	0	30195	906	31013	18
