gene_id	Sample_0	Sample_0	Sample_1	Sample_1	Sample_2	Sample_2	Sample_3	Sample_3	Sample_4	Sample_4
72;73;74;75;76;77;78;79;80;81;82;83;84;85	13904	0	14082	0	13481	652	10384	3635	13950	0
36;37;38;39;40;41;42;43;44;45;46;47;48;49;50;51;52;53	13409	4615	17879	0	18037	0	15743	2259	17813	0
5;6;7;8;9;10;11;12;13	4650	4265	6723	2410	6354	2643	4509	4332	5579	3381
4;63;64;65;66;67;68;69;70;71	9975	0	9664	308	9068	947	10106	0	9249	643
54;55;56;57;58;59;60;61;62	8776	411	9133	0	9092	0	8956	0	7057	2126
14;15;16;17;18;19;20;21;22;23;24;25	11511	558	11624	246	11852	0	10874	1246	11952	0
26;27;28;29;30;31;32;33;34;35	7905	2246	8206	1859	9149	894	8844	1174	6073	3796
0;1;2;3	3516	506	3396	574	4005	0	4037	23	3771	287
86;87;88;89;90;91;92;93;94;95;96;97;98;99	10919	3079	10423	3676	10385	3541	12496	1561	8854	5210
