1 #sols

6
10
0.415 0.0620985 0.243655 0.105943 0 0.472119 0.433498 0 0 0.470691 
0.299492 0.125576 0 0 0 0.443089 0.513089 0.116056 0 0.453169 
0.403941 0.268868 0.157068 0 0.117355 0.389002 0.364532 0.0234043 0.185606 0.441722 
0.186603 0.026287 0 0.144893 0 0.114723 0.195767 0.0267615 0 0.19679 
0.244792 0.171625 0.0552764 0.0407125 0 0.31203 0.218579 0.0111953 0 0.283012 
0.453608 0.0665138 0.0810398 0.315136 0.0515807 0.517241 0.336735 0.0605236 0.0746461 0.461247 

Sample_0 Sample_1 Sample_2 Sample_3 Sample_4 Sample_5 
91;94 59;60;61;62;63;64;65;66;67 68;69;70;71;72;73 0;74;75;76 77;79;83;84;85;88 1;6;10;11;19 4;23 30;31;32;33;34;35;36;37;38;39;40;41;42;43;44;45;46;47;48;49;50;51;52;53;54;55;56;57;58 78;80;81;82;86;87;89;90 2;3;5;7;8;9;12;13;14;15;16;17;18;20;21;22;24;25;26;27;28;29;92;93;95;96;97;98;99 

6
6
0.11799 0 0.211886 0.48731 0.124197 0 
0.423075 0.232111 0 0 0.251152 0 
0 0.0339948 0 0.314136 0.303025 0.234711 
0 0.053523 0.287483 0 0.0525739 0 
0.00840711 0.0223905 0.0814249 0.110553 0.343249 0 
0 0.121047 0.554172 0.114247 0.0298661 0.103161 
6
6
1 0 0 0 0 0 
1 1 0 0 0 0 
1 0 1 0 0 0 
1 0 0 1 0 0 
1 0 0 0 1 0 
1 0 0 0 1 1 

1 1 0.994777 1 1 0.877072 
6
6
0.470691 0 0.105943 0.243655 0.0620985 0 
0.453169 0.116056 0 0 0.125576 0 
0.442933 0.0169974 0 0.157068 0.268868 0.117355 
0.19679 0.0267615 0.143741 0 0.026287 0 
0.283012 0.0111953 0.0407125 0.0552764 0.171625 0 
0.461247 0.0605236 0.277086 0.0571236 0.0665138 0.0515807 

Sample_0 Sample_1 Sample_2 Sample_3 Sample_4 Sample_5 
9 7 3 2 1 4 

