gene_id	Sample_0	Sample_0	Sample_1	Sample_1	Sample_2	Sample_2	Sample_3	Sample_3	Sample_4	Sample_4	Sample_5	Sample_5
91;94	117	83	138	59	121	82	170	39	145	47	106	88
59;60;61;62;63;64;65;66;67	876	58	759	109	620	228	889	24	724	150	814	58
68;69;70;71;72;73	447	144	607	0	483	90	595	0	564	33	601	53
0;74;75;76	346	41	418	0	404	0	360	61	377	16	276	127
77;79;83;84;85;88	607	0	588	0	534	71	600	0	588	0	570	31
1;6;10;11;19	284	254	274	218	300	191	463	60	366	166	252	270
4;23	115	88	93	98	129	74	152	37	143	40	130	66
30;31;32;33;34;35;36;37;38;39;40;41;42;43;44;45;46;47;48;49;50;51;52;53;54;55;56;57;58	2957	0	2483	326	2754	66	2873	79	3003	34	2763	178
78;80;81;82;86;87;89;90	783	0	862	0	645	147	814	0	787	0	719	58
2;3;5;7;8;9;12;13;14;15;16;17;18;20;21;22;24;25;26;27;28;29;92;93;95;96;97;98;99	1508	1341	1553	1287	1595	1262	2302	564	2085	823	1564	1339
