1 #sols

5
8
0.0778279 0.074846 0 0.168754 0 0 0 0.0397112 
0.1064 0.156159 0 0.216809 0.0521762 0 0 0.0309421 
0 0.231799 0.0307144 0.322151 0 0.0336499 0.142661 0 
0 0.0806102 0.10431 0.35224 0 0 0.0838608 0.0547918 
0 0.225284 0.15659 0.485402 0.235176 0.157804 0 0 

Sample_0 Sample_1 Sample_2 Sample_3 Sample_4 
22;23;24;25;26;27;28;29;30;31;32;33;34;35;36;37;38;39;40;41;42;43;44;45;46;47;48 11;12;13;14;15;16;17;18;19;20;21 49;50;51;52;53;54 57;58;59;60;61;62;63;64;65;66;67;68;69;70;71;72;73;74;75;76;77;78;79;80;81;82;83;84;85;86;87 96;97;98;99 0;1;2;3;4;5;6;7;8;9;10 91;92;93;94;95 55;56;88;89;90 

5
6
0.102431 0.0794224 0 0 0 0.155656 
0.158934 0.0618841 0 0 0 0.212799 
0.230252 0 0.285322 0.0672997 0.0614288 0 
0.218557 0.109584 0.167722 0 0.208619 0 
0.342017 0 0 0.315607 0.31318 0 
6
6
1 0 0 0 0 0 
1 1 0 0 0 0 
1 0 1 0 0 0 
1 0 0 1 0 0 
1 0 0 0 1 0 
1 0 0 0 0 1 

1 1 1 1 1 1 
5
6
0.168754 0.0397112 0 0 0 0.0778279 
0.216809 0.0309421 0 0 0 0.1064 
0.322151 0 0.142661 0.0336499 0.0307144 0 
0.35224 0.0547918 0.0838608 0 0.10431 0 
0.485402 0 0 0.157804 0.15659 0 

Sample_0 Sample_1 Sample_2 Sample_3 Sample_4 
3 7 6 5 2 0 

