gene_id	Sample_0	Sample_0	Sample_1	Sample_1	Sample_2	Sample_2	Sample_3	Sample_3	Sample_4	Sample_4
88;89;90	285	0	290	8	331	0	304	14	289	0
11;12;13;14;15;16;17;18;19;20;21	1015	77	910	177	902	260	1015	89	842	259
49;50;51;52;53;54	592	0	637	0	588	20	548	81	473	96
0;1;2;3;4;5;6;7;8;9;10	1031	0	1076	0	1086	29	1093	0	903	180
22;23;24;25;26;27;28;29;30;31;32;33;34;35;36;37;38;39;40;41;42;43;44;45;46;47;48;55	2570	219	2487	303	2802	0	2829	7	2949	0
57;58;59;60;61;62;63;64;65;66;67;68;69;70;71;72;73;74;75;76;77;78;79;80;81;82;83;84;85;86;87	2536	546	2410	685	2103	1029	2056	1093	1532	1511
96;97;98;99	404	0	362	25	446	0	380	0	307	98
91;92;93;94;95	502	0	472	0	420	75	448	39	505	0
56	94	5	99	0	90	0	93	8	104	0
