1 #sols

5
9
0.366834 0.00415512 0.129844 0.216667 0.458652 0 0.109883 0.0758294 0 
0.298165 0.222073 0.065057 0 0.373919 0.0453401 0.289262 0.0704225 0.142857 
0.4 0.08418 0 0 0.429587 0 0.300298 0.211823 0.105769 
0.109005 0.0989011 0.047588 0 0.140801 0.0980392 0.101078 0 0 
0.346154 0.122093 0 0.216495 0.4165 0 0.151079 0 0 

Sample_0 Sample_1 Sample_2 Sample_3 Sample_4 
40;66 23;24;70;71;72;73;74 0;1;2;3;4;5;6;7;8;9;10;11;12;13;14 75;76;77;78;79;80;81;82;83;84;85;86;87;88;89;90;91;92;93;96;97;98 39;41;42;43;44;45;46;47;48;49;50;51;52;53;54;55;56;57;58;59;60;61;62;63;64;65;67;68;69 15;16;17;18;19;20;21;22 25;26;27;28;29;30;31;32;33;34;35;36;37;38 94;95 99 

5
6
0.00451803 0.0681063 0 0.151659 0.433333 0.259687 
0.0391996 0.151965 0.285714 0.140845 0 0.130114 
0.22399 0 0.211538 0.423645 0 0 
0 0.202156 0 0 0 0.095176 
0.0978527 0.302158 0 0 0.43299 0 
6
6
1 0 0 0 0 0 
1 1 0 0 0 0 
1 1 1 0 0 0 
1 1 0 1 0 0 
1 0 0 0 1 0 
1 0 0 0 0 1 

1 0.999917 0.999383 0.92739 1 1 
5
6
0.458652 0.109883 0 0.0758294 0.216667 0.129844 
0.373919 0.289262 0.142857 0.0704225 0 0.065057 
0.429587 0.317592 0.105769 0.211823 0 0 
0.148666 0.101078 0 0 0 0.047588 
0.4165 0.151079 0 0 0.216495 0 

Sample_0 Sample_1 Sample_2 Sample_3 Sample_4 
4 6 8 7 3 2 

