1 #sols

6
8
0.467906 0.0642697 0 0.134055 0.211724 0.468719 0.465246 0 
0.451504 0.115527 0 0 0 0.355058 0.432267 0.115586 
0.422901 0.270751 0.155378 0 0.155655 0.426496 0.419758 0.0291044 
0.166889 0.0369331 0 0.130424 0 0.168008 0.268224 0.0323877 
0.281393 0.178136 0 0.0479574 0.0533854 0.287617 0.279492 0.00930474 
0.460443 0.0594935 0.0591631 0.321311 0.0677457 0.466307 0.46562 0.0560718 

Sample_0 Sample_1 Sample_2 Sample_3 Sample_4 Sample_5 
1;2;3;4;5;6;7;8;9;10;11;12;13;14;15;16;17;18;19;20;21;22;23;24;25;26;27;28;29 59;60;61;62;63;64;65;66;67 77;78;79;80;81;82;83;84;85;86;87;88;89;90 0;74;75;76 68;69;70;71;72;73 91;92;93;94 95;96;97;98;99 30;31;32;33;34;35;36;37;38;39;40;41;42;43;44;45;46;47;48;49;50;51;52;53;54;55;56;57;58 

6
5
0.245879 0 0.423447 0.268111 0 
0.478944 0.231172 0 0 0 
0.172718 0.0582087 0.31131 0 0.310755 
0.0103924 0.0647754 0 0.260848 0 
0.353939 0.0186095 0.106771 0.0959147 0 
0 0.105341 0.119588 0.604823 0.108365 
5
5
1 0 0 0 0 
1 1 0 0 0 
1 0 1 0 0 
1 0 0 1 0 
1 0 0 0 1 

1 1 1 0.999999 1 
6
5
0.468719 0 0.211724 0.134055 0 
0.355058 0.115586 0 0 0 
0.426496 0.0291044 0.155655 0 0.155378 
0.168008 0.0323877 0 0.130424 0 
0.287617 0.00930474 0.0533854 0.0479574 0 
0.469058 0.0526703 0.059794 0.302412 0.0541824 

Sample_0 Sample_1 Sample_2 Sample_3 Sample_4 Sample_5 
5 7 4 3 2 

