MultiBinom clustering
Convergence threshold: 1.000000
Initial num clusters: 64
kmeans: True

Time taken: 71.277784
Num active clusters: 13
Cluster assignments
10
10
11
11
11
8
11
4
12
11
4
11
11
11
11
11
11
4
11
2
2
2
2
2
2
2
2
2
5
3
9
9
3
3
0
3
3
7
9
9
9
9
9
9
9
9
9
9
9
9
9
9
6
6
9
1
1
1
1
1
1
1
1
1
Alpha posterior values
0.0000 203.0000 0.0000 28213.0000 10546.0000 9621.1534 0.0000 0.0000 0.0000 1932.0000 0.0000 654.0000 0.0000 0.0000 351.0000 0.0000 0.0000 0.0000 2859.4504 0.0000 0.0000 26175.3962 0.0000 1591.0000 0.0000 0.0000 0.0000 0.0000 0.0000 0.0000 0.0000 0.0000 0.0000 0.0000 0.0000 0.0000 0.0000 0.0000 0.0000 0.0000 0.0000 0.0000 0.0000 0.0000 0.0000 0.0000 0.0000 0.0000 0.0000 0.0000 0.0000 0.0000 0.0000 0.0000 0.0000 0.0000 0.0000 0.0000 0.0000 0.0000 0.0000 0.0000 0.0000 0.0000
0.0000 0.0000 0.0000 1384.0000 131.0000 522.9558 0.0000 0.0000 0.0000 230.0000 0.0000 0.0000 0.0000 0.0000 182.0000 0.0000 0.0000 0.0000 345.2868 0.0000 0.0000 2131.7574 0.0000 143.0000 0.0000 0.0000 0.0000 0.0000 0.0000 0.0000 0.0000 0.0000 0.0000 0.0000 0.0000 0.0000 0.0000 0.0000 0.0000 0.0000 0.0000 0.0000 0.0000 0.0000 0.0000 0.0000 0.0000 0.0000 0.0000 0.0000 0.0000 0.0000 0.0000 0.0000 0.0000 0.0000 0.0000 0.0000 0.0000 0.0000 0.0000 0.0000 0.0000 0.0000
0.0000 0.0000 0.0000 1941.0000 43.0000 762.9411 0.0000 0.0000 0.0000 287.0000 0.0000 0.0000 0.0000 0.0000 153.0000 0.0000 0.0000 0.0000 512.4180 0.0000 0.0000 2731.6409 0.0000 242.0000 0.0000 0.0000 0.0000 0.0000 0.0000 0.0000 0.0000 0.0000 0.0000 0.0000 0.0000 0.0000 0.0000 0.0000 0.0000 0.0000 0.0000 0.0000 0.0000 0.0000 0.0000 0.0000 0.0000 0.0000 0.0000 0.0000 0.0000 0.0000 0.0000 0.0000 0.0000 0.0000 0.0000 0.0000 0.0000 0.0000 0.0000 0.0000 0.0000 0.0000
0.0000 0.0000 1.0000 212.0000 22.0000 807.9323 0.0000 0.0000 0.0000 39.0000 0.0000 0.0000 0.0000 0.0000 279.0000 0.0000 2333.0000 0.0000 505.3486 0.0000 0.0000 3263.7191 0.0000 286.0000 0.0000 0.0000 0.0000 0.0000 0.0000 0.0000 0.0000 0.0000 0.0000 0.0000 0.0000 0.0000 0.0000 0.0000 0.0000 0.0000 0.0000 0.0000 0.0000 0.0000 0.0000 0.0000 0.0000 0.0000 0.0000 0.0000 0.0000 0.0000 0.0000 0.0000 0.0000 0.0000 0.0000 0.0000 0.0000 0.0000 0.0000 0.0000 0.0000 0.0000
0.0000 0.0000 0.0000 782.0000 2.0000 462.9642 0.0000 0.0000 0.0000 100.0000 1005.0000 0.0000 0.0000 0.0000 129.0000 0.0000 131.0000 0.0000 128.1087 0.0000 0.0000 1234.9271 0.0000 53.0000 0.0000 0.0000 0.0000 0.0000 0.0000 0.0000 0.0000 0.0000 0.0000 0.0000 0.0000 0.0000 0.0000 0.0000 0.0000 0.0000 0.0000 0.0000 0.0000 0.0000 0.0000 0.0000 0.0000 0.0000 0.0000 0.0000 0.0000 0.0000 0.0000 0.0000 0.0000 0.0000 0.0000 0.0000 0.0000 0.0000 0.0000 0.0000 0.0000 0.0000
0.0000 0.0000 0.0000 1185.0000 0.0000 466.9636 0.0000 0.0000 0.0000 138.0000 0.0000 0.0000 0.0000 0.0000 148.0000 0.0000 288.0000 0.0000 270.3081 0.0000 0.0000 1720.7283 0.0000 138.0000 0.0000 0.0000 0.0000 0.0000 0.0000 0.0000 0.0000 0.0000 0.0000 0.0000 0.0000 0.0000 0.0000 0.0000 0.0000 0.0000 0.0000 0.0000 0.0000 0.0000 0.0000 0.0000 0.0000 0.0000 0.0000 0.0000 0.0000 0.0000 0.0000 0.0000 0.0000 0.0000 0.0000 0.0000 0.0000 0.0000 0.0000 0.0000 0.0000 0.0000
0.0000 0.0000 40222.0000 37908.0000 0.0000 9219.0743 0.0000 0.0000 0.0000 0.0000 0.0000 0.0000 0.0000 0.0000 4664.0000 0.0000 0.0000 0.0000 2880.6004 0.0000 0.0000 36398.3253 0.0000 5353.0000 0.0000 0.0000 0.0000 0.0000 0.0000 0.0000 0.0000 0.0000 0.0000 0.0000 0.0000 0.0000 0.0000 0.0000 0.0000 0.0000 0.0000 0.0000 0.0000 0.0000 0.0000 0.0000 0.0000 0.0000 0.0000 0.0000 0.0000 0.0000 0.0000 0.0000 0.0000 0.0000 0.0000 0.0000 0.0000 0.0000 0.0000 0.0000 0.0000 0.0000
Beta posterior values
0.0000 4768.0000 124399.0000 70814.0000 33161.0000 16004.2544 0.0000 0.0000 0.0000 5351.0000 10310.0000 5634.0000 0.0000 0.0000 6109.0000 0.0000 166982.0000 0.0000 8857.5032 0.0000 0.0000 68520.2424 0.0000 5719.0000 0.0000 0.0000 0.0000 0.0000 0.0000 0.0000 0.0000 0.0000 0.0000 0.0000 0.0000 0.0000 0.0000 0.0000 0.0000 0.0000 0.0000 0.0000 0.0000 0.0000 0.0000 0.0000 0.0000 0.0000 0.0000 0.0000 0.0000 0.0000 0.0000 0.0000 0.0000 0.0000 0.0000 0.0000 0.0000 0.0000 0.0000 0.0000 0.0000 0.0000
0.0000 419.0000 3950.0000 3374.0000 2816.0000 999.8885 0.0000 0.0000 0.0000 536.0000 3427.0000 2997.0000 0.0000 0.0000 445.0000 0.0000 8838.0000 0.0000 881.7703 0.0000 0.0000 5074.3412 0.0000 633.0000 0.0000 0.0000 0.0000 0.0000 0.0000 0.0000 0.0000 0.0000 0.0000 0.0000 0.0000 0.0000 0.0000 0.0000 0.0000 0.0000 0.0000 0.0000 0.0000 0.0000 0.0000 0.0000 0.0000 0.0000 0.0000 0.0000 0.0000 0.0000 0.0000 0.0000 0.0000 0.0000 0.0000 0.0000 0.0000 0.0000 0.0000 0.0000 0.0000 0.0000
0.0000 474.0000 4403.0000 3587.0000 3325.0000 1047.8777 0.0000 0.0000 0.0000 458.0000 9102.0000 11832.0000 0.0000 0.0000 409.0000 0.0000 10524.0000 0.0000 1001.8576 0.0000 0.0000 5242.2647 0.0000 675.0000 0.0000 0.0000 0.0000 0.0000 0.0000 0.0000 0.0000 0.0000 0.0000 0.0000 0.0000 0.0000 0.0000 0.0000 0.0000 0.0000 0.0000 0.0000 0.0000 0.0000 0.0000 0.0000 0.0000 0.0000 0.0000 0.0000 0.0000 0.0000 0.0000 0.0000 0.0000 0.0000 0.0000 0.0000 0.0000 0.0000 0.0000 0.0000 0.0000 0.0000
0.0000 350.0000 4438.0000 5600.0000 3461.0000 971.8868 0.0000 0.0000 0.0000 855.0000 3329.0000 11446.0000 0.0000 0.0000 439.0000 0.0000 8525.0000 0.0000 856.6402 0.0000 0.0000 5426.4730 0.0000 763.0000 0.0000 0.0000 0.0000 0.0000 0.0000 0.0000 0.0000 0.0000 0.0000 0.0000 0.0000 0.0000 0.0000 0.0000 0.0000 0.0000 0.0000 0.0000 0.0000 0.0000 0.0000 0.0000 0.0000 0.0000 0.0000 0.0000 0.0000 0.0000 0.0000 0.0000 0.0000 0.0000 0.0000 0.0000 0.0000 0.0000 0.0000 0.0000 0.0000 0.0000
0.0000 251.0000 2645.0000 2216.0000 1731.0000 1037.8958 0.0000 0.0000 0.0000 308.0000 5274.0000 5936.0000 0.0000 0.0000 354.0000 0.0000 5812.0000 0.0000 464.3211 0.0000 0.0000 3842.7831 0.0000 272.0000 0.0000 0.0000 0.0000 0.0000 0.0000 0.0000 0.0000 0.0000 0.0000 0.0000 0.0000 0.0000 0.0000 0.0000 0.0000 0.0000 0.0000 0.0000 0.0000 0.0000 0.0000 0.0000 0.0000 0.0000 0.0000 0.0000 0.0000 0.0000 0.0000 0.0000 0.0000 0.0000 0.0000 0.0000 0.0000 0.0000 0.0000 0.0000 0.0000 0.0000
0.0000 311.0000 3249.0000 2713.0000 2320.0000 773.9096 0.0000 0.0000 0.0000 305.0000 8185.0000 9065.0000 0.0000 0.0000 340.0000 0.0000 6605.0000 0.0000 630.6165 0.0000 0.0000 3638.4739 0.0000 556.0000 0.0000 0.0000 0.0000 0.0000 0.0000 0.0000 0.0000 0.0000 0.0000 0.0000 0.0000 0.0000 0.0000 0.0000 0.0000 0.0000 0.0000 0.0000 0.0000 0.0000 0.0000 0.0000 0.0000 0.0000 0.0000 0.0000 0.0000 0.0000 0.0000 0.0000 0.0000 0.0000 0.0000 0.0000 0.0000 0.0000 0.0000 0.0000 0.0000 0.0000
0.0000 4406.0000 68664.0000 60866.0000 45213.0000 13272.8261 0.0000 0.0000 0.0000 11770.0000 10945.0000 11231.0000 0.0000 0.0000 6788.0000 0.0000 151385.0000 0.0000 5556.8649 0.0000 0.0000 58208.3090 0.0000 12234.0000 0.0000 0.0000 0.0000 0.0000 0.0000 0.0000 0.0000 0.0000 0.0000 0.0000 0.0000 0.0000 0.0000 0.0000 0.0000 0.0000 0.0000 0.0000 0.0000 0.0000 0.0000 0.0000 0.0000 0.0000 0.0000 0.0000 0.0000 0.0000 0.0000 0.0000 0.0000 0.0000 0.0000 0.0000 0.0000 0.0000 0.0000 0.0000 0.0000 0.0000
Cluster phi posterior values
0.0407 0.0000 0.2849 0.2413 0.3754 0.2652 0.0000 0.1039 0.0543 0.0000 0.2440 0.2764 0.2176
0.0000 0.0000 0.2908 0.0442 0.3433 0.3000 0.0000 0.0000 0.2899 0.0000 0.2812 0.2958 0.1839
0.0000 0.0000 0.3511 0.0125 0.4213 0.3851 0.0000 0.0000 0.2718 0.0000 0.3382 0.3425 0.2636
0.0000 0.0000 0.0363 0.0061 0.4539 0.0431 0.0000 0.0000 0.3884 0.2148 0.3709 0.3755 0.2724
0.0000 0.0000 0.2607 0.0007 0.3083 0.2445 0.1600 0.0000 0.2666 0.0219 0.2156 0.2431 0.1620
0.0000 0.0000 0.3039 0.0000 0.3762 0.3111 0.0000 0.0000 0.3029 0.0417 0.2997 0.3210 0.1984
0.0000 0.3694 0.3838 0.0000 0.4099 0.0000 0.0000 0.0000 0.4073 0.0000 0.3414 0.3847 0.3044
