gene_id	Sample_0	Sample_0	Sample_1	Sample_1	Sample_2	Sample_2	Sample_3	Sample_3
66;67;68;69;70;71;72;73;74;75;76;77;78;79;80;81;82;83;84;85;86;87;88;89;90	1016	210	1052	187	1246	21	1124	176
57;58;59;60;61;62;63;64;65;91;92;93;94;95;96;97;98;99	847	51	742	145	890	0	914	3
48;49;50;52;53;54;55;56	406	0	324	72	393	0	277	110
0;1;2;3;4;5;6;7;8;9;10;11;12;13;14;42;43;44;45;46;47	945	102	1042	2	1107	0	1020	0
31;32;33;34;35;36;37;38;39;40;41	331	197	352	185	296	227	351	225
15;16	87	10	103	0	78	17	83	0
17	44	9	59	0	41	2	53	0
51	44	0	43	9	53	0	40	4
18;19;20;21;22;23;24;25;26;27;28;29;30	639	0	639	0	617	17	576	82
