1 #sols

4
10
0.130841 0.52611 0 0.294938 0.00654129 0.155347 0.174627 0.477528 0.483557 0 
0 0.138889 0 0.0276364 0 0.135176 0 0.15283 0.220361 0.0171756 
0 0.203585 0.308511 0 0.191874 0 0 0.309524 0.415519 0 
0.00143781 0.205584 0 0 0 0.214341 0.0128755 0.20202 0.268695 0.201887 

Sample_0 Sample_1 Sample_2 Sample_3 
46;47;48;49;52;53;54;56;57;58;59;60;62;64 77;78;80;82;83;84;85;86 1 3;4;5;6;7;8;9;10;11;12;13;14;15;61 0;2;20;21;22;23;24;25;26;27;28;29;30;31;32;33;34;35;36;37;38;39;40;41;42 87;88;89;90;91;92;93;94;95;96;97;98;99 43;44;45;50;51;55;63 17;18;76;79;81 16;19;65;66;67;68;69;70 71;72;73;74;75 

4
6
0.343095 0 0.349254 0.0130826 0 0.261682 
0.406371 0.0343511 0 0 0 0 
0 0 0 0.344507 0.577295 0 
0.104989 0.403774 0.0257511 0 0 0.00287563 
6
6
1 0 0 0 0 0 
1 1 0 0 0 0 
1 0 1 0 0 0 
1 0 0 1 0 0 
1 0 0 0 1 0 
1 0 0 0 0 1 

1 0.99733 1 1 0.976947 1 
4
6
0.483557 0 0.174627 0.00654129 0 0.130841 
0.220361 0.0171756 0 0 0 0 
0.460901 0 0 0.172254 0.288648 0 
0.268695 0.201887 0.0128755 0 0 0.00143781 

Sample_0 Sample_1 Sample_2 Sample_3 
8 9 6 4 2 0 

