MultiBinom clustering
Convergence threshold: 1.000000
Initial num clusters: 75
kmeans: True

Time taken: 7.101334
ARI: 0.798930
Cluster freq error: 0.006614
Num active clusters: 10
Cluster assignments
4
2
4
3
3
3
3
3
3
3
3
3
3
3
3
3
8
7
7
8
4
4
4
4
4
4
4
4
4
4
4
4
4
4
4
4
4
4
4
4
4
4
4
6
6
6
0
0
0
0
6
6
0
0
0
6
0
0
0
0
0
3
0
6
0
8
8
8
8
8
8
9
9
9
9
9
7
1
1
7
1
7
1
1
1
1
1
5
5
5
5
5
5
5
5
5
5
5
5
5
Alpha posterior values
160.7397 345.3605 0.0000 2.6857 0.0000 0.0000 0.0000 0.0000 391.5371 0.0000 0.0000 0.0000 0.0000 16.0000 0.0000 196.3143 126.5419 311.2317 0.0000 0.0000 0.0000 0.0000 0.0000 398.4079 22.1813 0.0000 0.0000 0.0000 0.0000 0.0000 0.0000 0.0000 0.0000 0.0000 0.0000 0.0000 0.0000 0.0000 0.0000 0.0000 0.0000 0.0000 0.0000 0.0000 0.0000 0.0000 0.0000 0.0000 0.0000 0.0000 0.0000 0.0000 0.0000 0.0000 0.0000 0.0000 0.0000 0.0000 0.0000 0.0000 0.0000 0.0000 0.0000 0.0000 0.0000 0.0000 0.0000 0.0000 0.0000 0.0000 0.0000 0.0000 0.0000 0.0000 0.0000 0.0000 0.0000 0.0000 0.0000 0.0000 0.0000 0.0000 0.0000 0.0000 0.0000 0.0000 0.0000 0.0000 0.0000 0.0000 0.0000 0.0000 0.0000 0.0000 0.0000 0.0000 0.0000 0.0000 0.0000 0.0000
0.0000 95.4839 0.0000 2.7133 0.0000 0.0000 0.0000 0.0000 38.0000 0.0000 0.0000 0.0000 0.0000 0.0000 0.0000 178.2867 0.0000 95.0044 0.0000 0.0000 0.0000 0.0000 0.0000 171.5116 0.0000 0.0000 0.0000 0.0000 0.0000 9.0000 0.0000 0.0000 0.0000 0.0000 0.0000 0.0000 0.0000 0.0000 0.0000 0.0000 0.0000 0.0000 0.0000 0.0000 0.0000 0.0000 0.0000 0.0000 0.0000 0.0000 0.0000 0.0000 0.0000 0.0000 0.0000 0.0000 0.0000 0.0000 0.0000 0.0000 0.0000 0.0000 0.0000 0.0000 0.0000 0.0000 0.0000 0.0000 0.0000 0.0000 0.0000 0.0000 0.0000 0.0000 0.0000 0.0000 0.0000 0.0000 0.0000 0.0000 0.0000 0.0000 0.0000 0.0000 0.0000 0.0000 0.0000 0.0000 0.0000 0.0000 0.0000 0.0000 0.0000 0.0000 0.0000 0.0000 0.0000 0.0000 0.0000 0.0000
0.0000 132.8067 0.0000 0.0000 0.0000 0.0000 0.0000 59.9011 0.0000 0.0000 0.0000 0.0000 0.0000 446.0989 0.0000 0.0000 0.0000 167.7550 0.0000 0.0000 0.0000 0.0000 0.0000 333.4383 0.0000 0.0000 0.0000 0.0000 0.0000 0.0000 0.0000 0.0000 0.0000 0.0000 0.0000 0.0000 0.0000 0.0000 0.0000 0.0000 0.0000 0.0000 0.0000 0.0000 0.0000 0.0000 0.0000 0.0000 0.0000 0.0000 0.0000 0.0000 0.0000 0.0000 0.0000 0.0000 0.0000 0.0000 0.0000 0.0000 0.0000 0.0000 0.0000 0.0000 0.0000 0.0000 0.0000 0.0000 0.0000 0.0000 0.0000 0.0000 0.0000 0.0000 0.0000 0.0000 0.0000 0.0000 0.0000 0.0000 0.0000 0.0000 0.0000 0.0000 0.0000 0.0000 0.0000 0.0000 0.0000 0.0000 0.0000 0.0000 0.0000 0.0000 0.0000 0.0000 0.0000 0.0000 0.0000 0.0000
4.9479 138.7249 0.0000 3.9300 0.0000 0.0000 0.0000 0.0000 0.0000 0.0000 0.0000 0.0000 0.0000 0.0000 0.0000 274.0700 6.0416 122.3605 0.0000 0.0000 0.0000 0.0000 0.0000 212.9146 0.0105 0.0000 0.0000 0.0000 0.0000 107.0000 0.0000 0.0000 0.0000 0.0000 0.0000 0.0000 0.0000 0.0000 0.0000 0.0000 0.0000 0.0000 0.0000 0.0000 0.0000 0.0000 0.0000 0.0000 0.0000 0.0000 0.0000 0.0000 0.0000 0.0000 0.0000 0.0000 0.0000 0.0000 0.0000 0.0000 0.0000 0.0000 0.0000 0.0000 0.0000 0.0000 0.0000 0.0000 0.0000 0.0000 0.0000 0.0000 0.0000 0.0000 0.0000 0.0000 0.0000 0.0000 0.0000 0.0000 0.0000 0.0000 0.0000 0.0000 0.0000 0.0000 0.0000 0.0000 0.0000 0.0000 0.0000 0.0000 0.0000 0.0000 0.0000 0.0000 0.0000 0.0000 0.0000 0.0000
Beta posterior values
957.1802 312.8492 0.0000 16.3183 0.0000 0.0000 0.0000 211.1395 930.2850 0.0000 0.0000 0.0000 0.0000 2306.8605 0.0000 1065.6817 673.4024 326.8536 0.0000 0.0000 0.0000 0.0000 0.0000 426.2972 162.1324 0.0000 0.0000 0.0000 0.0000 466.0000 0.0000 0.0000 0.0000 0.0000 0.0000 0.0000 0.0000 0.0000 0.0000 0.0000 0.0000 0.0000 0.0000 0.0000 0.0000 0.0000 0.0000 0.0000 0.0000 0.0000 0.0000 0.0000 0.0000 0.0000 0.0000 0.0000 0.0000 0.0000 0.0000 0.0000 0.0000 0.0000 0.0000 0.0000 0.0000 0.0000 0.0000 0.0000 0.0000 0.0000 0.0000 0.0000 0.0000 0.0000 0.0000 0.0000 0.0000 0.0000 0.0000 0.0000 0.0000 0.0000 0.0000 0.0000 0.0000 0.0000 0.0000 0.0000 0.0000 0.0000 0.0000 0.0000 0.0000 0.0000 0.0000 0.0000 0.0000 0.0000 0.0000 0.0000
1109.2877 583.2179 0.0000 17.6884 0.0000 0.0000 0.0000 213.9688 1291.4937 0.0000 0.0000 0.0000 0.0000 2308.0312 0.0000 1140.3116 814.2794 541.5173 0.0000 0.0000 0.0000 0.0000 0.0000 611.2648 179.9392 0.0000 0.0000 0.0000 0.0000 515.0000 0.0000 0.0000 0.0000 0.0000 0.0000 0.0000 0.0000 0.0000 0.0000 0.0000 0.0000 0.0000 0.0000 0.0000 0.0000 0.0000 0.0000 0.0000 0.0000 0.0000 0.0000 0.0000 0.0000 0.0000 0.0000 0.0000 0.0000 0.0000 0.0000 0.0000 0.0000 0.0000 0.0000 0.0000 0.0000 0.0000 0.0000 0.0000 0.0000 0.0000 0.0000 0.0000 0.0000 0.0000 0.0000 0.0000 0.0000 0.0000 0.0000 0.0000 0.0000 0.0000 0.0000 0.0000 0.0000 0.0000 0.0000 0.0000 0.0000 0.0000 0.0000 0.0000 0.0000 0.0000 0.0000 0.0000 0.0000 0.0000 0.0000 0.0000
1153.1836 530.0278 0.0000 18.9607 0.0000 0.0000 0.0000 168.2864 1309.9988 0.0000 0.0000 0.0000 0.0000 1905.7136 0.0000 1223.0393 829.3108 406.0224 0.0000 0.0000 0.0000 0.0000 0.0000 471.9498 192.5067 0.0000 0.0000 0.0000 0.0000 490.0000 0.0000 0.0000 0.0000 0.0000 0.0000 0.0000 0.0000 0.0000 0.0000 0.0000 0.0000 0.0000 0.0000 0.0000 0.0000 0.0000 0.0000 0.0000 0.0000 0.0000 0.0000 0.0000 0.0000 0.0000 0.0000 0.0000 0.0000 0.0000 0.0000 0.0000 0.0000 0.0000 0.0000 0.0000 0.0000 0.0000 0.0000 0.0000 0.0000 0.0000 0.0000 0.0000 0.0000 0.0000 0.0000 0.0000 0.0000 0.0000 0.0000 0.0000 0.0000 0.0000 0.0000 0.0000 0.0000 0.0000 0.0000 0.0000 0.0000 0.0000 0.0000 0.0000 0.0000 0.0000 0.0000 0.0000 0.0000 0.0000 0.0000 0.0000
1123.1253 541.5605 0.0000 16.1575 0.0000 0.0000 0.0000 222.8511 1333.4232 0.0000 0.0000 0.0000 0.0000 2323.1489 0.0000 1002.8425 809.1632 474.2803 0.0000 0.0000 0.0000 0.0000 0.0000 582.1591 190.2884 0.0000 0.0000 0.0000 0.0000 423.0000 0.0000 0.0000 0.0000 0.0000 0.0000 0.0000 0.0000 0.0000 0.0000 0.0000 0.0000 0.0000 0.0000 0.0000 0.0000 0.0000 0.0000 0.0000 0.0000 0.0000 0.0000 0.0000 0.0000 0.0000 0.0000 0.0000 0.0000 0.0000 0.0000 0.0000 0.0000 0.0000 0.0000 0.0000 0.0000 0.0000 0.0000 0.0000 0.0000 0.0000 0.0000 0.0000 0.0000 0.0000 0.0000 0.0000 0.0000 0.0000 0.0000 0.0000 0.0000 0.0000 0.0000 0.0000 0.0000 0.0000 0.0000 0.0000 0.0000 0.0000 0.0000 0.0000 0.0000 0.0000 0.0000 0.0000 0.0000 0.0000 0.0000 0.0000
Cluster phi posterior values
0.1432 0.5248 0.0000 0.2959 0.0065 0.1551 0.1574 0.4877 0.4831 0.0000
0.0000 0.1398 0.0000 0.0279 0.0000 0.1347 0.0000 0.1483 0.2185 0.0156
0.0000 0.1996 0.2611 0.0000 0.1894 0.0000 0.0000 0.2917 0.4138 0.0000
0.0036 0.2032 0.0000 0.0000 0.0000 0.2142 0.0063 0.2042 0.2673 0.2009
