1 #sols

4
11
0 0.292138 0.058 0.203681 0.453608 0 0 0.294347 0.238532 0.166667 0 
0.00238949 0.0861351 0 0 0.426966 0.306502 0.0226131 0.0220941 0.0377358 0.0883978 0.0676329 
0.137331 0.342498 0 0.144854 0.556962 0 0.151964 0 0 0.296875 0.0955056 
0 0.426104 0.43744 0 0.451613 0 0 0.422771 0 0.347368 0 

Sample_0 Sample_1 Sample_2 Sample_3 
53;68;69;70;73;74;75;76;78;79;81;84;86;88;90;99 0;1;2;3;4;5;6;7;8;9;10;11;12;13;14;15;16;17;18;19;20;21;22;23;25;26;27;28;29;31 54;55;56;57;58;59;60;61;62;63 43;44;45;46;47;48;49;50 51 64;65;66 67;71;72;77;80;82;83;85;87;89;91;92;93;95;96;97 32;33;34;35;36;37;38;39;40;41;42 52 24;30 94;98 

4
8
0 0.220647 0 0 0 0.440381 0 0.338972 
0 0.126254 0.0452261 0.00477897 0.135266 0.0754717 0.613003 0 
0 0.0151606 0.303928 0.274662 0.175971 0 0 0.230279 
0.208489 0.694737 0 0 0 0 0 0 
8
8
1 0 0 0 0 0 0 0 
1 1 0 0 0 0 0 0 
1 1 1 0 0 0 0 0 
1 1 0 1 0 0 0 0 
1 0 0 0 1 0 0 0 
1 0 0 0 0 1 0 0 
1 0 0 0 0 0 1 0 
1 0 0 0 0 0 0 1 

1 0.954774 0.999991 1 1 0.999415 0.983238 1 
4
8
0.5 0.110323 0 0 0 0.220191 0 0.169486 
0.5 0.0881298 0.0226131 0.00238949 0.0676329 0.0377358 0.306502 0 
0.5 0.296875 0.151964 0.137331 0.0879857 0 0 0.115139 
0.451613 0.347368 0 0 0 0 0 0 

Sample_0 Sample_1 Sample_2 Sample_3 
4 9 6 0 10 8 5 3 

