gene_id	Sample_0	Sample_0	Sample_1	Sample_1	Sample_2	Sample_2	Sample_3	Sample_3
53;68;69;70;73;74;75;76;78;79;81;84;86;88;90;99	1639	0	1670	4	1338	213	1596	0
0;1;2;3;4;5;6;7;8;9;10;11;12;13;14;15;16;17;18;19;20;21;22;23;25;26;27;28;29;31	2188	903	2854	269	1985	1034	1728	1283
54;55;56;57;58;59;60;61;62;63	942	58	1006	0	993	0	589	458
43;44;45;46;47;48;49;50	649	166	820	0	673	114	740	0
51	53	44	51	38	35	44	51	42
64;65;66	264	0	224	99	283	0	297	0
67;71;72;77;80;82;83;85;87;89;91;92;93;95;96;97	1571	0	1556	36	1317	236	1564	0
32;33;34;35;36;37;38;39;40;41;42	724	302	1018	23	1135	0	654	479
52	83	26	102	4	106	0	96	0
24;30	180	36	165	16	135	57	124	66
94;98	195	0	193	14	161	17	222	0
