1 #sols

6
5
0.323554 0.319556 0 0 0 
0.38792 0 0 0.0599002 0.338606 
0.453731 0.129282 0 0 0.0708837 
0.310817 0 0 0.31405 0 
0.485544 0.482103 0 0 0 
0.481657 0.0565032 0.015873 0.216981 0 

Sample_0 Sample_1 Sample_2 Sample_3 Sample_4 Sample_5 
0;1;2;3;4;5;6;7;85;86;87;88;89;90;91;92;93;94;95;96;97;98;99 8;9;10;11;50;51;52;53;54 16;17;18;19;20;21;22;23;24;25;26;27;28;29;30;31;32;33;34 13;14;15;35;36;37;38;39;40;41;42;43;44;45;46;47;48;49 12;55;56;57;58;59;60;61;62;63;64;65;66;67;68;69;70;71;72;73;74;75;76;77;78;79;80;81;82;83;84 

6
3
0.647109 0 0 
0.098629 0.677211 0 
0.765695 0.141767 0 
0.621633 0 0 
0.971088 0 0 
0.931569 0 0.031746 
3
3
1 0 0 
1 1 0 
1 0 1 

1 0.999913 1 
6
3
0.323554 0 0 
0.38792 0.338606 0 
0.453731 0.0708837 0 
0.310817 0 0 
0.485544 0 0 
0.481657 0 0.015873 

Sample_0 Sample_1 Sample_2 Sample_3 Sample_4 Sample_5 
0 4 2 

