gene_id	Sample_0	Sample_0	Sample_1	Sample_1	Sample_2	Sample_2	Sample_3	Sample_3	Sample_4	Sample_4
76;77;78;79;80;81;82;83;84;94;95;96;97;98;99	828	714	948	572	855	702	1287	263	949	562
49;50;51;52;53;54;55;56	697	118	545	179	718	53	780	0	544	264
85;86;87;88;89;90;91;92;93	888	0	892	2	672	257	772	172	889	0
0;1;2;3	390	0	360	50	355	23	400	0	401	0
5;7;64;65;66;73;74;75	739	68	738	103	750	24	838	0	623	129
4;6;8;67;68;69;70;71;72	866	53	836	73	894	33	888	0	752	120
19;24;25;26;29;30;31;33;34;35;36;37;38;39;40;41;43;45;46;47	1915	129	1972	0	1747	264	2039	0	1898	78
18;20;21;22;23;27;28;32;42;44;48	1050	84	1015	0	1001	81	1055	0	973	70
9;10;11;12;13;14;15;16;17;57;58;59;60;61;62;63	1481	122	1644	0	1615	14	1555	0	1287	278
