1 #sols

5
9
0.463035 0.144785 0 0 0.0714286 0.0700246 0.0668234 0.07 0.0761073 
0.376316 0.247238 0.00223714 0.121951 0.198413 0.0929803 0 0 0 
0.450867 0.0687419 0.276642 0.0608466 0.0545455 0.0320553 0.116118 0.0480769 0.00859423 
0.169677 0 0.182203 0 0 0 0 0 0 
0.371939 0.326733 0 0 0.09375 0.157068 0.0453268 0.109827 0.177636 

Sample_0 Sample_1 Sample_2 Sample_3 Sample_4 
76;77;78;79;80;81;82;83;84;94;95;96;97;98;99 49;50;51;52;53;54;55;56 85;86;87;88;89;90;91;92;93 0;1;2;3 7 4;5;6;8;64;65;66;67;68;69;70;71;72;73;74;75 18;19;21;22;23;24;25;26;27;28;29;30;31;32;33;34;35;36;37;38;39;40;41;43;44;45;46;47;48 20;42 9;10;11;12;13;14;15;16;17;57;58;59;60;61;62;63 

5
6
0.357352 0.152215 0.14 0.133647 0.142857 0 
0.111904 0 0 0 0.396825 0.243902 
0.325372 0.0171885 0.0961538 0.232236 0.109091 0.121693 
0.339355 0 0 0 0 0 
0 0.355272 0.219653 0.0723527 0.161533 0 
6
6
1 0 0 0 0 0 
1 1 0 0 0 0 
1 0 1 0 0 0 
1 0 0 1 0 0 
1 0 0 0 1 0 
1 0 0 0 0 1 

1 1 1 1 0.999981 1 
5
6
0.463035 0.0761073 0.07 0.0668234 0.0714286 0 
0.376316 0 0 0 0.198413 0.121951 
0.450867 0.00859423 0.0480769 0.116118 0.0545455 0.0608466 
0.169677 0 0 0 0 0 
0.404405 0.177636 0.109827 0.0361764 0.0807664 0 

Sample_0 Sample_1 Sample_2 Sample_3 Sample_4 
0 8 7 6 4 3 

