gene_id	Sample_0	Sample_0	Sample_1	Sample_1	Sample_2	Sample_2	Sample_3	Sample_3	Sample_4	Sample_4	Sample_5	Sample_5
0;1;2;3;4;5	340	7	278	0	298	0	311	0	294	0	283	0
52;53;54;55;56;57;58;59;60;61;62;63;64;65;66;67;68;69;70;71;72;73;74;75;76;77;87	1314	0	1388	0	938	408	1198	166	1317	0	1353	0
27;29;36;37;39	201	36	254	0	232	11	272	0	259	0	254	0
86	47	0	51	0	45	0	41	6	58	0	27	11
7;48	96	16	77	17	72	40	75	38	113	3	46	45
25;26;28;30;31;32;33;34;35;38;40;41;42;43;44;45;46;47;94	803	90	972	0	817	108	969	0	966	0	956	0
88;90;91	168	0	139	8	115	38	107	49	136	0	147	0
6;49;50;51	167	45	128	45	137	68	116	69	205	0	134	45
8;9;10;11;12;13;14;15;16;18;19;20;21;22;23;24;79;81;82;83;84;85;93;95;96;97;98;99	1104	173	1301	128	1280	146	1352	0	1388	43	1416	0
17;78;80	115	27	154	4	134	25	161	0	159	6	139	0
89;92	113	0	115	2	62	47	79	23	97	0	110	0
