1 #sols

4
6
0.370123 0.284457 0.20311 0 0 0.158926 
0.408201 0.148891 0.138746 0.0819009 0 0.162858 
0.353046 0.177062 0.18349 0.107292 0.183302 0 
0.480276 0.0673469 0.0703458 0.00409836 0.0670208 0 

Sample_0 Sample_1 Sample_2 Sample_3 
68;69;70;71;72;73;74;75;76;77;78;79;80;81;82;83;84;85;98;99 97 0;1;2;3;4;5;6;7;8;9;10;20;21;22;23;24;25;26;27;28;29;30;31;32;33;34;35;36;37;38;39;40;41;42;43;44;45;46 63 47;48;49;50;51;52;53;54;55;56;57;58;59;60;61;62 11;12;13;14;15;16;17;18;19;64;65;66;67;86;87;88;89;90;91;92;93;94;95;96 

4
5
0.0161726 0.40622 0 0.317853 0 
0.213194 0.11369 0.163802 0.325716 0 
0 0.142236 0.214583 0 0.351156 
0.685819 0.132495 0.00819672 0 0.134042 
5
5
1 0 0 0 0 
1 1 0 0 0 
1 1 1 0 0 
1 0 0 1 0 
1 0 0 0 1 

1 1 1 1 1 
4
5
0.370123 0.20311 0 0.158926 0 
0.408201 0.138746 0.0819009 0.162858 0 
0.353988 0.17841 0.107292 0 0.175578 
0.480276 0.0703458 0.00409836 0 0.0670208 

Sample_0 Sample_1 Sample_2 Sample_3 
0 2 3 5 4 

