1 #sols

6
10
0 0.0660638 0.107362 0 0.162813 0.279418 0.158977 0.0978148 0 0 
0.0138018 0.13488 0.147694 0 0 0.182392 0 0.15332 0.131444 0.031556 
0 0.0410786 0.274827 0.239896 0 0.407837 0.139909 0.0527983 0 0 
0.475402 0 0.486827 0.0159771 0 0.483629 0 0 0 0 
0 0 0 0 0.0609017 0.138527 0.0727179 0 0 0.0751485 
0 0.0806008 0.149722 0 0.124875 0.287402 0.119105 0.0678295 0.079405 0 

Sample_0 Sample_1 Sample_2 Sample_3 Sample_4 Sample_5 
96;97;98;99 22;24;25;26 11;12;13;14;15;16;17;18;19;20;21 91;92;93;94;95 88;89;90 57;58;59;60;61;62;63;64;65;66;67;68;69;70;71;72;73;74;75;76;77;78;79;80;81;82;83;84;85;86;87 55;56 23 27;28;29;30;31;32;33;34;35;36;37;38;39;40;41;42;43;44;45;46;47;48 0;1;2;3;4;5;6;7;8;9;10;49;50;51;52;53;54 

6
6
0.240882 0 0 0.317954 0 0 
0.0111812 0.0631119 0.262887 0 0 0.0276035 
0.0560636 0 0 0.279819 0.479792 0 
0 0 0 0 0.0237983 0.943459 
0 0.141809 0 0.145436 0 0 
0.177783 0 0.15881 0.238211 0 0 
6
6
1 0 0 0 0 0 
1 1 0 0 0 0 
1 0 1 0 0 0 
1 0 0 1 0 0 
1 0 0 0 1 0 
1 0 0 0 0 1 

1 1 1 1 1 0.835822 
6
6
0.279418 0 0 0.158977 0 0 
0.182392 0.031556 0.131444 0 0 0.0138018 
0.407837 0 0 0.139909 0.239896 0 
0.483629 0 0 0 0.0118992 0.471729 
0.143622 0.0709044 0 0.0727179 0 0 
0.287402 0 0.079405 0.119105 0 0 

Sample_0 Sample_1 Sample_2 Sample_3 Sample_4 Sample_5 
5 9 8 6 3 0 

