gene_id	Sample_0	Sample_0	Sample_1	Sample_1	Sample_2	Sample_2	Sample_3	Sample_3
43;44;45;46;47;49;50;52;53;55;56;57;58;59;60;61;62;63;64	748	144	942	0	977	0	913	6
0;2;20;21;22;23;24;25;26;27;29;30;31;32;34;35;36;37;38;40;41;42	1088	0	1063	0	857	196	1101	0
87;88;89;90;91;92;93;94;95;96;97;98;99	577	90	564	85	638	0	507	143
5;8;48;51;54	184	74	227	0	236	0	249	0
71;72;73;74;75	228	0	229	6	264	0	199	45
76;83	54	52	95	20	87	20	85	10
1;28;33;39	196	4	210	0	143	49	202	0
77;78;79;80;81;82;84;85;86	219	228	345	62	320	99	359	127
16;17;18;19;65;66;67;68;69;70	251	235	412	100	283	246	351	147
3;4;6;7;11;12;13;14;15	321	140	421	12	432	0	438	0
9;10	74	23	106	8	76	0	94	0
