2 #sols

4
11
0.161435 0 0.134933 0.286822 0 0.490566 0.02 0.510067 0.483539 0.303688 0.237113 
0 0 0.130971 0 0.0255319 0.173913 0 0.152334 0.195312 0.0277136 0.0701754 
0 0.186135 0 0 0 0.186916 0.255208 0.236277 0.465028 0 0 
0.00652884 0 0.22 0 0.184426 0.105263 0 0.261317 0.295181 0 0 

Sample_0 Sample_1 Sample_2 Sample_3 
43;44;45;46;47;49;50;52;53;55;56;57;58;59;60;61;62;63;64 0;2;20;21;22;23;24;25;26;27;29;30;31;32;34;35;36;37;38;40;41;42 87;88;89;90;91;92;93;94;95;96;97;98;99 5;8;48;51;54 71;72;73;74;75 76;83 1;28;33;39 77;78;79;80;81;82;84;85;86 16;17;18;19;65;66;67;68;69;70 3;4;6;7;11;12;13;14;15 9;10 

4
7
0 0.0210477 0 0.474227 0 0.207995 0.263809 
0 0 0 0.0776197 0.0510638 0.261941 0 
0.41964 0.138147 0.37227 0 0 0 0 
0 0 0 0 0.256173 0.430702 0.0130577 
7
7
1 0 0 0 0 0 0 
1 1 0 0 0 0 0 
1 1 1 0 0 0 0 
1 0 0 1 0 0 0 
1 0 0 0 1 0 0 
1 0 0 0 0 1 0 
1 0 0 0 0 0 1 

1 1 0.83451 0.999613 0.999466 0.998124 1 
4
7
0.483539 0.0105239 0 0.237113 0 0.103998 0.131904 
0.195312 0 0 0.0388099 0.0255319 0.130971 0 
0.465028 0.255208 0.186135 0 0 0 0 
0.349966 0 0 0 0.128086 0.215351 0.00652884 

Sample_0 Sample_1 Sample_2 Sample_3 
8 6 1 10 4 2 0 

4
7
0 0.367265 0.04 0 0.269865 0 0.32287 
0 0.0776197 0 0.0510638 0.261941 0 0 
0.0473703 0 0.510417 0 0 0.37227 0 
0 0 0 0.256173 0.361419 0 0.0130577 
7
7
1 0 0 0 0 0 0 
1 1 0 0 0 0 0 
1 0 1 0 0 0 0 
1 0 0 1 0 0 0 
1 0 0 0 1 0 0 
1 0 0 0 0 1 0 
1 0 0 0 0 0 1 

1 0.999613 1 0.999466 0.998124 1 1 
4
7
0.5 0.183632 0.02 0 0.134933 0 0.161435 
0.195312 0.0388099 0 0.0255319 0.130971 0 0 
0.465028 0 0.255208 0 0 0.186135 0 
0.315325 0 0 0.128086 0.180709 0 0.00652884 

Sample_0 Sample_1 Sample_2 Sample_3 
8 10 6 4 2 1 0 

