MultiBinom clustering
Convergence threshold: 1.000000
Initial num clusters: 100
kmeans: True

Time taken: 18.113544
ARI: 0.781212
Cluster freq error: 0.006608
Num active clusters: 11
Cluster assignments
1
6
1
9
9
3
9
9
3
10
10
9
9
9
9
9
8
8
8
8
1
1
1
1
1
1
1
1
6
1
1
1
1
6
1
1
1
1
1
6
1
1
1
0
0
0
0
0
3
0
0
3
0
0
3
0
0
0
0
0
0
0
0
0
0
8
8
8
8
8
8
4
4
4
4
4
5
7
7
7
7
7
7
5
7
7
7
2
2
2
2
2
2
2
2
2
2
2
2
2
Alpha posterior values
0.0000 0.0000 0.0000 0.0000 0.0000 124.7231 0.0000 0.0000 0.0000 0.0000 0.0000 90.0066 0.0000 74.1449 0.0000 0.0000 0.0000 56.5544 0.0000 0.0000 0.0000 0.0000 0.0000 4.0000 0.0000 0.0000 214.4962 243.9494 0.0000 0.0000 105.5579 76.5675 0.0000 0.0000 0.0000 0.0000 0.0000 0.0000 0.0000 0.0000 0.0000 0.0000 0.0000 0.0000 0.0000 0.0000 0.0000 0.0000 0.0000 0.0000 0.0000 0.0000 0.0000 0.0000 0.0000 0.0000 0.0000 0.0000 0.0000 0.0000 0.0000 0.0000 0.0000 0.0000 0.0000 0.0000 0.0000 0.0000 0.0000 0.0000 0.0000 0.0000 0.0000 0.0000 0.0000 0.0000 0.0000 0.0000 0.0000 0.0000 0.0000 0.0000 0.0000 0.0000 0.0000 0.0000 0.0000 0.0000 0.0000 0.0000 0.0000 0.0000 0.0000 0.0000 0.0000 0.0000 0.0000 0.0000 0.0000 0.0000
0.0000 0.0000 0.0000 0.0000 0.0000 0.0000 0.0000 0.0000 0.0000 0.0000 0.0000 85.0166 0.0000 0.0000 5.9867 0.0000 0.0000 19.9039 0.0000 0.0000 0.0000 0.0000 0.0000 0.0000 0.0000 0.0000 60.1504 101.9457 0.0000 0.0000 9.5496 10.4471 0.0000 0.0000 0.0000 0.0000 0.0000 0.0000 0.0000 0.0000 0.0000 0.0000 0.0000 0.0000 0.0000 0.0000 0.0000 0.0000 0.0000 0.0000 0.0000 0.0000 0.0000 0.0000 0.0000 0.0000 0.0000 0.0000 0.0000 0.0000 0.0000 0.0000 0.0000 0.0000 0.0000 0.0000 0.0000 0.0000 0.0000 0.0000 0.0000 0.0000 0.0000 0.0000 0.0000 0.0000 0.0000 0.0000 0.0000 0.0000 0.0000 0.0000 0.0000 0.0000 0.0000 0.0000 0.0000 0.0000 0.0000 0.0000 0.0000 0.0000 0.0000 0.0000 0.0000 0.0000 0.0000 0.0000 0.0000 0.0000
0.0000 0.0000 0.0000 0.0000 0.0000 0.0000 0.0000 0.0000 0.0000 177.0410 0.0000 0.0000 0.0000 0.0000 0.0000 0.0000 0.0000 22.2454 0.0000 0.0000 0.0000 0.0000 0.0000 67.3062 0.0000 0.0000 92.6770 250.0776 0.0000 0.6529 0.0000 0.0000 0.0000 0.0000 0.0000 0.0000 0.0000 0.0000 0.0000 0.0000 0.0000 0.0000 0.0000 0.0000 0.0000 0.0000 0.0000 0.0000 0.0000 0.0000 0.0000 0.0000 0.0000 0.0000 0.0000 0.0000 0.0000 0.0000 0.0000 0.0000 0.0000 0.0000 0.0000 0.0000 0.0000 0.0000 0.0000 0.0000 0.0000 0.0000 0.0000 0.0000 0.0000 0.0000 0.0000 0.0000 0.0000 0.0000 0.0000 0.0000 0.0000 0.0000 0.0000 0.0000 0.0000 0.0000 0.0000 0.0000 0.0000 0.0000 0.0000 0.0000 0.0000 0.0000 0.0000 0.0000 0.0000 0.0000 0.0000 0.0000
0.0000 0.0000 0.0000 0.0000 0.0000 6.0000 0.0000 0.0000 0.0000 0.0000 0.0000 143.0413 0.0000 0.0000 44.9588 0.0000 0.0000 11.5138 0.0000 0.0000 0.0000 0.0000 0.0000 0.0000 0.0000 0.0000 119.2789 153.2073 0.0000 0.0000 0.0000 0.0000 0.0000 0.0000 0.0000 0.0000 0.0000 0.0000 0.0000 0.0000 0.0000 0.0000 0.0000 0.0000 0.0000 0.0000 0.0000 0.0000 0.0000 0.0000 0.0000 0.0000 0.0000 0.0000 0.0000 0.0000 0.0000 0.0000 0.0000 0.0000 0.0000 0.0000 0.0000 0.0000 0.0000 0.0000 0.0000 0.0000 0.0000 0.0000 0.0000 0.0000 0.0000 0.0000 0.0000 0.0000 0.0000 0.0000 0.0000 0.0000 0.0000 0.0000 0.0000 0.0000 0.0000 0.0000 0.0000 0.0000 0.0000 0.0000 0.0000 0.0000 0.0000 0.0000 0.0000 0.0000 0.0000 0.0000 0.0000 0.0000
Beta posterior values
0.0000 0.0000 0.0000 0.0000 0.0000 650.3588 0.0000 0.0000 0.0000 996.8709 0.0000 577.2604 0.0000 232.1764 227.7662 0.0000 0.0000 56.4623 0.0000 0.0000 0.0000 0.0000 0.0000 282.8750 0.0000 0.0000 208.2178 259.3199 0.0000 4.2541 252.1849 192.2533 0.0000 0.0000 0.0000 0.0000 0.0000 0.0000 0.0000 0.0000 0.0000 0.0000 0.0000 0.0000 0.0000 0.0000 0.0000 0.0000 0.0000 0.0000 0.0000 0.0000 0.0000 0.0000 0.0000 0.0000 0.0000 0.0000 0.0000 0.0000 0.0000 0.0000 0.0000 0.0000 0.0000 0.0000 0.0000 0.0000 0.0000 0.0000 0.0000 0.0000 0.0000 0.0000 0.0000 0.0000 0.0000 0.0000 0.0000 0.0000 0.0000 0.0000 0.0000 0.0000 0.0000 0.0000 0.0000 0.0000 0.0000 0.0000 0.0000 0.0000 0.0000 0.0000 0.0000 0.0000 0.0000 0.0000 0.0000 0.0000
0.0000 0.0000 0.0000 0.0000 0.0000 806.5934 0.0000 0.0000 0.0000 972.2778 0.0000 564.2514 0.0000 300.3764 228.7798 0.0000 0.0000 97.0212 0.0000 0.0000 0.0000 0.0000 0.0000 296.5301 0.0000 0.0000 331.7925 423.1863 0.0000 4.1921 335.6388 253.3603 0.0000 0.0000 0.0000 0.0000 0.0000 0.0000 0.0000 0.0000 0.0000 0.0000 0.0000 0.0000 0.0000 0.0000 0.0000 0.0000 0.0000 0.0000 0.0000 0.0000 0.0000 0.0000 0.0000 0.0000 0.0000 0.0000 0.0000 0.0000 0.0000 0.0000 0.0000 0.0000 0.0000 0.0000 0.0000 0.0000 0.0000 0.0000 0.0000 0.0000 0.0000 0.0000 0.0000 0.0000 0.0000 0.0000 0.0000 0.0000 0.0000 0.0000 0.0000 0.0000 0.0000 0.0000 0.0000 0.0000 0.0000 0.0000 0.0000 0.0000 0.0000 0.0000 0.0000 0.0000 0.0000 0.0000 0.0000 0.0000
0.0000 0.0000 0.0000 0.0000 0.0000 833.4523 0.0000 0.0000 0.0000 785.8762 0.0000 638.3222 0.0000 312.3877 263.7071 0.0000 0.0000 93.0973 0.0000 0.0000 0.0000 0.0000 0.0000 210.8290 0.0000 0.0000 302.9920 293.9107 0.0000 3.2947 331.3973 243.7334 0.0000 0.0000 0.0000 0.0000 0.0000 0.0000 0.0000 0.0000 0.0000 0.0000 0.0000 0.0000 0.0000 0.0000 0.0000 0.0000 0.0000 0.0000 0.0000 0.0000 0.0000 0.0000 0.0000 0.0000 0.0000 0.0000 0.0000 0.0000 0.0000 0.0000 0.0000 0.0000 0.0000 0.0000 0.0000 0.0000 0.0000 0.0000 0.0000 0.0000 0.0000 0.0000 0.0000 0.0000 0.0000 0.0000 0.0000 0.0000 0.0000 0.0000 0.0000 0.0000 0.0000 0.0000 0.0000 0.0000 0.0000 0.0000 0.0000 0.0000 0.0000 0.0000 0.0000 0.0000 0.0000 0.0000 0.0000 0.0000
0.0000 0.0000 0.0000 0.0000 0.0000 778.8473 0.0000 0.0000 0.0000 1006.4930 0.0000 507.2410 0.0000 312.1349 198.7867 0.0000 0.0000 89.1914 0.0000 0.0000 0.0000 0.0000 0.0000 292.2856 0.0000 0.0000 340.2561 365.5524 0.0000 4.2214 347.5279 255.4621 0.0000 0.0000 0.0000 0.0000 0.0000 0.0000 0.0000 0.0000 0.0000 0.0000 0.0000 0.0000 0.0000 0.0000 0.0000 0.0000 0.0000 0.0000 0.0000 0.0000 0.0000 0.0000 0.0000 0.0000 0.0000 0.0000 0.0000 0.0000 0.0000 0.0000 0.0000 0.0000 0.0000 0.0000 0.0000 0.0000 0.0000 0.0000 0.0000 0.0000 0.0000 0.0000 0.0000 0.0000 0.0000 0.0000 0.0000 0.0000 0.0000 0.0000 0.0000 0.0000 0.0000 0.0000 0.0000 0.0000 0.0000 0.0000 0.0000 0.0000 0.0000 0.0000 0.0000 0.0000 0.0000 0.0000 0.0000 0.0000
Cluster phi posterior values
0.1601 0.0000 0.1339 0.2406 0.0000 0.5004 0.0110 0.5075 0.4847 0.2941 0.2835
0.0000 0.0000 0.1299 0.0000 0.0221 0.1663 0.0000 0.1519 0.1931 0.0253 0.0366
0.0000 0.1832 0.0000 0.0000 0.0000 0.1892 0.2404 0.2330 0.4596 0.0000 0.0000
0.0065 0.0000 0.2192 0.0000 0.1823 0.1090 0.0000 0.2586 0.2946 0.0000 0.0000
