gene_id	Sample_0	Sample_0	Sample_1	Sample_1	Sample_2	Sample_2	Sample_3	Sample_3
84;85;86;87;88;89;90;91;92;93	457	0	429	21	478	0	469	49
81	55	0	40	8	36	16	55	0
94;95;96;97;98	258	0	260	0	215	8	211	73
2;3;4;5;6;7;8;9;10;11;12;13;14;15;16;17;18;19;20;21;22;23;24;25;26;27;28;29;30;31;32;33;34;35;36;37;38;39;40;41;42;43;44;45	2077	75	2154	0	2140	0	2137	51
49	46	1	26	16	49	1	39	17
61;62	86	6	74	16	115	0	90	0
47;51;52;53;60	218	10	188	66	222	5	157	100
66;67;74	93	47	94	63	109	37	74	74
63;64;65;68;69;70;71;72;73;75;76;77	329	291	360	245	452	159	345	240
46;48;50;54;55;56;57;58;59	480	19	272	183	418	21	232	176
78;79;80;82;83;99	297	0	264	24	241	56	302	0
0;1	119	0	90	6	94	4	65	34
