1 #sols

5
9
0.0724055 0.0631342 0 0.0547264 0.139276 0.478723 0 0.488 0.0639535 
0 0.131841 0.00678733 0 0.231527 0.39375 0.112745 0.202952 0 
0.0746624 0.0308422 0.246377 0 0.0807601 0.429448 0.0682731 0.438914 0.183432 
0 0 0.125828 0 0 0.159449 0 0.1673 0 
0.0713679 0.147864 0 0.158363 0.325815 0.356855 0 0.395437 0.0403397 

Sample_0 Sample_1 Sample_2 Sample_3 Sample_4 
18;19;20;21;22;25;26;27;28;29;30;32;33;35;36;41;42;43;44;46;47;57;58;59;61 4;5;6;7;8;64;65;66;67;68;69;70;71;72;73;74;75 85;86;87;88;89;90;91;92;93 9;10;11;12;13;14;15;16;17;60;62;63 49;50;51;52;53;54;55;56 76;77;78;79;80;81;82;83;84;96 0;1;2;3 94;95;97;98;99 23;24;31;34;37;38;39;40;45;48 

5
7
0.449008 0.127907 0 0.109453 0 0.126268 0.144811 
0.284754 0 0.22549 0 0.0135747 0.263682 0 
0 0.285639 0.0727347 0 0.465037 0.0369391 0.114956 
0.067242 0 0 0 0.251656 0 0 
0 0.0806794 0 0.316726 0 0.287186 0.142736 
7
7
1 0 0 0 0 0 0 
1 1 0 0 0 0 0 
1 0 1 0 0 0 0 
1 0 0 1 0 0 0 
1 0 0 0 1 0 0 
1 0 0 0 0 1 0 
1 0 0 0 0 0 1 

1 1 1 1 0.930213 1 1 
5
7
0.478723 0.0639535 0 0.0547264 0 0.0631342 0.0724055 
0.39375 0 0.112745 0 0.00678733 0.131841 0 
0.487653 0.14282 0.0363674 0 0.232518 0.0184695 0.057478 
0.159449 0 0 0 0.125828 0 0 
0.413663 0.0403397 0 0.158363 0 0.143593 0.0713679 

Sample_0 Sample_1 Sample_2 Sample_3 Sample_4 
5 8 6 3 2 1 0 

