gene_id	Sample_0	Sample_0	Sample_1	Sample_1	Sample_2	Sample_2	Sample_3	Sample_3	Sample_4	Sample_4	Sample_5	Sample_5
34;38	186	0	175	0	210	21	207	0	190	0	195	16
42;43;44;45;46;47;48;49;50;51;52;53;54;55;56	807	681	813	675	877	622	946	551	1320	112	954	558
17;18;19;20;21;22;23;24;25	652	278	781	119	877	0	855	31	965	0	831	97
6;7;8;9;10;11;12;13;14;15;16	1094	18	1030	28	1060	0	1037	146	1140	0	1098	0
57;58;59;60;61;62;63;65;66;67;68;69;70;71;72;73;74;75;76;77;78;79;80;81;82;83;84;85;86;87;88;90;91	2729	534	3177	95	2910	358	2356	1043	3318	0	3243	0
0;1;2;3;4;5	518	101	611	0	599	0	471	135	604	0	596	0
93;94;95;96;97;98;99	709	0	622	85	650	0	681	20	728	0	663	0
26;27;28;29;30	518	0	339	154	330	140	513	13	436	45	368	125
64;89	148	30	187	5	176	41	149	65	181	0	199	0
31;32;33;35;36;37;39;40;41	941	0	899	0	784	65	893	0	929	0	754	153
92	120	0	77	13	104	0	87	2	97	7	99	10
