1 #sols

6
11
0 0.457661 0.298925 0.0161871 0.163653 0.163166 0 0 0.168539 0 0 
0 0.453629 0.132222 0.026465 0.0290342 0 0.120226 0.312373 0.0260417 0 0.144444 
0.0909091 0.414943 0 0 0.109547 0 0 0.297872 0.18894 0.0765607 0 
0 0.368069 0.0349887 0.123415 0.306855 0.222772 0.0285307 0.0247148 0.303738 0 0.0224719 
0 0.0782123 0 0 0 0 0 0.0935551 0 0 0.0673077 
0.0758294 0.369048 0.104526 0 0 0 0 0.25355 0 0.168688 0.0917431 

Sample_0 Sample_1 Sample_2 Sample_3 Sample_4 Sample_5 
34;38 42;43;44;45;46;47;48;49;50;51;52;53;54;55;56 17;18;19;20;21;22;23;24;25 6;7;8;9;10;11;12;13;14;15;16 57;58;59;60;61;62;63;65;66;67;68;69;70;71;72;73;74;75;76;77;78;79;80;81;82;83;84;85;86;87;88;90;91 0;1;2;3;4;5 93;94;95;96;97;98;99 26;27;28;29;30 64;89 31;32;33;35;36;37;39;40;41 92 

6
7
0 0 0 0.326333 0.0173961 0.597849 0 
0.349431 0 0.240453 0 0.0529301 0.264444 0 
0.494947 0.153121 0 0 0 0 0.181818 
0 0 0.0570613 0.445545 0.228686 0.0699774 0 
0.156425 0 0 0 0 0 0 
0.0400088 0.337376 0 0 0 0.209052 0.151659 
7
7
1 0 0 0 0 0 0 
1 1 0 0 0 0 0 
1 0 1 0 0 0 0 
1 0 0 1 0 0 0 
1 0 0 0 1 0 0 
1 0 0 0 0 1 0 
1 0 0 0 0 0 1 

1 1 1 1 1 1 1 
6
7
0.470789 0 0 0.163166 0.00869803 0.298925 0 
0.453629 0 0.120226 0 0.026465 0.132222 0 
0.414943 0.0765607 0 0 0 0 0.0909091 
0.400634 0 0.0285307 0.222772 0.114343 0.0349887 0 
0.0782123 0 0 0 0 0 0 
0.369048 0.168688 0 0 0 0.104526 0.0758294 

Sample_0 Sample_1 Sample_2 Sample_3 Sample_4 Sample_5 
1 9 6 5 3 2 0 

