1 #sols

4
7
0.226852 0.00510204 0 0.225589 0.206522 0 0.445419 
0.169604 0 0.253731 0 0.0454545 0.0230263 0.471483 
0 0 0.0361938 0.34471 0.352381 0 0.40613 
0 0.025 0 0 0.391304 0.17037 0.503274 

Sample_0 Sample_1 Sample_2 Sample_3 
0;1;2;3;4;5;6;7;8;9;10;11;12;13;14;15;16;17;18;19;20;21;22;23;24;25;26 27;28;29;97 58;59;60;61;62;63;64;65;66;67;68;69;70;71;72;73;74;75;76;77;78;79;80;81;82;83;84;85;86;87;88;89;90;91 30;31;32;33;34;56 98;99 57;92;93;94;95;96 35;36;37;38;39;40;41;42;43;44;45;46;47;48;49;50;51;52;53;54;55 

4
6
0 0 0.451178 0 0.00105311 0.453704 
0.0502434 0.0460526 0 0.507463 0 0.339207 
0.0504531 0 0.68942 0.0723876 0 0 
0.609259 0.340741 0 0 0.05 0 
6
6
1 0 0 0 0 0 
1 1 0 0 0 0 
1 0 1 0 0 0 
1 0 0 1 0 0 
1 0 0 0 1 0 
1 0 0 0 0 1 

1 1 0.971248 1 1 1 
4
6
0.452968 0 0.225589 0 0.000526553 0.226852 
0.471483 0.0230263 0 0.253731 0 0.169604 
0.40613 0 0.34471 0.0361938 0 0 
0.5 0.17037 0 0 0.025 0 

Sample_0 Sample_1 Sample_2 Sample_3 
6 5 3 2 1 0 

