MultiBinom clustering
Convergence threshold: 1.000000
Initial num clusters: 100
kmeans: True

Time taken: 27.831389
ARI: 0.805460
Cluster freq error: 0.004409
Num active clusters: 12
Cluster assignments
0
0
0
0
0
0
0
0
0
0
0
8
3
11
11
11
11
11
11
11
11
11
11
11
11
11
11
11
11
11
11
11
11
11
11
2
6
6
6
6
6
6
6
6
6
6
6
6
6
6
6
6
6
6
6
6
6
10
10
10
10
6
6
2
6
6
10
6
6
6
6
1
9
9
9
1
9
1
9
1
9
9
9
9
9
9
9
9
9
9
4
4
4
7
7
7
5
0
0
0
Alpha posterior values
0.0000 0.0000 404.6097 0.0000 0.0000 0.0000 0.0000 25.4778 0.0000 121.3903 0.0000 0.0000 0.0000 0.0000 67.0604 0.0000 13.0000 0.0000 0.0000 691.2641 0.0000 20.4571 0.0000 0.0000 0.0000 0.0000 0.0000 0.0000 0.0000 72.0036 0.0000 0.0000 0.0000 0.0012 0.0000 0.0000 0.0000 242.7359 0.0000 0.0000 0.0000 0.0000 0.0000 0.0000 0.0000 0.0000 0.0000 0.0000 0.0000 0.0000 0.0000 0.0000 0.0000 0.0000 0.0000 0.0000 0.0000 0.0000 0.0000 0.0000 0.0000 0.0000 0.0000 0.0000 0.0000 0.0000 0.0000 0.0000 0.0000 0.0000 0.0000 0.0000 0.0000 0.0000 0.0000 0.0000 0.0000 0.0000 0.0000 0.0000 0.0000 0.0000 0.0000 0.0000 0.0000 0.0000 0.0000 0.0000 0.0000 0.0000 0.0000 0.0000 0.0000 0.0000 0.0000 0.0000 0.0000 0.0000 0.0000 0.0000
0.0000 0.0000 16.9969 0.0000 0.0000 0.0000 0.0000 148.8448 0.0000 16.0031 0.0000 0.0000 2.0000 0.0000 1080.7683 0.0000 3.0000 0.0000 0.0000 733.2632 0.0000 358.3015 0.0000 0.0000 0.0000 0.0000 0.0000 0.0000 0.0000 1002.0532 0.0000 0.0000 0.0000 0.0323 0.0000 0.0000 0.0000 208.7368 0.0000 0.0000 0.0000 0.0000 0.0000 0.0000 0.0000 0.0000 0.0000 0.0000 0.0000 0.0000 0.0000 0.0000 0.0000 0.0000 0.0000 0.0000 0.0000 0.0000 0.0000 0.0000 0.0000 0.0000 0.0000 0.0000 0.0000 0.0000 0.0000 0.0000 0.0000 0.0000 0.0000 0.0000 0.0000 0.0000 0.0000 0.0000 0.0000 0.0000 0.0000 0.0000 0.0000 0.0000 0.0000 0.0000 0.0000 0.0000 0.0000 0.0000 0.0000 0.0000 0.0000 0.0000 0.0000 0.0000 0.0000 0.0000 0.0000 0.0000 0.0000 0.0000
0.0000 0.0000 259.7377 0.0000 0.0000 0.0000 0.0000 8.3278 0.0000 44.2623 0.0000 0.0000 21.0000 0.0000 70.5455 27.0000 0.0000 0.0000 0.0000 438.8772 0.0000 24.1212 0.0000 0.0000 0.0000 0.0000 0.0000 0.0000 0.0000 74.0044 0.0000 0.0000 0.0000 0.0011 0.0000 0.0000 0.0000 168.1228 0.0000 0.0000 0.0000 0.0000 0.0000 0.0000 0.0000 0.0000 0.0000 0.0000 0.0000 0.0000 0.0000 0.0000 0.0000 0.0000 0.0000 0.0000 0.0000 0.0000 0.0000 0.0000 0.0000 0.0000 0.0000 0.0000 0.0000 0.0000 0.0000 0.0000 0.0000 0.0000 0.0000 0.0000 0.0000 0.0000 0.0000 0.0000 0.0000 0.0000 0.0000 0.0000 0.0000 0.0000 0.0000 0.0000 0.0000 0.0000 0.0000 0.0000 0.0000 0.0000 0.0000 0.0000 0.0000 0.0000 0.0000 0.0000 0.0000 0.0000 0.0000 0.0000
0.0000 0.0000 0.0000 0.0000 0.0000 0.0000 0.0000 0.0000 8.0000 0.0000 0.0000 0.0000 0.0000 0.0000 0.0000 76.0000 0.0000 0.0000 0.0000 497.8826 0.0000 0.0000 0.0000 0.0000 0.0000 0.0000 0.0000 0.0000 0.0000 210.0000 0.0000 0.0000 0.0000 0.0000 0.0000 0.0000 0.0000 135.1174 0.0000 0.0000 0.0000 0.0000 0.0000 0.0000 0.0000 0.0000 0.0000 0.0000 0.0000 0.0000 0.0000 0.0000 0.0000 0.0000 0.0000 0.0000 0.0000 0.0000 0.0000 0.0000 0.0000 0.0000 0.0000 0.0000 0.0000 0.0000 0.0000 0.0000 0.0000 0.0000 0.0000 0.0000 0.0000 0.0000 0.0000 0.0000 0.0000 0.0000 0.0000 0.0000 0.0000 0.0000 0.0000 0.0000 0.0000 0.0000 0.0000 0.0000 0.0000 0.0000 0.0000 0.0000 0.0000 0.0000 0.0000 0.0000 0.0000 0.0000 0.0000 0.0000
Beta posterior values
0.0000 0.0000 1047.2017 0.0000 0.0000 0.0000 0.0000 365.7672 111.0000 156.7983 0.0000 0.0000 94.0000 0.0000 2240.5842 297.0000 96.0000 0.0000 0.0000 747.4606 0.0000 801.4665 0.0000 0.0000 0.0000 0.0000 0.0000 0.0000 0.0000 2130.1104 0.0000 0.0000 0.0000 0.0717 0.0000 0.0000 0.0000 199.5394 0.0000 0.0000 0.0000 0.0000 0.0000 0.0000 0.0000 0.0000 0.0000 0.0000 0.0000 0.0000 0.0000 0.0000 0.0000 0.0000 0.0000 0.0000 0.0000 0.0000 0.0000 0.0000 0.0000 0.0000 0.0000 0.0000 0.0000 0.0000 0.0000 0.0000 0.0000 0.0000 0.0000 0.0000 0.0000 0.0000 0.0000 0.0000 0.0000 0.0000 0.0000 0.0000 0.0000 0.0000 0.0000 0.0000 0.0000 0.0000 0.0000 0.0000 0.0000 0.0000 0.0000 0.0000 0.0000 0.0000 0.0000 0.0000 0.0000 0.0000 0.0000 0.0000
0.0000 0.0000 1411.8520 0.0000 0.0000 0.0000 0.0000 225.2396 99.0000 298.1480 0.0000 0.0000 101.0000 0.0000 1229.4259 305.0000 85.0000 0.0000 0.0000 724.4456 0.0000 489.2268 0.0000 0.0000 0.0000 0.0000 0.0000 0.0000 0.0000 1229.0631 0.0000 0.0000 0.0000 0.0446 0.0000 0.0000 0.0000 223.5544 0.0000 0.0000 0.0000 0.0000 0.0000 0.0000 0.0000 0.0000 0.0000 0.0000 0.0000 0.0000 0.0000 0.0000 0.0000 0.0000 0.0000 0.0000 0.0000 0.0000 0.0000 0.0000 0.0000 0.0000 0.0000 0.0000 0.0000 0.0000 0.0000 0.0000 0.0000 0.0000 0.0000 0.0000 0.0000 0.0000 0.0000 0.0000 0.0000 0.0000 0.0000 0.0000 0.0000 0.0000 0.0000 0.0000 0.0000 0.0000 0.0000 0.0000 0.0000 0.0000 0.0000 0.0000 0.0000 0.0000 0.0000 0.0000 0.0000 0.0000 0.0000 0.0000
0.0000 0.0000 1202.0867 0.0000 0.0000 0.0000 0.0000 383.8987 106.0000 242.9133 0.0000 0.0000 68.0000 0.0000 2306.3524 281.0000 104.0000 0.0000 0.0000 969.6769 0.0000 868.5532 0.0000 0.0000 0.0000 0.0000 0.0000 0.0000 0.0000 2094.1132 0.0000 0.0000 0.0000 0.0825 0.0000 0.0000 0.0000 262.3231 0.0000 0.0000 0.0000 0.0000 0.0000 0.0000 0.0000 0.0000 0.0000 0.0000 0.0000 0.0000 0.0000 0.0000 0.0000 0.0000 0.0000 0.0000 0.0000 0.0000 0.0000 0.0000 0.0000 0.0000 0.0000 0.0000 0.0000 0.0000 0.0000 0.0000 0.0000 0.0000 0.0000 0.0000 0.0000 0.0000 0.0000 0.0000 0.0000 0.0000 0.0000 0.0000 0.0000 0.0000 0.0000 0.0000 0.0000 0.0000 0.0000 0.0000 0.0000 0.0000 0.0000 0.0000 0.0000 0.0000 0.0000 0.0000 0.0000 0.0000 0.0000 0.0000
0.0000 0.0000 1397.9070 0.0000 0.0000 0.0000 0.0000 390.7081 97.0000 331.0930 0.0000 0.0000 116.0000 0.0000 2299.9478 214.0000 98.0000 0.0000 0.0000 969.9006 0.0000 863.1584 0.0000 0.0000 0.0000 0.0000 0.0000 0.0000 0.0000 1969.1054 0.0000 0.0000 0.0000 0.0803 0.0000 0.0000 0.0000 296.0994 0.0000 0.0000 0.0000 0.0000 0.0000 0.0000 0.0000 0.0000 0.0000 0.0000 0.0000 0.0000 0.0000 0.0000 0.0000 0.0000 0.0000 0.0000 0.0000 0.0000 0.0000 0.0000 0.0000 0.0000 0.0000 0.0000 0.0000 0.0000 0.0000 0.0000 0.0000 0.0000 0.0000 0.0000 0.0000 0.0000 0.0000 0.0000 0.0000 0.0000 0.0000 0.0000 0.0000 0.0000 0.0000 0.0000 0.0000 0.0000 0.0000 0.0000 0.0000 0.0000 0.0000 0.0000 0.0000 0.0000 0.0000 0.0000 0.0000 0.0000 0.0000 0.0000
Cluster phi posterior values
0.2784 0.5490 0.0633 0.0000 0.4360 0.0000 0.0287 0.0000 0.1157 0.4804 0.0239 0.0323
0.0113 0.4828 0.3975 0.0000 0.0488 0.0147 0.4678 0.0000 0.0287 0.5030 0.4226 0.4491
0.1773 0.3902 0.0193 0.0000 0.1523 0.2330 0.0293 0.0856 0.0000 0.3113 0.0261 0.0337
0.0000 0.3126 0.0000 0.0721 0.0000 0.0000 0.0000 0.2608 0.0000 0.3390 0.0000 0.0960
