1 #sols

4
11
0.553333 0.0481928 0.306122 0.00915332 0.165029 0.478756 0.135915 0.358491 0.435013 0.313725 0 
0.433824 0.148438 0 0.0134831 0.231183 0.331307 0.182222 0 0.518293 0.3 0.156306 
0.378571 0.015625 0.304094 0.0897704 0.158845 0.459701 0 0.231481 0.418129 0.333333 0.00343643 
0.224242 0 0 0 0 0.185804 0 0.178571 0.184848 0.148148 0 

Sample_0 Sample_1 Sample_2 Sample_3 
61;75;76 49;50;51;52;53 88;89;90 91;92;93;94;95;96;97;98;99 11;12;13;14;15;16;17;18;19;20;21 58;60;63;64;65;66;67;69;70;72;73;74;78;79;80;81;82;85;86;87 22;23;24;25;26;27;28;29;30;31;32;33;34;35;36;37;38;39;40;41;42;43;44;45;46;47;48 55;56 57;59;62;68;71;77;83 84 0;1;2;3;4;5;6;7;8;9;10;54 

4
6
0 0 0.27183 0.00493855 0.612245 0.0963855 
0 0.312611 0.364444 0.0260695 0 0.296875 
0.0104066 0.00687285 0 0.179541 0.608187 0.03125 
0.369697 0 0 0 0 0 
6
6
1 0 0 0 0 0 
1 1 0 0 0 0 
1 0 1 0 0 0 
1 0 0 1 0 0 
1 0 0 0 1 0 
1 0 0 0 0 1 

1 1 1 1 0.993988 1 
4
6
0.492699 0 0.135915 0.00246927 0.306122 0.0481928 
0.5 0.156306 0.182222 0.0130348 0 0.148438 
0.418129 0.00343643 0 0.0897704 0.304094 0.015625 
0.184848 0 0 0 0 0 

Sample_0 Sample_1 Sample_2 Sample_3 
8 10 6 3 2 1 

