1 #sols

5
7
0.176084 0.0836431 0 0 0.0102302 0.0691643 0 
0.221845 0.159091 0.0582524 0 0.00961538 0.0922401 0.0666667 
0.32053 0.223636 0.02 0.0333333 0.096 0 0 
0.356589 0.0541045 0 0.0315315 0.0825472 0.00144509 0 
0.47125 0.215649 0.292135 0.133017 0 0 0 

Sample_0 Sample_1 Sample_2 Sample_3 Sample_4 
57;58;59;60;61;62;63;64;65;66;67;68;69;70;71;72;73;74;75;76;77;78;79;80;81;82;83;84;85;86;87 11;12;13;14;15;16;17;18;19;20;21 8;96;98;99 0;1;2;3;4;5;6;7;9;10;49;50;51;52;53;54;97 55;88;90;91;92;93;94;95 22;23;24;25;26;27;28;29;30;31;32;33;34;35;36;37;38;39;40;41;42;43;44;45;46;47;48;56 89 

5
7
0.164422 0.0289577 0 0.138329 0 0.0204604 0 
0 0.000368251 0.133333 0.18448 0 0.0192308 0.116505 
0 0.380606 0 0 0.0666667 0.192 0.04 
0.439875 0.0422557 0 0.00289017 0.0630631 0.165094 0 
0 0.149697 0 0 0.266033 0 0.58427 
7
7
1 0 0 0 0 0 0 
1 1 0 0 0 0 0 
1 1 1 0 0 0 0 
1 1 0 1 0 0 0 
1 1 0 0 1 0 0 
1 0 0 0 0 1 0 
1 0 0 0 0 0 1 

1 0.999024 0.901732 0.869581 0.981843 1 0.999998 
5
7
0.176084 0.0836431 0 0.0691643 0 0.0102302 0 
0.226959 0.159091 0.0666667 0.0922401 0 0.00961538 0.0582524 
0.339636 0.223636 0 0 0.0333333 0.096 0.02 
0.356589 0.0541045 0 0.00144509 0.0315315 0.0825472 0 
0.5 0.207865 0 0 0.133017 0 0.292135 

Sample_0 Sample_1 Sample_2 Sample_3 Sample_4 
0 1 6 5 3 4 2 

