gene_id	Sample_0	Sample_0	Sample_1	Sample_1	Sample_2	Sample_2	Sample_3	Sample_3
25	94	0	91	0	99	4	111	6
57;58;59;60;61;62;63;64;65;91;92;93;94;95;96;97;98;99	1618	135	1457	294	1785	0	1739	10
0;1;2;4;5;6;8;9;10;11;12;13;14;42;43;44;45;46;47	1790	181	1917	0	1891	0	2009	0
48;49;50;51;52;53;54;55;56	914	0	742	155	922	0	654	229
18;19;20;21;22;23;24;26;27;28;29;30	1189	0	1201	0	1182	23	1077	167
31;32;33;34;35;36;37;38;39;40;41	611	430	678	400	626	438	695	461
66;67;68;69;70;71;72;73;74;75;76;77;78;79;80;81;82;83;84;85;86;87;88;89;90	2015	493	2122	413	2459	51	2127	338
3;7	162	12	207	0	193	0	183	2
15;16;17	254	39	316	0	262	59	319	0
