gene_id	Sample_0	Sample_0	Sample_1	Sample_1	Sample_2	Sample_2	Sample_3	Sample_3	Sample_4	Sample_4
25;26;27;28;29;30;31;32;33;34;35;36;37;38	1288	159	973	396	939	403	1334	150	1180	210
0;1;2;3;4;5;6;7;8;9;10;11;12;13;14	1280	191	1394	97	1516	0	1461	73	1481	0
39;40;41;42;43;44;45;46;47;48;49;50;51;52;53;54;55;56;57;58;59;60;61;62;63;64;65;66;67;68;69	1684	1393	1963	1146	1808	1351	2635	424	1890	1324
75;76;77;78;79;80;81;82;83;84;85;86;87;88;89;90;91;92;93;96;97;98	1739	481	2166	0	2185	0	2165	0	1748	483
23;72	170	1	192	41	201	16	185	25	142	36
94;95	195	16	198	15	160	43	222	0	183	0
99	102	0	84	14	93	11	84	0	114	0
24;70;71;73;74	549	2	386	124	430	42	471	47	462	48
15;16;17;18;19;20;21;22	780	0	758	36	786	0	736	80	812	0
