MultiBinom clustering
Convergence threshold: 1.000000
Initial num clusters: 100
kmeans: True

Time taken: 38.096222
ARI: 0.920051
Cluster freq error: 0.007047
Num active clusters: 11
Cluster assignments
7
7
7
7
9
10
10
6
10
10
10
6
6
10
0
0
0
0
0
0
8
0
8
0
0
8
3
3
3
3
3
3
3
3
3
3
2
2
2
2
2
2
2
2
2
2
2
2
2
2
2
2
2
2
4
4
4
4
4
4
4
4
4
9
9
9
9
9
9
9
9
9
5
5
5
5
5
5
5
5
5
5
5
5
5
5
1
1
1
1
1
3
1
1
1
1
1
1
1
1
Alpha posterior values
22.0262 125.0870 0.0000 237.9756 105.9836 14.2884 0.0000 0.0000 68.0750 33.9982 0.0000 0.0000 0.0000 0.0000 0.0000 1.7076 0.0000 11.2181 0.0000 0.0000 2.7116 0.0000 0.0000 0.0000 155.9288 0.0000 0.0000 0.0000 0.0000 0.0000 0.0000 0.0000 0.0000 0.0000 0.0000 0.0000 0.0000 0.0000 0.0000 0.0000 0.0000 0.0000 0.0000 0.0000 0.0000 0.0000 0.0000 0.0000 0.0000 0.0000 0.0000 0.0000 0.0000 0.0000 0.0000 0.0000 0.0000 0.0000 0.0000 0.0000 0.0000 0.0000 0.0000 0.0000 0.0000 0.0000 0.0000 0.0000 0.0000 0.0000 0.0000 0.0000 0.0000 0.0000 0.0000 0.0000 0.0000 0.0000 0.0000 0.0000 0.0000 0.0000 0.0000 0.0000 0.0000 0.0000 0.0000 0.0000 0.0000 0.0000 0.0000 0.0000 0.0000 0.0000 0.0000 0.0000 0.0000 0.0000 0.0000 0.0000
17.1342 148.5486 0.0000 0.0000 89.9368 0.0000 0.0000 0.0000 49.5580 25.0009 0.0000 0.0000 0.0000 0.0000 0.0000 3.4881 0.0000 10.0234 0.0000 0.0000 0.0000 0.8430 17.0219 0.0000 66.4452 0.0000 0.0000 0.0000 0.0000 0.0000 0.0000 0.0000 0.0000 0.0000 0.0000 0.0000 0.0000 0.0000 0.0000 0.0000 0.0000 0.0000 0.0000 0.0000 0.0000 0.0000 0.0000 0.0000 0.0000 0.0000 0.0000 0.0000 0.0000 0.0000 0.0000 0.0000 0.0000 0.0000 0.0000 0.0000 0.0000 0.0000 0.0000 0.0000 0.0000 0.0000 0.0000 0.0000 0.0000 0.0000 0.0000 0.0000 0.0000 0.0000 0.0000 0.0000 0.0000 0.0000 0.0000 0.0000 0.0000 0.0000 0.0000 0.0000 0.0000 0.0000 0.0000 0.0000 0.0000 0.0000 0.0000 0.0000 0.0000 0.0000 0.0000 0.0000 0.0000 0.0000 0.0000 0.0000
0.0000 154.2078 0.0000 0.0000 60.6161 0.0000 0.0000 28.0000 58.7490 0.0000 0.0000 0.0000 0.0000 0.0000 0.0000 4.6806 0.0000 5.4914 0.0000 0.0000 0.0000 0.0000 44.0000 0.0000 68.2550 0.0000 0.0000 0.0000 0.0000 0.0000 0.0000 0.0000 0.0000 0.0000 0.0000 0.0000 0.0000 0.0000 0.0000 0.0000 0.0000 0.0000 0.0000 0.0000 0.0000 0.0000 0.0000 0.0000 0.0000 0.0000 0.0000 0.0000 0.0000 0.0000 0.0000 0.0000 0.0000 0.0000 0.0000 0.0000 0.0000 0.0000 0.0000 0.0000 0.0000 0.0000 0.0000 0.0000 0.0000 0.0000 0.0000 0.0000 0.0000 0.0000 0.0000 0.0000 0.0000 0.0000 0.0000 0.0000 0.0000 0.0000 0.0000 0.0000 0.0000 0.0000 0.0000 0.0000 0.0000 0.0000 0.0000 0.0000 0.0000 0.0000 0.0000 0.0000 0.0000 0.0000 0.0000 0.0000
52.2065 86.8659 0.0000 114.9857 49.1924 0.0000 0.0000 177.6501 70.7306 0.0000 0.0000 0.0000 0.0000 0.0000 0.0000 0.6446 0.0000 6.2939 0.0000 0.0000 0.0000 5.1577 0.0000 0.0000 131.2726 0.0000 0.0000 0.0000 0.0000 0.0000 0.0000 0.0000 0.0000 0.0000 0.0000 0.0000 0.0000 0.0000 0.0000 0.0000 0.0000 0.0000 0.0000 0.0000 0.0000 0.0000 0.0000 0.0000 0.0000 0.0000 0.0000 0.0000 0.0000 0.0000 0.0000 0.0000 0.0000 0.0000 0.0000 0.0000 0.0000 0.0000 0.0000 0.0000 0.0000 0.0000 0.0000 0.0000 0.0000 0.0000 0.0000 0.0000 0.0000 0.0000 0.0000 0.0000 0.0000 0.0000 0.0000 0.0000 0.0000 0.0000 0.0000 0.0000 0.0000 0.0000 0.0000 0.0000 0.0000 0.0000 0.0000 0.0000 0.0000 0.0000 0.0000 0.0000 0.0000 0.0000 0.0000 0.0000
0.0000 250.9608 0.0000 0.0000 194.6491 98.3870 0.0000 0.0000 65.7387 15.0033 0.0000 0.0000 0.0000 0.0000 0.0000 6.8981 0.0000 26.4862 0.0000 0.0000 17.6124 0.0000 36.9972 0.0000 120.2670 0.0000 0.0000 0.0000 0.0000 0.0000 0.0000 0.0000 0.0000 0.0000 0.0000 0.0000 0.0000 0.0000 0.0000 0.0000 0.0000 0.0000 0.0000 0.0000 0.0000 0.0000 0.0000 0.0000 0.0000 0.0000 0.0000 0.0000 0.0000 0.0000 0.0000 0.0000 0.0000 0.0000 0.0000 0.0000 0.0000 0.0000 0.0000 0.0000 0.0000 0.0000 0.0000 0.0000 0.0000 0.0000 0.0000 0.0000 0.0000 0.0000 0.0000 0.0000 0.0000 0.0000 0.0000 0.0000 0.0000 0.0000 0.0000 0.0000 0.0000 0.0000 0.0000 0.0000 0.0000 0.0000 0.0000 0.0000 0.0000 0.0000 0.0000 0.0000 0.0000 0.0000 0.0000 0.0000
Beta posterior values
442.4812 464.4575 0.0000 670.8871 361.4033 346.8069 0.0000 684.0492 79.4337 167.0326 0.0000 0.0000 0.0000 0.0000 0.0000 12.3257 0.0000 39.8052 0.0000 0.0000 62.1904 106.6598 533.8928 0.0000 137.5747 0.0000 0.0000 0.0000 0.0000 0.0000 0.0000 0.0000 0.0000 0.0000 0.0000 0.0000 0.0000 0.0000 0.0000 0.0000 0.0000 0.0000 0.0000 0.0000 0.0000 0.0000 0.0000 0.0000 0.0000 0.0000 0.0000 0.0000 0.0000 0.0000 0.0000 0.0000 0.0000 0.0000 0.0000 0.0000 0.0000 0.0000 0.0000 0.0000 0.0000 0.0000 0.0000 0.0000 0.0000 0.0000 0.0000 0.0000 0.0000 0.0000 0.0000 0.0000 0.0000 0.0000 0.0000 0.0000 0.0000 0.0000 0.0000 0.0000 0.0000 0.0000 0.0000 0.0000 0.0000 0.0000 0.0000 0.0000 0.0000 0.0000 0.0000 0.0000 0.0000 0.0000 0.0000 0.0000
470.9461 457.5567 0.0000 922.8496 423.9009 389.5521 0.0000 705.4811 117.4825 168.0201 0.0000 0.0000 0.0000 0.0000 0.0000 12.4552 0.0000 53.0730 0.0000 0.0000 69.4442 131.4164 489.2904 0.0000 245.5317 0.0000 0.0000 0.0000 0.0000 0.0000 0.0000 0.0000 0.0000 0.0000 0.0000 0.0000 0.0000 0.0000 0.0000 0.0000 0.0000 0.0000 0.0000 0.0000 0.0000 0.0000 0.0000 0.0000 0.0000 0.0000 0.0000 0.0000 0.0000 0.0000 0.0000 0.0000 0.0000 0.0000 0.0000 0.0000 0.0000 0.0000 0.0000 0.0000 0.0000 0.0000 0.0000 0.0000 0.0000 0.0000 0.0000 0.0000 0.0000 0.0000 0.0000 0.0000 0.0000 0.0000 0.0000 0.0000 0.0000 0.0000 0.0000 0.0000 0.0000 0.0000 0.0000 0.0000 0.0000 0.0000 0.0000 0.0000 0.0000 0.0000 0.0000 0.0000 0.0000 0.0000 0.0000 0.0000
459.9060 430.4120 0.0000 903.8503 477.5934 399.4862 0.0000 681.5106 81.8628 213.0303 0.0000 0.0000 0.0000 0.0000 0.0000 13.0711 0.0000 57.9135 0.0000 0.0000 71.5108 109.5487 511.1571 0.0000 199.1473 0.0000 0.0000 0.0000 0.0000 0.0000 0.0000 0.0000 0.0000 0.0000 0.0000 0.0000 0.0000 0.0000 0.0000 0.0000 0.0000 0.0000 0.0000 0.0000 0.0000 0.0000 0.0000 0.0000 0.0000 0.0000 0.0000 0.0000 0.0000 0.0000 0.0000 0.0000 0.0000 0.0000 0.0000 0.0000 0.0000 0.0000 0.0000 0.0000 0.0000 0.0000 0.0000 0.0000 0.0000 0.0000 0.0000 0.0000 0.0000 0.0000 0.0000 0.0000 0.0000 0.0000 0.0000 0.0000 0.0000 0.0000 0.0000 0.0000 0.0000 0.0000 0.0000 0.0000 0.0000 0.0000 0.0000 0.0000 0.0000 0.0000 0.0000 0.0000 0.0000 0.0000 0.0000 0.0000
409.4191 524.0621 0.0000 824.8578 446.9163 359.9479 0.0000 531.2670 84.4404 183.0166 0.0000 0.0000 0.0000 0.0000 0.0000 13.0219 0.0000 44.9902 0.0000 0.0000 65.0494 94.5344 490.9078 0.0000 119.5692 0.0000 0.0000 0.0000 0.0000 0.0000 0.0000 0.0000 0.0000 0.0000 0.0000 0.0000 0.0000 0.0000 0.0000 0.0000 0.0000 0.0000 0.0000 0.0000 0.0000 0.0000 0.0000 0.0000 0.0000 0.0000 0.0000 0.0000 0.0000 0.0000 0.0000 0.0000 0.0000 0.0000 0.0000 0.0000 0.0000 0.0000 0.0000 0.0000 0.0000 0.0000 0.0000 0.0000 0.0000 0.0000 0.0000 0.0000 0.0000 0.0000 0.0000 0.0000 0.0000 0.0000 0.0000 0.0000 0.0000 0.0000 0.0000 0.0000 0.0000 0.0000 0.0000 0.0000 0.0000 0.0000 0.0000 0.0000 0.0000 0.0000 0.0000 0.0000 0.0000 0.0000 0.0000 0.0000
449.2673 378.5594 0.0000 911.8641 326.7924 306.9120 0.0000 689.9358 93.3268 195.0229 0.0000 0.0000 0.0000 0.0000 0.0000 10.0765 0.0000 33.5625 0.0000 0.0000 55.0859 117.8679 452.0440 0.0000 198.6824 0.0000 0.0000 0.0000 0.0000 0.0000 0.0000 0.0000 0.0000 0.0000 0.0000 0.0000 0.0000 0.0000 0.0000 0.0000 0.0000 0.0000 0.0000 0.0000 0.0000 0.0000 0.0000 0.0000 0.0000 0.0000 0.0000 0.0000 0.0000 0.0000 0.0000 0.0000 0.0000 0.0000 0.0000 0.0000 0.0000 0.0000 0.0000 0.0000 0.0000 0.0000 0.0000 0.0000 0.0000 0.0000 0.0000 0.0000 0.0000 0.0000 0.0000 0.0000 0.0000 0.0000 0.0000 0.0000 0.0000 0.0000 0.0000 0.0000 0.0000 0.0000 0.0000 0.0000 0.0000 0.0000 0.0000 0.0000 0.0000 0.0000 0.0000 0.0000 0.0000 0.0000 0.0000 0.0000
Cluster phi posterior values
0.0456 0.2113 0.2613 0.2257 0.0373 0.0000 0.4611 0.1665 0.0000 0.0000 0.5315
0.0334 0.2443 0.0000 0.1739 0.0000 0.0000 0.2948 0.1264 0.0011 0.0319 0.2114
0.0000 0.2630 0.0000 0.1113 0.0000 0.0382 0.4169 0.0000 0.0000 0.0779 0.2537
0.1116 0.1411 0.1216 0.0977 0.0000 0.2499 0.4554 0.0000 0.0453 0.0000 0.5235
0.0000 0.3984 0.0000 0.3728 0.2416 0.0000 0.4124 0.0681 0.0000 0.0741 0.3764
