4 #sols

6
6
0.46764 0.134055 0.0642697 0.211724 0 0 
0.438891 0 0.115527 0 0.115586 0 
0.422875 0 0.270751 0.155655 0.0291044 0.155378 
0.18029 0.130424 0.0369331 0 0.0323877 0 
0.281807 0.0479574 0.178136 0.0533854 0.00930474 0 
0.461752 0.321311 0.0594935 0.0677457 0.0560718 0.0591631 

Sample_0 Sample_1 Sample_2 Sample_3 Sample_4 Sample_5 
1;2;3;4;5;6;7;8;9;10;11;12;13;14;15;16;17;18;19;20;21;22;23;24;25;26;27;28;29;91;92;93;94;95;96;97;98;99 0;74;75;76 59;60;61;62;63;64;65;66;67 68;69;70;71;72;73 30;31;32;33;34;35;36;37;38;39;40;41;42;43;44;45;46;47;48;49;50;51;52;53;54;55;56;57;58 77;78;79;80;81;82;83;84;85;86;87;88;89;90 

6
4
0.511833 0 0 0.423447 
0.64661 0 0.231172 0 
0.165476 0.310755 0.0582087 0.31131 
0.295805 0 0.0647754 0 
0.438234 0 0.0186095 0.106771 
0.557543 0.118326 0.112144 0.135491 
4
4
1 0 0 0 
1 1 0 0 
1 0 1 0 
1 0 0 1 

1 1 1 1 
6
4
0.46764 0 0 0.211724 
0.438891 0 0.115586 0 
0.422875 0.155378 0.0291044 0.155655 
0.18029 0 0.0323877 0 
0.281807 0 0.00930474 0.0533854 
0.461752 0.0591631 0.0560718 0.0677457 

Sample_0 Sample_1 Sample_2 Sample_3 Sample_4 Sample_5 
0 5 4 3 

6
4
0.243722 0 0.423447 0.268111 
0.877782 0 0 0 
0.223684 0.310755 0.31131 0 
0.0997318 0 0 0.260848 
0.360928 0 0.106771 0.0959147 
0.0270653 0.118326 0.135491 0.642621 
4
4
1 0 0 0 
1 1 0 0 
1 0 1 0 
1 0 0 1 

1 1 1 1 
6
4
0.46764 0 0.211724 0.134055 
0.438891 0 0 0 
0.422875 0.155378 0.155655 0 
0.18029 0 0 0.130424 
0.281807 0 0.0533854 0.0479574 
0.461752 0.0591631 0.0677457 0.321311 

Sample_0 Sample_1 Sample_2 Sample_3 Sample_4 Sample_5 
0 5 3 1 

6
4
0.243722 0 0.423447 0.268111 
0.64661 0.231172 0 0 
0.476231 0.0582087 0.31131 0 
0.0349565 0.0647754 0 0.260848 
0.342319 0.0186095 0.106771 0.0959147 
0.0332477 0.112144 0.135491 0.642621 
4
4
1 0 0 0 
1 1 0 0 
1 0 1 0 
1 0 0 1 

1 1 1 1 
6
4
0.46764 0 0.211724 0.134055 
0.438891 0.115586 0 0 
0.422875 0.0291044 0.155655 0 
0.18029 0.0323877 0 0.130424 
0.281807 0.00930474 0.0533854 0.0479574 
0.461752 0.0560718 0.0677457 0.321311 

Sample_0 Sample_1 Sample_2 Sample_3 Sample_4 Sample_5 
0 4 3 1 

6
4
0.66717 0 0 0.268111 
0.64661 0 0.231172 0 
0.476785 0.310755 0.0582087 0 
0.0349565 0 0.0647754 0.260848 
0.44909 0 0.0186095 0.0959147 
0.050413 0.118326 0.112144 0.642621 
4
4
1 0 0 0 
1 1 0 0 
1 0 1 0 
1 0 0 1 

1 1 1 1 
6
4
0.46764 0 0 0.134055 
0.438891 0 0.115586 0 
0.422875 0.155378 0.0291044 0 
0.18029 0 0.0323877 0.130424 
0.281807 0 0.00930474 0.0479574 
0.461752 0.0591631 0.0560718 0.321311 

Sample_0 Sample_1 Sample_2 Sample_3 Sample_4 Sample_5 
0 5 4 1 

