MultiBinom clustering
Convergence threshold: 1.000000
Initial num clusters: 16
kmeans: True

Time taken: 71.522086
Num active clusters: 5
Cluster assignments
0
1
4
4
4
0
1
1
3
1
0
1
4
4
2
0
Alpha posterior values
280414.0000 2381.0000 221550.0000 0.0000 33114.0000 0.0000 0.0000 285891.0000 0.0000 0.0000 0.0000 0.0000 0.0000 0.0000 0.0000 0.0000
317024.0000 8797.0000 227255.0000 0.0000 59394.0000 0.0000 0.0000 292093.0000 0.0000 0.0000 0.0000 0.0000 0.0000 0.0000 0.0000 0.0000
258594.0000 12936.0000 188610.0000 0.0000 61346.0000 0.0000 0.0000 304728.0000 0.0000 0.0000 0.0000 0.0000 0.0000 0.0000 0.0000 0.0000
279426.0000 41992.0000 239504.0000 0.0000 42417.0000 0.0000 0.0000 270599.0000 0.0000 0.0000 0.0000 0.0000 0.0000 0.0000 0.0000 0.0000
175934.0000 90158.0000 132810.0000 0.0000 10346.0000 0.0000 0.0000 87329.0000 0.0000 0.0000 0.0000 0.0000 0.0000 0.0000 0.0000 0.0000
Beta posterior values
325333.0000 658506.0000 25098.0000 0.0000 166260.0000 0.0000 0.0000 507763.0000 0.0000 0.0000 0.0000 0.0000 0.0000 0.0000 0.0000 0.0000
325095.0000 618658.0000 13135.0000 0.0000 168945.0000 0.0000 0.0000 444193.0000 0.0000 0.0000 0.0000 0.0000 0.0000 0.0000 0.0000 0.0000
258217.0000 596455.0000 2434.0000 0.0000 184363.0000 0.0000 0.0000 461238.0000 0.0000 0.0000 0.0000 0.0000 0.0000 0.0000 0.0000 0.0000
304401.0000 570439.0000 15070.0000 0.0000 176093.0000 0.0000 0.0000 559823.0000 0.0000 0.0000 0.0000 0.0000 0.0000 0.0000 0.0000 0.0000
395706.0000 484167.0000 82680.0000 0.0000 206836.0000 0.0000 0.0000 673061.0000 0.0000 0.0000 0.0000 0.0000 0.0000 0.0000 0.0000 0.0000
Cluster phi posterior values
0.4629 0.0036 0.8982 0.1661 0.3602
0.4937 0.0140 0.9454 0.2601 0.3967
0.5004 0.0212 0.9873 0.2497 0.3978
0.4786 0.0686 0.9408 0.1941 0.3259
0.3078 0.1570 0.6163 0.0476 0.1148
