1 #sols

4
7
0.289017 0.290281 0.0497818 0 0.195114 0 7.35483e-05 
0.0883638 0.0234497 0 0.316819 0.00176484 0.0591963 0.00834513 
0.342568 0 0 0 0.140706 0.145915 0.145815 
0.421042 0.422196 0.435731 0 0 0 0 

Sample_0 Sample_1 Sample_2 Sample_3 
0;1;2;3;4;5;6;7;8;9;10;11;12;13;14;15;16;17;18;19;20;21;22;23;24;25;26;27;28;29;30;31;51 32;33;34;35;36;37;38;39;40;41;42 54;55;56;57;58;59;60;61;62;63 64;65;66 43;44;45;46;47;48;49;50;52 93;94;95;96;97;98;99 53;67;68;69;70;71;72;73;74;75;76;77;78;79;80;81;82;83;84;85;86;87;88;89;90;91;92 

4
3
0.18766 0.000147097 0.390228 
0.156508 0.0166903 0.00352967 
0.112093 0.29163 0.281413 
0.842083 0 0 
3
3
1 0 0 
1 1 0 
1 0 1 

1 1 1 
4
3
0.289017 7.35483e-05 0.195114 
0.0883638 0.00834513 0.00176484 
0.342568 0.145815 0.140706 
0.421042 0 0 

Sample_0 Sample_1 Sample_2 Sample_3 
0 6 4 

