MultiBinom clustering
Convergence threshold: 1.000000
Initial num clusters: 75
kmeans: True

Time taken: 9.958412
ARI: 0.986933
Cluster freq error: 0.003765
Num active clusters: 8
Cluster assignments
3
3
0
0
0
0
0
0
0
0
0
0
0
0
0
0
0
0
0
0
0
0
0
0
0
0
0
0
0
0
0
0
0
0
0
0
0
0
0
0
0
0
0
0
0
0
5
5
5
5
5
5
5
5
5
5
5
5
5
5
5
2
2
4
4
4
4
4
4
4
4
4
4
4
4
4
4
4
1
1
1
1
1
1
6
6
6
6
6
6
6
6
6
7
7
7
7
7
7
1
Alpha posterior values
154.9453 0.0000 0.0000 0.0000 0.0000 10.0000 0.0000 0.0000 0.0000 0.0000 0.0000 0.0000 0.0000 0.0000 693.0000 0.0000 65.0000 0.0000 0.0000 0.0000 0.0000 0.0000 0.0000 0.0000 0.0000 0.0000 0.0000 0.0547 0.0000 0.0000 0.0000 0.0000 0.0000 0.0000 0.0000 0.0000 0.0000 0.0000 0.0000 0.0000 0.0000 0.0000 0.0000 0.0000 0.0000 0.0000 0.0000 0.0000 0.0000 0.0000 0.0000 0.0000 0.0000 0.0000 0.0000 0.0000 0.0000 0.0000 0.0000 0.0000 0.0000 0.0000 0.0000 0.0000 0.0000 0.0000 0.0000 0.0000 0.0000 0.0000 0.0000 0.0000 0.0000 0.0000 0.0000 0.0000 0.0000 0.0000 0.0000 0.0000 0.0000 0.0000 0.0000 0.0000 0.0000 0.0000 0.0000 0.0000 0.0000 0.0000 0.0000 0.0000 0.0000 0.0000 0.0000 0.0000 0.0000 0.0000 0.0000 0.0000
0.0000 0.0000 0.0000 0.0000 55.0000 43.0000 18.0000 0.0000 0.0000 0.0000 0.0000 0.0000 0.0000 0.0000 577.0000 0.0000 531.0000 0.0000 52.3258 0.0000 0.0000 0.0000 0.0000 0.0000 0.0000 5.6742 0.0000 0.0000 0.0000 0.0000 0.0000 0.0000 0.0000 0.0000 0.0000 0.0000 0.0000 0.0000 0.0000 0.0000 0.0000 0.0000 0.0000 0.0000 0.0000 0.0000 0.0000 0.0000 0.0000 0.0000 0.0000 0.0000 0.0000 0.0000 0.0000 0.0000 0.0000 0.0000 0.0000 0.0000 0.0000 0.0000 0.0000 0.0000 0.0000 0.0000 0.0000 0.0000 0.0000 0.0000 0.0000 0.0000 0.0000 0.0000 0.0000 0.0000 0.0000 0.0000 0.0000 0.0000 0.0000 0.0000 0.0000 0.0000 0.0000 0.0000 0.0000 0.0000 0.0000 0.0000 0.0000 0.0000 0.0000 0.0000 0.0000 0.0000 0.0000 0.0000 0.0000 0.0000
0.0000 0.0000 0.0000 0.0000 148.0000 0.0000 13.0011 0.0000 0.0000 0.0000 0.0000 0.0000 0.0000 0.0000 406.0000 0.0000 80.0000 0.0000 0.0000 0.0000 0.0000 0.0000 0.0000 0.0000 0.0000 0.0000 0.0000 0.0000 0.0000 0.0000 0.0000 0.0000 0.0000 0.0000 0.0000 0.0000 36.9989 0.0000 0.0000 0.0000 0.0000 0.0000 0.0000 0.0000 0.0000 0.0000 0.0000 0.0000 0.0000 0.0000 0.0000 0.0000 0.0000 0.0000 0.0000 0.0000 0.0000 0.0000 0.0000 0.0000 0.0000 0.0000 0.0000 0.0000 0.0000 0.0000 0.0000 0.0000 0.0000 0.0000 0.0000 0.0000 0.0000 0.0000 0.0000 0.0000 0.0000 0.0000 0.0000 0.0000 0.0000 0.0000 0.0000 0.0000 0.0000 0.0000 0.0000 0.0000 0.0000 0.0000 0.0000 0.0000 0.0000 0.0000 0.0000 0.0000 0.0000 0.0000 0.0000 0.0000
69.8094 0.0000 0.0000 0.0000 0.0000 0.0000 67.0055 0.0000 0.0000 0.0000 0.0000 0.0000 0.0000 0.0000 566.0000 0.0000 628.0000 0.0000 59.0826 0.0000 0.0000 0.0000 0.0000 0.0000 0.0000 6.1080 0.0000 0.0000 0.0000 0.0000 0.0000 0.0000 0.0000 0.0000 0.0000 0.0000 145.9945 0.0000 0.0000 0.0000 0.0000 0.0000 0.0000 0.0000 0.0000 0.0000 0.0000 0.0000 0.0000 0.0000 0.0000 0.0000 0.0000 0.0000 0.0000 0.0000 0.0000 0.0000 0.0000 0.0000 0.0000 0.0000 0.0000 0.0000 0.0000 0.0000 0.0000 0.0000 0.0000 0.0000 0.0000 0.0000 0.0000 0.0000 0.0000 0.0000 0.0000 0.0000 0.0000 0.0000 0.0000 0.0000 0.0000 0.0000 0.0000 0.0000 0.0000 0.0000 0.0000 0.0000 0.0000 0.0000 0.0000 0.0000 0.0000 0.0000 0.0000 0.0000 0.0000 0.0000
Beta posterior values
4103.9077 0.0000 0.0000 0.0000 696.0000 203.0000 232.0184 0.0000 0.0000 0.0000 0.0000 0.0000 0.0000 0.0000 846.0000 0.0000 1506.0000 0.0000 856.4866 0.0000 0.0000 0.0000 0.0000 0.0000 0.0000 61.2963 0.0000 1.3093 0.0000 0.0000 0.0000 0.0000 0.0000 0.0000 0.0000 0.0000 602.9817 0.0000 0.0000 0.0000 0.0000 0.0000 0.0000 0.0000 0.0000 0.0000 0.0000 0.0000 0.0000 0.0000 0.0000 0.0000 0.0000 0.0000 0.0000 0.0000 0.0000 0.0000 0.0000 0.0000 0.0000 0.0000 0.0000 0.0000 0.0000 0.0000 0.0000 0.0000 0.0000 0.0000 0.0000 0.0000 0.0000 0.0000 0.0000 0.0000 0.0000 0.0000 0.0000 0.0000 0.0000 0.0000 0.0000 0.0000 0.0000 0.0000 0.0000 0.0000 0.0000 0.0000 0.0000 0.0000 0.0000 0.0000 0.0000 0.0000 0.0000 0.0000 0.0000 0.0000
4440.1986 0.0000 0.0000 0.0000 676.0000 164.0000 163.0194 0.0000 0.0000 0.0000 0.0000 0.0000 0.0000 0.0000 863.0000 0.0000 963.0000 0.0000 812.6243 0.0000 0.0000 0.0000 0.0000 0.0000 0.0000 59.7538 0.0000 1.4231 0.0000 0.0000 0.0000 0.0000 0.0000 0.0000 0.0000 0.0000 625.9808 0.0000 0.0000 0.0000 0.0000 0.0000 0.0000 0.0000 0.0000 0.0000 0.0000 0.0000 0.0000 0.0000 0.0000 0.0000 0.0000 0.0000 0.0000 0.0000 0.0000 0.0000 0.0000 0.0000 0.0000 0.0000 0.0000 0.0000 0.0000 0.0000 0.0000 0.0000 0.0000 0.0000 0.0000 0.0000 0.0000 0.0000 0.0000 0.0000 0.0000 0.0000 0.0000 0.0000 0.0000 0.0000 0.0000 0.0000 0.0000 0.0000 0.0000 0.0000 0.0000 0.0000 0.0000 0.0000 0.0000 0.0000 0.0000 0.0000 0.0000 0.0000 0.0000 0.0000
4272.5910 0.0000 0.0000 0.0000 543.0000 196.0000 206.0170 0.0000 0.0000 0.0000 0.0000 0.0000 0.0000 0.0000 1170.0000 0.0000 1438.0000 0.0000 819.2028 0.0000 0.0000 0.0000 0.0000 0.0000 0.0000 56.8814 0.0000 1.3246 0.0000 0.0000 0.0000 0.0000 0.0000 0.0000 0.0000 0.0000 568.9831 0.0000 0.0000 0.0000 0.0000 0.0000 0.0000 0.0000 0.0000 0.0000 0.0000 0.0000 0.0000 0.0000 0.0000 0.0000 0.0000 0.0000 0.0000 0.0000 0.0000 0.0000 0.0000 0.0000 0.0000 0.0000 0.0000 0.0000 0.0000 0.0000 0.0000 0.0000 0.0000 0.0000 0.0000 0.0000 0.0000 0.0000 0.0000 0.0000 0.0000 0.0000 0.0000 0.0000 0.0000 0.0000 0.0000 0.0000 0.0000 0.0000 0.0000 0.0000 0.0000 0.0000 0.0000 0.0000 0.0000 0.0000 0.0000 0.0000 0.0000 0.0000 0.0000 0.0000
4380.0267 0.0000 0.0000 0.0000 632.0000 225.0000 141.0146 0.0000 0.0000 0.0000 0.0000 0.0000 0.0000 0.0000 934.0000 0.0000 917.0000 0.0000 769.2969 0.0000 0.0000 0.0000 0.0000 0.0000 0.0000 50.1964 0.0000 1.4798 0.0000 0.0000 0.0000 0.0000 0.0000 0.0000 0.0000 0.0000 459.9855 0.0000 0.0000 0.0000 0.0000 0.0000 0.0000 0.0000 0.0000 0.0000 0.0000 0.0000 0.0000 0.0000 0.0000 0.0000 0.0000 0.0000 0.0000 0.0000 0.0000 0.0000 0.0000 0.0000 0.0000 0.0000 0.0000 0.0000 0.0000 0.0000 0.0000 0.0000 0.0000 0.0000 0.0000 0.0000 0.0000 0.0000 0.0000 0.0000 0.0000 0.0000 0.0000 0.0000 0.0000 0.0000 0.0000 0.0000 0.0000 0.0000 0.0000 0.0000 0.0000 0.0000 0.0000 0.0000 0.0000 0.0000 0.0000 0.0000 0.0000 0.0000 0.0000 0.0000
Cluster phi posterior values
0.0362 0.0000 0.0441 0.0000 0.4502 0.0408 0.0000 0.0000
0.0000 0.0742 0.2058 0.0965 0.4006 0.3552 0.0596 0.0000
0.0000 0.2135 0.0000 0.0567 0.2573 0.0521 0.0000 0.0598
0.0155 0.0000 0.0000 0.3210 0.3772 0.4064 0.0704 0.2402
