1 #sols

6
10
0 0.348315 0 0.132184 0 0 0.35236 0 0.27907 0 
0.218651 0.371287 0 0 0 0.0877193 0.43662 0.189055 0.374429 0.218876 
0 0.14 0.0647558 0 0 0.0501672 0.431306 0 0.428571 0.0728543 
0 0.39823 0.0444368 0 0.111623 0.195719 0.436508 0 0.507317 0 
0 0.185 0 0.0336207 0 0 0.37863 0 0.466667 0 
0.190349 0.242105 0 0 0.0395928 0 0.221748 0.292308 0.333333 0.179671 

Sample_0 Sample_1 Sample_2 Sample_3 Sample_4 Sample_5 
70;71;72;73;74;75;76;77;78;79;80;82;83;84;85;86;87;88;89;90;91;93 11;12 13;14;15;16;17;18;19;30;31;32;33;34;35;36;37;38;39;40;41;42;43;44;45;46;47;48;49;50;51 52;53;54;55;56;57;58;59;60;61;62;63 64;65;66;67;68;69;97;98;99 94;95;96 0;1;2;3;4;5;6;8;9 81;92 7;10 20;21;22;23;24;25;26;27;28;29 

6
7
0.293772 0 0 0 0.264368 0 0 
0 0.373594 0.104998 0 0 0 0.393491 
0.481588 0.145709 0.100334 0 0 0.129512 0 
0.296444 0 0.391437 0.223245 0 0.0888736 0 
0.866092 0 0 0 0.0672414 0 0 
0 0.359343 0 0.0791855 0 0 0.380697 
7
7
1 0 0 0 0 0 0 
1 1 0 0 0 0 0 
1 0 1 0 0 0 0 
1 0 0 1 0 0 0 
1 0 0 0 1 0 0 
1 0 0 0 0 1 0 
1 0 0 0 0 0 1 

1 0.999998 1 1 1 1 0.999997 
6
7
0.27907 0 0 0 0.132184 0 0 
0.436042 0.186797 0.0524992 0 0 0 0.196746 
0.428571 0.0728543 0.0501672 0 0 0.0647558 0 
0.5 0 0.195719 0.111623 0 0.0444368 0 
0.466667 0 0 0 0.0336207 0 0 
0.409613 0.179671 0 0.0395928 0 0 0.190349 

Sample_0 Sample_1 Sample_2 Sample_3 Sample_4 Sample_5 
8 9 5 4 3 2 0 

