gene_id	Sample_0	Sample_0	Sample_1	Sample_1	Sample_2	Sample_2	Sample_3	Sample_3	Sample_4	Sample_4	Sample_5	Sample_5
70;71;72;73;74;75;76;77;78;79;80;82;83;84;85;86;87;88;89;90;91;93	2243	0	1726	483	2201	0	2185	0	2202	0	1812	426
11;12	116	62	127	75	172	28	136	90	163	37	144	46
13;14;15;16;17;18;19;30;31;32;33;34;35;36;37;38;39;40;41;42;43;44;45;46;47;48;49;50;51	2870	0	2824	0	2643	183	2774	129	2843	0	2893	0
52;53;54;55;56;57;58;59;60;61;62;63	1057	161	1202	0	1229	0	1171	0	1121	39	1214	0
64;65;66;67;68;69;97;98;99	910	0	887	0	913	0	772	97	889	0	849	35
94;95;96	318	0	260	25	284	15	263	64	290	0	303	0
0;1;2;3;4;5;6;8;9	590	321	480	372	505	383	497	385	535	326	730	208
81;92	203	0	163	38	210	0	221	0	199	0	138	57
7;10	155	60	137	82	96	72	101	104	104	91	128	64
20;21;22;23;24;25;26;27;28;29	1040	0	778	218	929	73	971	0	1032	0	799	175
