1 #sols

5
9
0.396786 0.0970588 0.10241 0 0.0250696 0.485452 0.381206 0.246575 0.296364 
0.00494438 0 0 0.323077 0 0.329577 0.0436364 0.0364964 0 
0.216428 0 0.0120482 0.205534 0.00262467 0.509231 0.230056 0.141844 0.248264 
0.00492005 0.00521999 0.331522 0 0 0.401338 0 0 0 
0.430925 0.38997 0.01983 0 0 0.496678 0.379562 0.469799 0.027027 

Sample_0 Sample_1 Sample_2 Sample_3 Sample_4 
45;48;50;51;57;58;59;61;62;64;67;69;70;71;72;74 24;25;26;27;28;29;30;31;32;33;34;35;36;37;75;76;77;78;79;80;81;82;83;84;85;86;87 7;8;9;10;11;12;13 20;21;22;23;88 38;39;40;41;42;43;44 0;1;2;3;4;5;6;14;15;16;17;18;19 46;47;52;53;54;55;56;60;66;68;73 49;63;65 89;90;91;92;93;94;95;96;97;98;99 

5
5
0 0.559819 0.0501393 0.204819 0.156126 
0.659155 0 0 0 0 
0.474126 0.496528 0.00524934 0.0240964 0 
0.129192 0 0 0.663043 0.01044 
0.119701 0.0540541 0 0.0396601 0.77994 
5
5
1 0 0 0 0 
1 1 0 0 0 
1 0 1 0 0 
1 0 0 1 0 
1 0 0 0 1 

1 1 1 0.985229 0.999994 
5
5
0.485452 0.279909 0.0250696 0.10241 0.0780631 
0.329577 0 0 0 0 
0.5 0.248264 0.00262467 0.0120482 0 
0.401338 0 0 0.331522 0.00521999 
0.496678 0.027027 0 0.01983 0.38997 

Sample_0 Sample_1 Sample_2 Sample_3 Sample_4 
5 8 4 2 1 

