1 #sols

4
12
0.202128 0 0.0743879 0 0.00928074 0.00184843 0.27907 0 0.497297 0.166667 0.467989 0 
0.336842 0.000912409 0 0.415094 0.162047 0.172881 0.0847458 0.0625 0.514286 0.267857 0.411602 0.215686 
0.477273 0 0.208571 0 0.334129 0.309645 0 0 0.446078 0.469388 0.493683 0 
0.14433 0.0997204 0 0 0.113839 0 0 0 0.220588 0.0333333 0.353488 0 

Sample_0 Sample_1 Sample_2 Sample_3 
97;99 10;11;12;13;14;15;16;17;18;19;20;21;22;23;24;25;26;27;28;29;30;31 32;33;34;35;43;44;45;46;47;48;49;50;51;52;53;54;55;56;57;58;59 42 0;1;2;3;4;5;6;7;8 9;86;87;88;89;90;91;92;93;94;95 96 39 65;69;79;85 98 60;61;62;63;64;66;67;68;70;71;72;73;74;75;76;77;78;80;81;82;83;84 36;37;38;40;41 

4
8
0.283982 0 0 0 0.55814 0.00369686 0.148776 0 
0 0.215519 0.431373 0.0281129 0.0527777 0.272029 0 0.000188764 
0 0 0 0 0 0.619289 0.380711 0 
0.241736 0 0 0 0 0 0 0.199441 
8
8
1 0 0 0 0 0 0 0 
1 1 0 0 0 0 0 0 
1 1 1 0 0 0 0 0 
1 0 0 1 0 0 0 0 
1 0 0 0 1 0 0 0 
1 0 0 0 0 1 0 0 
1 0 0 0 0 0 1 0 
1 0 0 0 0 0 0 1 

1 0.899796 0.820598 0.999983 0.995206 0.99977 1 0.999998 
4
8
0.497297 0 0 0 0.27907 0.00184843 0.0743879 0 
0.5 0.323446 0.215686 0.0140564 0.0263889 0.136015 0 9.43818e-05 
0.5 0 0 0 0 0.309645 0.190355 0 
0.220588 0 0 0 0 0 0 0.0997204 

Sample_0 Sample_1 Sample_2 Sample_3 
8 3 11 7 6 5 2 1 

