gene_id	Sample_0	Sample_0	Sample_1	Sample_1	Sample_2	Sample_2	Sample_3	Sample_3
97;99	75	19	63	32	46	42	83	14
10;11;12;13;14;15;16;17;18;19;20;21;22;23;24;25;26;27;28;29;30;31	1050	0	1095	1	1088	0	966	107
32;33;34;35;43;44;45;46;47;48;49;50;51;52;53;54;55;56;57;58;59	983	79	979	0	831	219	995	0
42	53	0	31	22	51	0	53	0
0;1;2;3;4;5;6;7;8	427	4	393	76	279	140	397	51
9;86;87;88;89;90;91;92;93;94;95	540	1	488	102	408	183	525	0
96	31	12	54	5	48	0	53	0
39	44	0	45	3	58	0	48	0
65;69;79;85	93	92	102	108	113	91	159	45
98	55	11	41	15	26	23	58	2
60;61;62;63;64;66;67;68;70;71;72;73;74;75;76;77;78;80;81;82;83;84	590	519	639	447	521	508	695	380
36;37;38;40;41	265	0	200	55	250	0	246	0
