MultiBinom clustering
Convergence threshold: 1.000000
Initial num clusters: 100
kmeans: True

Time taken: 25.796693
ARI: 0.865407
Cluster freq error: 0.007725
Num active clusters: 12
Cluster assignments
4
4
4
4
4
4
4
4
4
5
1
1
1
1
1
1
1
1
1
1
1
1
1
1
1
1
1
1
1
1
1
1
2
2
2
2
11
11
11
7
11
11
3
2
2
2
2
2
2
2
2
2
2
2
2
2
2
2
2
2
10
10
10
10
10
8
10
10
10
8
10
10
10
10
10
10
10
10
10
8
10
10
10
10
10
8
5
5
5
5
5
5
5
5
5
5
6
0
9
0
Alpha posterior values
0.0000 23.4471 0.0000 78.9997 0.0000 0.0000 0.0000 0.0000 0.0000 0.0000 4.0032 0.0000 0.0000 0.0000 0.0000 0.9970 0.0000 12.0000 0.0000 0.0000 86.5283 0.0000 0.0000 0.0000 0.0000 0.0000 6.5527 0.0000 524.4719 0.0000 0.0000 0.0000 0.0000 0.0000 0.0000 0.0000 0.0000 0.0000 0.0000 0.0000 0.0000 0.0000 0.0000 0.0000 0.0000 0.0000 0.0000 0.0000 0.0000 0.0000 0.0000 0.0000 0.0000 0.0000 0.0000 0.0000 0.0000 0.0000 0.0000 0.0000 0.0000 0.0000 0.0000 0.0000 0.0000 0.0000 0.0000 0.0000 0.0000 0.0000 0.0000 0.0000 0.0000 0.0000 0.0000 0.0000 0.0000 0.0000 0.0000 0.0000 0.0000 0.0000 0.0000 0.0000 0.0000 0.0000 0.0000 0.0000 0.0000 0.0000 0.0000 0.0000 0.0000 0.0000 0.0000 0.0000 0.0000 0.0000 0.0000 0.0000
0.0000 38.0642 1.0000 0.0000 0.0000 0.0000 0.0000 0.0000 23.7366 0.0000 76.2468 0.0000 0.0000 0.0000 0.0000 101.7527 0.0000 5.0000 3.0371 0.0000 99.2973 0.0000 0.0000 0.0000 0.0000 0.0000 8.9357 0.0000 455.7034 0.0000 0.0000 53.2263 0.0000 0.0000 0.0000 0.0000 0.0000 0.0000 0.0000 0.0000 0.0000 0.0000 0.0000 0.0000 0.0000 0.0000 0.0000 0.0000 0.0000 0.0000 0.0000 0.0000 0.0000 0.0000 0.0000 0.0000 0.0000 0.0000 0.0000 0.0000 0.0000 0.0000 0.0000 0.0000 0.0000 0.0000 0.0000 0.0000 0.0000 0.0000 0.0000 0.0000 0.0000 0.0000 0.0000 0.0000 0.0000 0.0000 0.0000 0.0000 0.0000 0.0000 0.0000 0.0000 0.0000 0.0000 0.0000 0.0000 0.0000 0.0000 0.0000 0.0000 0.0000 0.0000 0.0000 0.0000 0.0000 0.0000 0.0000 0.0000
0.0000 51.2991 0.0000 218.9957 0.0000 0.0000 0.0000 0.0000 0.0000 0.0000 140.4984 0.0000 0.0000 0.0000 0.0000 182.5049 0.0000 0.0000 0.0000 0.0000 82.5928 0.0000 0.0000 0.0000 0.0000 0.0000 13.7015 0.0000 516.4076 0.0000 0.0000 0.0000 0.0000 0.0000 0.0000 0.0000 0.0000 0.0000 0.0000 0.0000 0.0000 0.0000 0.0000 0.0000 0.0000 0.0000 0.0000 0.0000 0.0000 0.0000 0.0000 0.0000 0.0000 0.0000 0.0000 0.0000 0.0000 0.0000 0.0000 0.0000 0.0000 0.0000 0.0000 0.0000 0.0000 0.0000 0.0000 0.0000 0.0000 0.0000 0.0000 0.0000 0.0000 0.0000 0.0000 0.0000 0.0000 0.0000 0.0000 0.0000 0.0000 0.0000 0.0000 0.0000 0.0000 0.0000 0.0000 0.0000 0.0000 0.0000 0.0000 0.0000 0.0000 0.0000 0.0000 0.0000 0.0000 0.0000 0.0000 0.0000
0.0000 14.8087 107.0000 0.0000 0.0000 0.0000 0.0000 0.0000 0.0000 0.0000 50.9998 0.0000 0.0000 0.0000 0.0000 0.0000 0.0000 0.0000 0.0000 0.0000 42.4106 0.0000 0.0000 0.0000 0.0000 0.0000 1.1916 0.0000 382.5894 0.0000 0.0000 0.0000 0.0000 0.0000 0.0000 0.0000 0.0000 0.0000 0.0000 0.0000 0.0000 0.0000 0.0000 0.0000 0.0000 0.0000 0.0000 0.0000 0.0000 0.0000 0.0000 0.0000 0.0000 0.0000 0.0000 0.0000 0.0000 0.0000 0.0000 0.0000 0.0000 0.0000 0.0000 0.0000 0.0000 0.0000 0.0000 0.0000 0.0000 0.0000 0.0000 0.0000 0.0000 0.0000 0.0000 0.0000 0.0000 0.0000 0.0000 0.0000 0.0000 0.0000 0.0000 0.0000 0.0000 0.0000 0.0000 0.0000 0.0000 0.0000 0.0000 0.0000 0.0000 0.0000 0.0000 0.0000 0.0000 0.0000 0.0000 0.0000
Beta posterior values
0.0000 97.2365 1050.0001 982.9865 0.0000 0.0000 0.0000 0.0000 60.1261 0.0000 428.4696 0.0000 0.0000 0.0000 0.0000 538.5418 0.0000 31.0000 43.3626 0.0000 86.7423 0.0000 0.0000 0.0000 0.0000 0.0000 32.7639 0.0000 596.2596 0.0000 0.0000 258.5111 0.0000 0.0000 0.0000 0.0000 0.0000 0.0000 0.0000 0.0000 0.0000 0.0000 0.0000 0.0000 0.0000 0.0000 0.0000 0.0000 0.0000 0.0000 0.0000 0.0000 0.0000 0.0000 0.0000 0.0000 0.0000 0.0000 0.0000 0.0000 0.0000 0.0000 0.0000 0.0000 0.0000 0.0000 0.0000 0.0000 0.0000 0.0000 0.0000 0.0000 0.0000 0.0000 0.0000 0.0000 0.0000 0.0000 0.0000 0.0000 0.0000 0.0000 0.0000 0.0000 0.0000 0.0000 0.0000 0.0000 0.0000 0.0000 0.0000 0.0000 0.0000 0.0000 0.0000 0.0000 0.0000 0.0000 0.0000 0.0000
0.0000 79.5765 1095.0001 978.9872 0.0000 0.0000 0.0000 0.0000 36.7565 0.0000 394.2980 0.0000 0.0000 0.0000 0.0000 486.7125 0.0000 54.0000 44.1199 0.0000 96.5156 0.0000 0.0000 0.0000 0.0000 0.0000 24.4244 0.0000 644.4858 0.0000 0.0000 195.1235 0.0000 0.0000 0.0000 0.0000 0.0000 0.0000 0.0000 0.0000 0.0000 0.0000 0.0000 0.0000 0.0000 0.0000 0.0000 0.0000 0.0000 0.0000 0.0000 0.0000 0.0000 0.0000 0.0000 0.0000 0.0000 0.0000 0.0000 0.0000 0.0000 0.0000 0.0000 0.0000 0.0000 0.0000 0.0000 0.0000 0.0000 0.0000 0.0000 0.0000 0.0000 0.0000 0.0000 0.0000 0.0000 0.0000 0.0000 0.0000 0.0000 0.0000 0.0000 0.0000 0.0000 0.0000 0.0000 0.0000 0.0000 0.0000 0.0000 0.0000 0.0000 0.0000 0.0000 0.0000 0.0000 0.0000 0.0000 0.0000
0.0000 56.5124 1088.0001 830.9920 0.0000 0.0000 0.0000 0.0000 57.3305 0.0000 280.0416 0.0000 0.0000 0.0000 0.0000 406.9648 0.0000 48.0000 56.9321 0.0000 103.2285 0.0000 0.0000 0.0000 0.0000 0.0000 15.4889 0.0000 530.7719 0.0000 0.0000 244.7372 0.0000 0.0000 0.0000 0.0000 0.0000 0.0000 0.0000 0.0000 0.0000 0.0000 0.0000 0.0000 0.0000 0.0000 0.0000 0.0000 0.0000 0.0000 0.0000 0.0000 0.0000 0.0000 0.0000 0.0000 0.0000 0.0000 0.0000 0.0000 0.0000 0.0000 0.0000 0.0000 0.0000 0.0000 0.0000 0.0000 0.0000 0.0000 0.0000 0.0000 0.0000 0.0000 0.0000 0.0000 0.0000 0.0000 0.0000 0.0000 0.0000 0.0000 0.0000 0.0000 0.0000 0.0000 0.0000 0.0000 0.0000 0.0000 0.0000 0.0000 0.0000 0.0000 0.0000 0.0000 0.0000 0.0000 0.0000 0.0000
0.0000 106.4498 966.0001 994.9907 0.0000 0.0000 0.0000 0.0000 59.8297 0.0000 398.3153 0.0000 0.0000 0.0000 0.0000 523.6918 0.0000 53.0000 47.1870 0.0000 142.9169 0.0000 0.0000 0.0000 0.0000 0.0000 34.5509 0.0000 711.0846 0.0000 0.0000 239.9832 0.0000 0.0000 0.0000 0.0000 0.0000 0.0000 0.0000 0.0000 0.0000 0.0000 0.0000 0.0000 0.0000 0.0000 0.0000 0.0000 0.0000 0.0000 0.0000 0.0000 0.0000 0.0000 0.0000 0.0000 0.0000 0.0000 0.0000 0.0000 0.0000 0.0000 0.0000 0.0000 0.0000 0.0000 0.0000 0.0000 0.0000 0.0000 0.0000 0.0000 0.0000 0.0000 0.0000 0.0000 0.0000 0.0000 0.0000 0.0000 0.0000 0.0000 0.0000 0.0000 0.0000 0.0000 0.0000 0.0000 0.0000 0.0000 0.0000 0.0000 0.0000 0.0000 0.0000 0.0000 0.0000 0.0000 0.0000 0.0000
Cluster phi posterior values
0.1907 0.0000 0.0736 0.0000 0.0072 0.0001 0.2738 0.0000 0.4994 0.1602 0.4679 0.0000
0.3214 0.0000 0.0000 0.3905 0.1607 0.1719 0.0776 0.0551 0.5072 0.2625 0.4141 0.2124
0.4755 0.0000 0.2080 0.0000 0.3334 0.3090 0.0000 0.0000 0.4440 0.4686 0.4931 0.0000
0.1177 0.0990 0.0000 0.0000 0.1120 0.0000 0.0000 0.0000 0.2265 0.0234 0.3496 0.0000
