1 #sols

6
8
0.282266 0 0 0 0.146045 0.102477 0.0824524 0 
0.183938 0 0.0243243 0.134563 0 0.15847 0.12395 0.0297483 
0.405006 0.218684 0 0 0.0319549 0.283304 0.0372671 0 
0.464195 0.0204082 0.509662 0 0 0.492931 0 0 
0.133248 0 0 0 0.0715746 0 0 0.0709343 
0.290229 0 0 0.0722569 0.121154 0.166517 0.0809129 0 

Sample_0 Sample_1 Sample_2 Sample_3 Sample_4 Sample_5 
57;58;59;60;61;62;63;64;65;66;67;68;69;70;71;72;73;74;75;76;77;78;79;80;81;82;83;84;85;86;87 91;92;93;94;95 96;97;98;99 27;28;29;30;31;32;33;34;35;36;37;38;39;40;41;42;43;44;45;46;47;48 55;56;88;89;90 11;12;13;14;15;16;17;18;19;20;21 22;23;24;25;26 0;1;2;3;4;5;6;7;8;9;10;49;50;51;52;53;54 

6
5
0.272442 0 0.292089 0 0 
0.0392522 0.0594966 0 0.269127 0 
0.308736 0 0.0639098 0 0.437367 
0.887574 0 0 0 0.0408163 
0 0.141869 0.124626 0 0 
0.193636 0 0.242308 0.144514 0 
5
5
1 0 0 0 0 
1 1 0 0 0 
1 0 1 0 0 
1 0 0 1 0 
1 0 0 0 1 

1 1 0.99997 0.999999 1 
6
5
0.282266 0 0.146045 0 0 
0.183938 0.0297483 0 0.134563 0 
0.405006 0 0.0319549 0 0.218684 
0.464195 0 0 0 0.0204082 
0.133248 0.0709343 0.0623132 0 0 
0.290229 0 0.121154 0.0722569 0 

Sample_0 Sample_1 Sample_2 Sample_3 Sample_4 Sample_5 
0 7 4 3 1 

