gene_id	Sample_0	Sample_0	Sample_1	Sample_1	Sample_2	Sample_2	Sample_3	Sample_3	Sample_4	Sample_4
2;3;5;6;8;9;10;11;14;15;18;19;21;22;24;78	691	139	656	97	618	140	740	50	803	0
0;25;26;27;29;30;32;33;34;35;36;38;39;40;41;43;44;46;47;48;49;51;52;53;54;55;56;57;58;59	1430	4	1413	0	1375	78	1324	141	1473	0
60;61;62;63;64;65;67;68;69;70;71;72	433	146	316	250	440	145	399	208	560	33
13;79	81	19	84	15	98	16	105	1	126	0
1;16;23	124	27	139	10	124	21	142	4	133	0
93;94;95;96;97;98;99	338	0	353	21	312	0	339	0	327	24
7;17;20;76;77;80;81	293	59	261	97	285	55	340	4	360	0
66	39	17	22	28	42	10	34	23	53	1
4;12	67	11	103	7	85	28	86	0	122	0
28;31;37;42;45;50;82;83;84	425	3	434	0	458	0	403	57	448	0
85;86;87;88;89;90;91;92	360	24	404	0	381	16	397	0	346	0
73;74;75	141	14	131	0	166	0	135	12	135	0
