MultiBinom clustering
Convergence threshold: 1.000000
Initial num clusters: 40
kmeans: True

Time taken: 10.461949
Num active clusters: 12
Cluster assignments
0
11
10
2
7
2
2
6
10
10
10
2
9
10
2
10
11
2
2
2
10
5
5
5
5
5
5
5
1
4
4
4
4
5
1
8
1
3
3
3
Alpha posterior values
831.0000 0.0000 0.0000 2355.1216 0.0000 0.0000 2243.0000 55.0000 380.0000 0.0000 0.0000 0.0000 228.0000 2517.8770 470.0014 0.0000 0.0000 0.0000 0.0000 0.0000 0.0000 0.0000 0.0000 0.0000 0.0000 0.0000 0.0000 0.0000 0.0000 0.0000 0.0000 0.0000 0.0000 0.0000 0.0000 0.0000 0.0000 0.0000 0.0000 0.0000
357.0000 0.0000 245.0000 1068.0366 0.0000 0.0000 1003.0000 133.0000 152.0000 0.0000 0.0000 0.0000 100.0000 1197.9628 232.0005 0.0000 0.0000 0.0000 0.0000 0.0000 0.0000 0.0000 0.0000 0.0000 0.0000 0.0000 0.0000 0.0000 0.0000 0.0000 0.0000 0.0000 0.0000 0.0000 0.0000 0.0000 0.0000 0.0000 0.0000 0.0000
292.0000 0.0000 52.0000 1792.0485 0.0000 908.0000 3.0000 229.0000 314.0000 0.0000 0.0000 0.0000 140.0000 2348.9502 401.0013 0.0000 0.0000 0.0000 0.0000 0.0000 0.0000 0.0000 0.0000 0.0000 0.0000 0.0000 0.0000 0.0000 0.0000 0.0000 0.0000 0.0000 0.0000 0.0000 0.0000 0.0000 0.0000 0.0000 0.0000 0.0000
268.0000 0.0000 12.0000 1619.0799 0.0000 810.0000 0.0000 163.0000 312.0000 0.0000 0.0000 0.0000 143.0000 1913.9191 390.0010 0.0000 0.0000 0.0000 0.0000 0.0000 0.0000 0.0000 0.0000 0.0000 0.0000 0.0000 0.0000 0.0000 0.0000 0.0000 0.0000 0.0000 0.0000 0.0000 0.0000 0.0000 0.0000 0.0000 0.0000 0.0000
317.0000 0.0000 0.0000 1881.5150 0.0000 17.0000 0.0000 170.0000 297.0000 0.0000 62.0000 0.0000 159.0000 1840.4841 325.0009 0.0000 0.0000 0.0000 0.0000 0.0000 0.0000 0.0000 0.0000 0.0000 0.0000 0.0000 0.0000 0.0000 0.0000 0.0000 0.0000 0.0000 0.0000 0.0000 0.0000 0.0000 0.0000 0.0000 0.0000 0.0000
345.0000 0.0000 0.0000 1947.6695 0.0000 0.0000 0.0000 194.0000 328.0000 0.0000 235.0000 0.0000 179.0000 2012.3293 368.0012 0.0000 0.0000 0.0000 0.0000 0.0000 0.0000 0.0000 0.0000 0.0000 0.0000 0.0000 0.0000 0.0000 0.0000 0.0000 0.0000 0.0000 0.0000 0.0000 0.0000 0.0000 0.0000 0.0000 0.0000 0.0000
178.0000 0.0000 52.0000 1177.2412 12.0000 0.0000 0.0000 128.0000 164.0000 0.0000 0.0000 0.0000 143.0000 1243.7582 261.0006 0.0000 0.0000 0.0000 0.0000 0.0000 0.0000 0.0000 0.0000 0.0000 0.0000 0.0000 0.0000 0.0000 0.0000 0.0000 0.0000 0.0000 0.0000 0.0000 0.0000 0.0000 0.0000 0.0000 0.0000 0.0000
381.0000 0.0000 0.0000 1873.3133 678.0000 0.0000 0.0000 211.0000 314.0000 0.0000 0.0000 0.0000 170.0000 2187.6855 387.0012 0.0000 0.0000 0.0000 0.0000 0.0000 0.0000 0.0000 0.0000 0.0000 0.0000 0.0000 0.0000 0.0000 0.0000 0.0000 0.0000 0.0000 0.0000 0.0000 0.0000 0.0000 0.0000 0.0000 0.0000 0.0000
Beta posterior values
808.0000 0.0000 2075.0000 4191.5777 2814.0000 3284.0000 4532.0000 674.0000 248.0000 0.0000 925.0000 0.0000 575.0000 4553.4196 1325.0027 0.0000 0.0000 0.0000 0.0000 0.0000 0.0000 0.0000 0.0000 0.0000 0.0000 0.0000 0.0000 0.0000 0.0000 0.0000 0.0000 0.0000 0.0000 0.0000 0.0000 0.0000 0.0000 0.0000 0.0000 0.0000
1215.0000 0.0000 3414.0000 7061.2770 3526.0000 4614.0000 8264.0000 853.0000 894.0000 0.0000 989.0000 0.0000 990.0000 7967.7188 2058.0042 0.0000 0.0000 0.0000 0.0000 0.0000 0.0000 0.0000 0.0000 0.0000 0.0000 0.0000 0.0000 0.0000 0.0000 0.0000 0.0000 0.0000 0.0000 0.0000 0.0000 0.0000 0.0000 0.0000 0.0000 0.0000
1414.0000 0.0000 4275.0000 7613.4273 4055.0000 4457.0000 10927.0000 1185.0000 890.0000 0.0000 1276.0000 0.0000 983.0000 8390.5678 1706.0049 0.0000 0.0000 0.0000 0.0000 0.0000 0.0000 0.0000 0.0000 0.0000 0.0000 0.0000 0.0000 0.0000 0.0000 0.0000 0.0000 0.0000 0.0000 0.0000 0.0000 0.0000 0.0000 0.0000 0.0000 0.0000
1022.0000 0.0000 3063.0000 5960.8649 3229.0000 3388.0000 8486.0000 761.0000 679.0000 0.0000 1208.0000 0.0000 773.0000 6269.1317 1386.0034 0.0000 0.0000 0.0000 0.0000 0.0000 0.0000 0.0000 0.0000 0.0000 0.0000 0.0000 0.0000 0.0000 0.0000 0.0000 0.0000 0.0000 0.0000 0.0000 0.0000 0.0000 0.0000 0.0000 0.0000 0.0000
1030.0000 0.0000 3076.0000 5527.4438 3287.0000 4011.0000 8050.0000 717.0000 617.0000 0.0000 1015.0000 0.0000 728.0000 6347.5525 1329.0037 0.0000 0.0000 0.0000 0.0000 0.0000 0.0000 0.0000 0.0000 0.0000 0.0000 0.0000 0.0000 0.0000 0.0000 0.0000 0.0000 0.0000 0.0000 0.0000 0.0000 0.0000 0.0000 0.0000 0.0000 0.0000
977.0000 0.0000 3141.0000 5556.3527 3490.0000 4122.0000 8035.0000 724.0000 594.0000 0.0000 913.0000 0.0000 705.0000 6014.6434 1401.0039 0.0000 0.0000 0.0000 0.0000 0.0000 0.0000 0.0000 0.0000 0.0000 0.0000 0.0000 0.0000 0.0000 0.0000 0.0000 0.0000 0.0000 0.0000 0.0000 0.0000 0.0000 0.0000 0.0000 0.0000 0.0000
544.0000 0.0000 1714.0000 3655.4056 2056.0000 2534.0000 5530.0000 556.0000 324.0000 0.0000 718.0000 0.0000 555.0000 4235.5920 1036.0024 0.0000 0.0000 0.0000 0.0000 0.0000 0.0000 0.0000 0.0000 0.0000 0.0000 0.0000 0.0000 0.0000 0.0000 0.0000 0.0000 0.0000 0.0000 0.0000 0.0000 0.0000 0.0000 0.0000 0.0000 0.0000
1198.0000 0.0000 3588.0000 5889.1667 2539.0000 4835.0000 9056.0000 866.0000 669.0000 0.0000 1121.0000 0.0000 746.0000 7006.8290 1517.0043 0.0000 0.0000 0.0000 0.0000 0.0000 0.0000 0.0000 0.0000 0.0000 0.0000 0.0000 0.0000 0.0000 0.0000 0.0000 0.0000 0.0000 0.0000 0.0000 0.0000 0.0000 0.0000 0.0000 0.0000 0.0000
Cluster phi posterior values
0.5070 0.0000 0.3597 0.0000 0.0000 0.3310 0.0749 0.6053 0.0000 0.2837 0.3560 0.2617
0.2269 0.0668 0.1313 0.0000 0.0000 0.1082 0.1345 0.1450 0.0000 0.0914 0.1306 0.1011
0.1710 0.0118 0.1905 0.0000 0.1691 0.0002 0.1617 0.2606 0.0000 0.1243 0.2187 0.1901
0.2075 0.0037 0.2135 0.0000 0.1928 0.0000 0.1761 0.3146 0.0000 0.1557 0.2338 0.2194
0.2351 0.0000 0.2539 0.0000 0.0040 0.0000 0.1913 0.3248 0.0572 0.1789 0.2247 0.1962
0.2608 0.0000 0.2595 0.0000 0.0000 0.0000 0.2110 0.3556 0.2044 0.2022 0.2506 0.2078
0.2462 0.0290 0.2435 0.0054 0.0000 0.0000 0.1867 0.3357 0.0000 0.2044 0.2269 0.2009
0.2411 0.0000 0.2413 0.2106 0.0000 0.0000 0.1956 0.3192 0.0000 0.1852 0.2379 0.2030
