1 #sols

5
13
0 0.00225734 0 0.146341 0 0 0.28481 0 0 0 0.2 0 0 
0 0.0125571 0.389558 0.354167 0 0 0.393103 0.0182768 0 0.0298507 0 0 0.421053 
0 0 0 0.263158 0.140954 0 0.4375 0.00280899 0.0717391 0.274691 0.208333 0.203704 0 
0.212377 0 0.0976562 0.181818 0.0386266 0.0976331 0.389706 0 0.0762712 0.196667 0.322581 0 0.047619 
0.0358127 0 0 0.45283 0 0.0337662 0.48503 0.125749 0 0.476974 0.470588 0.363636 0.0188679 

Sample_0 Sample_1 Sample_2 Sample_3 Sample_4 
29;31;32;33;34;35;36;37;38;40;42;44;46;48 6;7;8;9;10;11;12;13;14;15;16;17;18;19;20;21;22 24;25;26;27;28 88 52;53;54;56;57;58;59;60;61;62;63;64;65;67;68;70;72;73;74;75;76;77;79;80;81;83;84;85 30;39;41;43;45;47;49 90;91;92 93;94;95;96;97;98;99 50;51;55;66;69;71;78;82;86 0;1;2;3;4;5 87 89 23 

5
8
0.565106 0 0 0 0 0 0.00451467 0 
0.724539 0 0 0.0365535 0 0 0.0251142 0 
0.0365889 0.407407 0.143478 0.00561798 0 0.281907 0 0 
0 0 0.152542 0 0.195266 0.0543205 0 0.424754 
0 0.673005 0 0.251497 0.0325707 0 0 0.0429277 
8
8
1 0 0 0 0 0 0 0 
1 1 0 0 0 0 0 0 
1 0 1 0 0 0 0 0 
1 0 0 1 0 0 0 0 
1 0 0 0 1 0 0 0 
1 0 0 0 0 1 0 0 
1 0 0 0 0 0 1 0 
1 0 0 0 0 0 0 1 

1 0.939959 1 1 1 1 1 0.99999 
5
8
0.28481 0 0 0 0 0 0.00225734 0 
0.393103 0 0 0.0182768 0 0 0.0125571 0 
0.4375 0.203704 0.0717391 0.00280899 0 0.140954 0 0 
0.413442 0 0.0762712 0 0.0976331 0.0271602 0 0.212377 
0.5 0.336502 0 0.125749 0.0162853 0 0 0.0214639 

Sample_0 Sample_1 Sample_2 Sample_3 Sample_4 
6 11 8 7 5 4 1 0 

