gene_id	Sample_0	Sample_0	Sample_1	Sample_1	Sample_2	Sample_2	Sample_3	Sample_3	Sample_4	Sample_4
29;31;32;33;34;35;36;37;38;40;42;44;46;48	696	0	667	0	689	0	560	151	700	26
6;7;8;9;10;11;12;13;14;15;16;17;18;19;20;21;22	884	2	865	11	868	0	833	0	792	0
24;25;26;27;28	257	0	152	97	227	0	231	25	268	0
88	35	6	31	17	42	15	45	10	29	24
52;53;54;56;57;58;59;60;61;62;63;64;65;67;68;70;72;73;74;75;76;77;79;80;81;83;84;85	1419	0	1458	0	1225	201	1344	54	1372	0
30;39;41;43;45;47;49	347	0	351	0	394	0	305	33	372	13
90;91;92	113	45	88	57	90	70	83	53	86	81
93;94;95;96;97;98;99	370	0	376	7	355	1	371	0	292	42
50;51;55;66;69;71;78;82;86	425	0	441	0	427	33	436	36	409	0
0;1;2;3;4;5	308	0	260	8	235	89	241	59	159	145
87	36	9	48	0	38	10	42	20	27	24
89	60	0	59	0	43	11	49	0	35	20
23	48	0	22	16	48	0	40	2	52	1
