1 #sols

6
7
0.247225 0.132876 0.130756 0 0.0674218 0.130949 0 
0.441604 0.277941 0.286639 0.285783 0 0 0.0769102 
0.0273741 0 0 0 0.0703811 0 0 
0.279433 0 0 0 0.236195 0 0 
0.455246 0.161549 0.128529 0.0467807 0 0.11127 0 
0.333455 0.256716 0.265539 0 0.00645776 0.237082 0.181197 

Sample_0 Sample_1 Sample_2 Sample_3 Sample_4 Sample_5 
0;1;2;3;4;5;6;7;8;9;10;11;12;91;92;93;94;95;96;97;98;99 71;72;73;75;76;77;78;79;80;81;83;84;86;87;88;89;90 74;82;85 43;44 29;30;31;32;33;34;35;36;37;38;39;40;41;42;57;58;59;60;61;62;63;64;65;66;67;68;69;70 13;14;15;16;17;18;19;20;21;22;23;24;25;26;27;28 45;46;47;48;49;50;51;52;53;54;55;56 

6
3
0.49445 0 0 
0.157822 0.15382 0.571566 
0.0547482 0 0 
0.558865 0 0 
0.816931 0 0.0935614 
0.304516 0.362394 0 
3
3
1 0 0 
1 1 0 
1 0 1 

1 1 1 
6
3
0.247225 0 0 
0.441604 0.0769102 0.285783 
0.0273741 0 0 
0.279433 0 0 
0.455246 0 0.0467807 
0.333455 0.181197 0 

Sample_0 Sample_1 Sample_2 Sample_3 Sample_4 Sample_5 
0 6 3 

