MultiBinom clustering
Convergence threshold: 1.000000
Initial num clusters: 100
kmeans: True

Time taken: 90.491464
ARI: 0.811808
Cluster freq error: 0.001534
Num active clusters: 10
Cluster assignments
9
9
9
9
8
8
8
8
8
8
8
8
8
8
8
6
6
6
6
5
5
5
5
5
0
0
0
0
0
0
0
0
0
0
0
8
8
8
8
8
8
8
8
8
8
8
8
8
8
8
8
8
8
8
8
8
8
8
8
7
7
7
7
7
7
7
7
7
7
7
7
7
7
7
7
7
7
7
7
7
7
3
3
3
3
3
3
3
3
3
3
3
3
3
2
1
1
4
1
1
Alpha posterior values
0.0000 0.0000 0.0000 1078.9393 0.0000 0.0000 0.0000 243.0000 0.0000 0.0000 0.0000 0.0000 0.0000 0.0000 221.0607 0.0000 0.0000 0.0000 0.0000 0.0000 0.0000 0.0000 0.0000 971.9471 81.0000 0.0000 0.0000 8653.0529 0.0000 0.0000 0.0000 0.0000 0.0000 0.0000 0.0000 0.0000 0.0000 0.0000 0.0000 0.0000 0.0000 0.0000 216.0000 0.0000 0.0000 0.0000 0.0000 0.0000 0.0000 0.0000 0.0000 0.0000 0.0000 0.0000 0.0000 0.0000 0.0000 0.0000 0.0000 0.0000 0.0000 0.0000 0.0000 0.0000 0.0000 0.0000 0.0000 0.0000 0.0000 0.0000 0.0000 0.0000 0.0000 0.0000 0.0000 0.0000 0.0000 0.0000 0.0000 0.0000 0.0000 0.0000 0.0000 0.0000 0.0000 0.0000 0.0000 0.0000 0.0000 0.0000 0.0000 0.0000 0.0000 0.0000 0.0000 0.0000 0.0000 0.0000 0.0000 0.0000
0.0000 0.0000 1751.0000 2060.1872 0.0000 0.0000 0.0000 231.0000 0.0000 0.0000 0.0000 0.0000 0.0000 0.0000 392.8128 0.0000 0.0000 0.0000 0.0000 0.0000 0.0000 0.0000 772.0000 612.9628 0.0000 0.0000 0.0000 7934.0372 0.0000 0.0000 7.0000 0.0000 0.0000 0.0000 0.0000 0.0000 0.0000 0.0000 0.0000 0.0000 0.0000 0.0000 844.0000 0.0000 0.0000 0.0000 0.0000 0.0000 0.0000 0.0000 0.0000 0.0000 0.0000 0.0000 0.0000 0.0000 0.0000 0.0000 0.0000 0.0000 0.0000 0.0000 0.0000 0.0000 0.0000 0.0000 0.0000 0.0000 0.0000 0.0000 0.0000 0.0000 0.0000 0.0000 0.0000 0.0000 0.0000 0.0000 0.0000 0.0000 0.0000 0.0000 0.0000 0.0000 0.0000 0.0000 0.0000 0.0000 0.0000 0.0000 0.0000 0.0000 0.0000 0.0000 0.0000 0.0000 0.0000 0.0000 0.0000 0.0000
0.0000 0.0000 1689.0000 1195.1081 0.0000 0.0000 0.0000 286.0000 0.0000 0.0000 0.0000 0.0000 0.0000 0.0000 243.8919 0.0000 0.0000 0.0000 0.0000 0.0000 0.0000 0.0000 153.0000 1081.9505 0.0000 0.0000 0.0000 9894.0495 0.0000 0.0000 492.0000 0.0000 0.0000 0.0000 0.0000 0.0000 0.0000 0.0000 0.0000 0.0000 0.0000 0.0000 0.0000 0.0000 0.0000 0.0000 0.0000 0.0000 0.0000 0.0000 0.0000 0.0000 0.0000 0.0000 0.0000 0.0000 0.0000 0.0000 0.0000 0.0000 0.0000 0.0000 0.0000 0.0000 0.0000 0.0000 0.0000 0.0000 0.0000 0.0000 0.0000 0.0000 0.0000 0.0000 0.0000 0.0000 0.0000 0.0000 0.0000 0.0000 0.0000 0.0000 0.0000 0.0000 0.0000 0.0000 0.0000 0.0000 0.0000 0.0000 0.0000 0.0000 0.0000 0.0000 0.0000 0.0000 0.0000 0.0000 0.0000 0.0000
0.0000 0.0000 3717.0000 1992.4860 0.0000 0.0000 0.0000 351.0000 0.0000 0.0000 0.0000 0.0000 0.0000 0.0000 372.5140 0.0000 0.0000 0.0000 0.0000 0.0000 0.0000 0.0000 1727.0000 1357.9188 0.0000 0.0000 0.0000 11834.0812 0.0000 0.0000 0.0000 0.0000 0.0000 0.0000 0.0000 0.0000 0.0000 0.0000 0.0000 0.0000 0.0000 0.0000 0.0000 0.0000 0.0000 0.0000 0.0000 0.0000 0.0000 0.0000 0.0000 0.0000 0.0000 0.0000 0.0000 0.0000 0.0000 0.0000 0.0000 0.0000 0.0000 0.0000 0.0000 0.0000 0.0000 0.0000 0.0000 0.0000 0.0000 0.0000 0.0000 0.0000 0.0000 0.0000 0.0000 0.0000 0.0000 0.0000 0.0000 0.0000 0.0000 0.0000 0.0000 0.0000 0.0000 0.0000 0.0000 0.0000 0.0000 0.0000 0.0000 0.0000 0.0000 0.0000 0.0000 0.0000 0.0000 0.0000 0.0000 0.0000
0.0000 0.0000 0.0000 1124.4789 0.0000 0.0000 0.0000 270.0000 0.0000 0.0000 0.0000 0.0000 0.0000 0.0000 191.5211 0.0000 0.0000 0.0000 0.0000 0.0000 0.0000 0.0000 0.0000 514.9725 2977.0000 0.0000 0.0000 4372.0275 0.0000 0.0000 0.0000 0.0000 0.0000 0.0000 0.0000 0.0000 0.0000 0.0000 0.0000 0.0000 0.0000 0.0000 0.0000 0.0000 0.0000 0.0000 0.0000 0.0000 0.0000 0.0000 0.0000 0.0000 0.0000 0.0000 0.0000 0.0000 0.0000 0.0000 0.0000 0.0000 0.0000 0.0000 0.0000 0.0000 0.0000 0.0000 0.0000 0.0000 0.0000 0.0000 0.0000 0.0000 0.0000 0.0000 0.0000 0.0000 0.0000 0.0000 0.0000 0.0000 0.0000 0.0000 0.0000 0.0000 0.0000 0.0000 0.0000 0.0000 0.0000 0.0000 0.0000 0.0000 0.0000 0.0000 0.0000 0.0000 0.0000 0.0000 0.0000 0.0000
Beta posterior values
0.0000 0.0000 11162.0000 3168.9971 0.0000 0.0000 0.0000 724.0000 0.0000 0.0000 0.0000 0.0000 0.0000 0.0000 616.0029 0.0000 0.0000 0.0000 0.0000 0.0000 0.0000 0.0000 5068.0000 3178.8116 21616.0000 0.0000 0.0000 26175.1884 0.0000 0.0000 3976.0000 0.0000 0.0000 0.0000 0.0000 0.0000 0.0000 0.0000 0.0000 0.0000 0.0000 0.0000 12625.0000 0.0000 0.0000 0.0000 0.0000 0.0000 0.0000 0.0000 0.0000 0.0000 0.0000 0.0000 0.0000 0.0000 0.0000 0.0000 0.0000 0.0000 0.0000 0.0000 0.0000 0.0000 0.0000 0.0000 0.0000 0.0000 0.0000 0.0000 0.0000 0.0000 0.0000 0.0000 0.0000 0.0000 0.0000 0.0000 0.0000 0.0000 0.0000 0.0000 0.0000 0.0000 0.0000 0.0000 0.0000 0.0000 0.0000 0.0000 0.0000 0.0000 0.0000 0.0000 0.0000 0.0000 0.0000 0.0000 0.0000 0.0000
0.0000 0.0000 9385.0000 2148.3959 0.0000 0.0000 0.0000 817.0000 0.0000 0.0000 0.0000 0.0000 0.0000 0.0000 405.6041 0.0000 0.0000 0.0000 0.0000 0.0000 0.0000 0.0000 4120.0000 3454.7965 22364.0000 0.0000 0.0000 27166.2035 0.0000 0.0000 3997.0000 0.0000 0.0000 0.0000 0.0000 0.0000 0.0000 0.0000 0.0000 0.0000 0.0000 0.0000 12120.0000 0.0000 0.0000 0.0000 0.0000 0.0000 0.0000 0.0000 0.0000 0.0000 0.0000 0.0000 0.0000 0.0000 0.0000 0.0000 0.0000 0.0000 0.0000 0.0000 0.0000 0.0000 0.0000 0.0000 0.0000 0.0000 0.0000 0.0000 0.0000 0.0000 0.0000 0.0000 0.0000 0.0000 0.0000 0.0000 0.0000 0.0000 0.0000 0.0000 0.0000 0.0000 0.0000 0.0000 0.0000 0.0000 0.0000 0.0000 0.0000 0.0000 0.0000 0.0000 0.0000 0.0000 0.0000 0.0000 0.0000 0.0000
0.0000 0.0000 9233.0000 3039.9522 0.0000 0.0000 0.0000 764.0000 0.0000 0.0000 0.0000 0.0000 0.0000 0.0000 581.0478 0.0000 0.0000 0.0000 0.0000 0.0000 0.0000 0.0000 4775.0000 2805.8599 22016.0000 0.0000 0.0000 25039.1401 0.0000 0.0000 3561.0000 0.0000 0.0000 0.0000 0.0000 0.0000 0.0000 0.0000 0.0000 0.0000 0.0000 0.0000 13138.0000 0.0000 0.0000 0.0000 0.0000 0.0000 0.0000 0.0000 0.0000 0.0000 0.0000 0.0000 0.0000 0.0000 0.0000 0.0000 0.0000 0.0000 0.0000 0.0000 0.0000 0.0000 0.0000 0.0000 0.0000 0.0000 0.0000 0.0000 0.0000 0.0000 0.0000 0.0000 0.0000 0.0000 0.0000 0.0000 0.0000 0.0000 0.0000 0.0000 0.0000 0.0000 0.0000 0.0000 0.0000 0.0000 0.0000 0.0000 0.0000 0.0000 0.0000 0.0000 0.0000 0.0000 0.0000 0.0000 0.0000 0.0000
0.0000 0.0000 7224.0000 2233.1247 0.0000 0.0000 0.0000 660.0000 0.0000 0.0000 0.0000 0.0000 0.0000 0.0000 423.8753 0.0000 0.0000 0.0000 0.0000 0.0000 0.0000 0.0000 3173.0000 2592.8613 22332.0000 0.0000 0.0000 23031.1387 0.0000 0.0000 3985.0000 0.0000 0.0000 0.0000 0.0000 0.0000 0.0000 0.0000 0.0000 0.0000 0.0000 0.0000 12966.0000 0.0000 0.0000 0.0000 0.0000 0.0000 0.0000 0.0000 0.0000 0.0000 0.0000 0.0000 0.0000 0.0000 0.0000 0.0000 0.0000 0.0000 0.0000 0.0000 0.0000 0.0000 0.0000 0.0000 0.0000 0.0000 0.0000 0.0000 0.0000 0.0000 0.0000 0.0000 0.0000 0.0000 0.0000 0.0000 0.0000 0.0000 0.0000 0.0000 0.0000 0.0000 0.0000 0.0000 0.0000 0.0000 0.0000 0.0000 0.0000 0.0000 0.0000 0.0000 0.0000 0.0000 0.0000 0.0000 0.0000 0.0000
0.0000 0.0000 10945.0000 3068.8948 0.0000 0.0000 0.0000 715.0000 0.0000 0.0000 0.0000 0.0000 0.0000 0.0000 637.1052 0.0000 0.0000 0.0000 0.0000 0.0000 0.0000 0.0000 4978.0000 3486.8012 18782.0000 0.0000 0.0000 30811.1988 0.0000 0.0000 4027.0000 0.0000 0.0000 0.0000 0.0000 0.0000 0.0000 0.0000 0.0000 0.0000 0.0000 0.0000 13115.0000 0.0000 0.0000 0.0000 0.0000 0.0000 0.0000 0.0000 0.0000 0.0000 0.0000 0.0000 0.0000 0.0000 0.0000 0.0000 0.0000 0.0000 0.0000 0.0000 0.0000 0.0000 0.0000 0.0000 0.0000 0.0000 0.0000 0.0000 0.0000 0.0000 0.0000 0.0000 0.0000 0.0000 0.0000 0.0000 0.0000 0.0000 0.0000 0.0000 0.0000 0.0000 0.0000 0.0000 0.0000 0.0000 0.0000 0.0000 0.0000 0.0000 0.0000 0.0000 0.0000 0.0000 0.0000 0.0000 0.0000 0.0000
Cluster phi posterior values
0.0000 0.2539 0.2510 0.0168 0.2638 0.0000 0.2341 0.0037 0.2484 0.0000
0.1572 0.4895 0.2202 0.0650 0.4920 0.1577 0.1506 0.0000 0.2260 0.0015
0.1546 0.2821 0.2722 0.0000 0.2954 0.0309 0.2782 0.0000 0.2832 0.1212
0.3397 0.4715 0.3470 0.0000 0.4677 0.3524 0.3436 0.0000 0.3394 0.0000
0.0000 0.2681 0.2739 0.0000 0.2308 0.0000 0.1285 0.1368 0.1242 0.0000
