gene_id	Sample_0	Sample_0	Sample_1	Sample_1	Sample_2	Sample_2	Sample_3	Sample_3	Sample_4	Sample_4
0;1;2;3	390	0	360	50	355	23	400	0	401	0
76;77;78;79;80;81;82;83;84	515	408	514	424	496	415	799	151	585	335
12;20;42;57;58;59;60;61;62;63	946	80	977	0	1004	24	921	0	799	144
85;86;87;88;89;90;91;92;93	888	0	892	2	672	257	772	172	889	0
4;5;6;8;65;66;67;69;70;71;72;73;75	1220	101	1229	112	1263	47	1314	0	1067	192
50;51;52;56	330	72	289	86	368	18	370	0	269	133
19;24;25;28;29;30;31;33;34;35;36;37;38;39;40;41;43;45;46;47	1947	125	1979	0	1741	263	2033	0	1892	81
18;21;22;23;26;27;32;44;48	832	74	826	0	809	72	874	0	825	48
49;53;54;55	367	46	256	93	350	35	410	0	275	131
7;64;68;74	385	20	345	64	381	10	412	0	308	57
9;10;11;13;14;15;16;17	721	56	849	0	809	0	821	0	642	153
94;95;96;97;98;99	313	306	434	148	359	287	488	112	364	227
