gene_id	Sample_0	Sample_0	Sample_1	Sample_1	Sample_2	Sample_2	Sample_3	Sample_3	Sample_4	Sample_4	Sample_5	Sample_5
13;14;15;16;17;18;19;30;31;32;33;34;35;36;37;38;39;40;41;42;43;44;45;46;47;48;49;50;51	2870	0	2824	0	2643	183	2774	129	2843	0	2893	0
88	100	0	69	22	98	0	91	0	94	0	87	9
0;1;2;3;4;5;6;8	497	287	413	325	441	338	449	342	475	287	650	181
52;53;54;55;56;57;58;59;60;61;62;63	1057	161	1202	0	1229	0	1171	0	1121	39	1214	0
11;12	116	62	127	75	172	28	136	90	163	37	144	46
94;95;96	318	0	260	25	284	15	263	64	290	0	303	0
64;65;66;67;68;69;97;98;99	910	0	887	0	913	0	772	97	889	0	849	35
7;9;10	248	94	204	129	160	117	149	147	164	130	208	91
70;71;72;73;74;75;76;77;78;79;80;81;82;83;84;85;86;87;89;90;91;92;93	2346	0	1820	499	2313	0	2315	0	2307	0	1863	474
20;22;23;24;25;26;27;28;29	923	0	697	206	833	68	865	0	925	0	715	150
21	117	0	81	12	96	5	106	0	107	0	84	25
