1 #sols

6
5
0.308492 0.331765 0 0 0 
0.375953 0 0.050175 0 0.331013 
0.470793 0.137555 0 0.00319829 0.0839344 
0.296041 0 0.273224 0 0 
0.502199 0.485043 0 0 0 
0.462081 0.0608696 0.216743 0.0138298 0 

Sample_0 Sample_1 Sample_2 Sample_3 Sample_4 Sample_5 
0;1;2;3;4;5;6;7;85;86;87;88;89;90;91;92;93;94;95;96;97;98;99 8;9;10;11;50;51;52;53;54 13;14;15;35;36;37;38;39;40;41;42;43;44;45;46;47;48;49 16;17;18;19;20;21;22;23;24;25;26;27;28;29;30;31;32;33;34 12;55;56;57;58;59;60;61;62;63;64;65;66;67;68;69;70;71;72;73;74;75;76;77;78;79;80;81;82;83;84 

6
4
0.616984 0 0 0 
0 0.662025 0 0.10035 
0.767321 0.167869 0.00639659 0 
0.0456345 0 0 0.546448 
1 0 0 0 
0.463016 0 0.0276596 0.433486 
4
4
1 0 0 0 
1 1 0 0 
1 0 1 0 
1 0 0 1 

1 0.992804 1 0.872734 
6
4
0.308492 0 0 0 
0.381188 0.331013 0 0.050175 
0.470793 0.0839344 0.00319829 0 
0.296041 0 0 0.273224 
0.5 0 0 0 
0.462081 0 0.0138298 0.216743 

Sample_0 Sample_1 Sample_2 Sample_3 Sample_4 Sample_5 
0 4 3 2 

