1 #sols

5
9
0.0682731 0 0 0.0506757 0 0.042623 0 0 0 
0.394958 0.334038 0 0.332521 0 0.286667 0 0 0 
0.0210325 0 0.0358835 0.372038 0.2975 0 0 0.146067 0.0175439 
0.210619 0.054429 0 0.233645 0 0.267974 0.0731707 0 0.124204 
0.325956 0 0.112202 0.440797 0.00950119 0.341137 0.0483092 0.0862069 0 

Sample_0 Sample_1 Sample_2 Sample_3 Sample_4 
28;29;30;31;35;36;37;40;41;42 47;48;49;50;51;52;53;54;55;56;57;58;59;60;61;62;63;64 0;1;2;3;4;5;6;7;8;9;10;11;12;13;14;15;17;18;19;20;21;23;24;25;26;27;44;45;46 73;74;75;76;77;78;79;80;81;82;83;84;85;86;87;88;89 65;66;67;68;69;70;71;72 32;33;34;38;39;43 90;91;92;93 16;22 94;95;96;97;98;99 

5
6
0.101351 0 0 0 0 0 
0.665043 0 0 0 0 0 
0 0.0108133 0.286599 0 0.483608 0.0502743 
0.0725406 0.248408 0 0.146341 0 0 
0.369156 0 0.172414 0.0966184 0.0190024 0.224404 
6
6
1 0 0 0 0 0 
1 1 0 0 0 0 
1 0 1 0 0 0 
1 0 0 1 0 0 
1 0 0 0 1 0 
1 0 0 0 0 1 

1 0.999989 0.995711 0.999929 0.9951 1 
5
6
0.0506757 0 0 0 0 0 
0.332521 0 0 0 0 0 
0.415647 0.00540666 0.143299 0 0.241804 0.0251372 
0.233645 0.124204 0 0.0731707 0 0 
0.440797 0 0.0862069 0.0483092 0.00950119 0.112202 

Sample_0 Sample_1 Sample_2 Sample_3 Sample_4 
3 8 7 6 4 2 

