gene_id	Sample_0	Sample_0	Sample_1	Sample_1	Sample_2	Sample_2	Sample_3	Sample_3	Sample_4	Sample_4
28;29;30;31;35;36;37;40;41;42	464	34	288	188	512	11	446	119	335	162
47;48;49;50;51;52;53;54;55;56;57;58;59;60;61;62;63;64	953	0	630	316	899	0	886	51	914	0
0;1;2;3;4;5;6;7;8;9;10;11;12;13;14;15;17;18;19;20;21;23;24;25;26;27;44;45;46	1448	0	1430	0	1424	53	1479	0	1266	160
73;74;75;76;77;78;79;80;81;82;83;84;85;86;87;88;89	843	45	548	273	530	314	656	200	477	376
65;66;67;68;69;70;71;72	396	0	432	0	281	119	402	0	417	4
32;33;34;38;39;43	292	13	214	86	306	0	224	82	197	102
90;91;92;93	199	0	221	0	163	0	190	15	197	10
16;22	108	0	101	0	76	13	111	0	106	10
94;95;96;97;98;99	267	0	313	0	280	5	275	39	265	0
