1 #sols

5
8
0.312 0.250745 0 0 0 0 0.00350877 0.0134529 
0.497797 0.202065 0.181818 0.0208333 0.141221 0 0 0.0534351 
0.27572 0.279198 0.171484 0.125 0.0254545 0.108491 0 0 
0.5 0.337649 0.324561 0.326087 0.294355 0 0 0 
0.244726 0.121951 0 0 0 0 0.158904 0 

Sample_0 Sample_1 Sample_2 Sample_3 Sample_4 
95;96;97;98;99 4;5;6;7;8;9;10;11;12;13;14;15;16;17;18;35;36;37;38;39;40;41;42;43;44;45;46;47;48;49;50;51;52;53;54;55;56;57;58;94 20;25;27;28;29;30;31;32;33;34 24 19;21;22;23;26 0;1;2;3 59;60;61;62;63;64;65;66;67;68;69;70;71;72;73;74;75;76;77;78;79;80 81;82;83;84;85;86;87;88;89;90;91;92;93 

5
6
0.590077 0.0269058 0.00701754 0 0 0 
0.564615 0.10687 0 0 0.282443 0.0416667 
0.0335501 0 0 0.216981 0.0509091 0.25 
0 0 0 0 0.450213 0.549787 
0.171643 0 0.317808 0 0 0 
6
6
1 0 0 0 0 0 
1 1 0 0 0 0 
1 0 1 0 0 0 
1 0 0 1 0 0 
1 0 0 0 1 0 
1 0 0 0 0 1 

1 1 0.998998 0.999997 0.999998 0.984269 
5
6
0.312 0.0134529 0.00350877 0 0 0 
0.497797 0.0534351 0 0 0.141221 0.0208333 
0.27572 0 0 0.108491 0.0254545 0.125 
0.5 0 0 0 0.225106 0.274894 
0.244726 0 0.158904 0 0 0 

Sample_0 Sample_1 Sample_2 Sample_3 Sample_4 
0 7 6 5 4 3 

