gene_id	Sample_0	Sample_0	Sample_1	Sample_1	Sample_2	Sample_2	Sample_3	Sample_3	Sample_4	Sample_4	Sample_5	Sample_5
68;69;70;71;72;73	224	71	297	0	279	52	301	0	270	20	281	23
4;8;11;12;17;19;23;25;91;96	240	213	255	209	288	178	417	49	326	164	285	235
7;92	52	53	58	34	51	58	82	23	85	22	79	43
30;31;32;33;34;35;36;37;38;39;40;41;42;43;44;45;46;47;48;49;50;51;52;53;54;55;56;57;58	1455	0	1285	166	1407	51	1448	50	1397	13	1309	94
77;78;79;80;81;82;83;84;85;86;87;88;89;90	719	0	720	0	591	93	683	0	731	0	635	46
59;60;61;62;66;67	279	24	241	32	220	91	301	7	236	62	272	24
0;74;75;76	152	27	177	0	212	0	171	26	176	5	122	58
63;64;65	146	6	136	21	119	35	148	5	161	18	162	5
1;2;3;5;6;9;10;13;14;15;16;18;20;21;22;24;26;27;28;29;93;94;95;97;98;99	660	634	760	566	696	550	1079	259	932	357	691	621
