1 #sols

6
9
0 0 0 0 0.369565 0.26 0.425926 0.302727 0.314136 
0 0.283105 0.050175 0.390625 0 0 0.295455 0.379068 0 
0.00319829 0.0934256 0 0.0714286 0 0.36 0.6 0.465517 0.221675 
0 0 0.273224 0 0 0 0.12 0.303957 0 
0 0 0 0 0.490741 0.596154 0.536585 0.500912 0.45 
0.0138298 0 0.216743 0 0 0.309524 0.411765 0.464451 0.075 

Sample_0 Sample_1 Sample_2 Sample_3 Sample_4 Sample_5 
16;17;18;19;20;21;22;23;24;25;26;27;28;29;30;31;32;33;34 56;58;63;64;65;66;68;70;71;72;73;75;77;78;80;82;83 13;14;15;35;36;37;38;39;40;41;42;43;44;45;46;47;48;49 12;55;57;59;60;61;62;67;69;74;76;79;81;84 8;9;10;11 54 99 0;1;2;3;4;5;6;7;85;86;87;88;89;90;91;92;93;94;95;96;97;98 50;51;52;53 

6
4
0.605455 0 0 0 
0.0915753 0.10035 0.56621 0 
0.737787 0 0.186851 0.00639659 
0.0614656 0.546448 0 0 
1 0 0 0 
0.467755 0.433486 0 0.0276596 
4
4
1 0 0 0 
1 1 0 0 
1 0 1 0 
1 0 0 1 

1 0.935144 0.999997 1 
6
4
0.302727 0 0 0 
0.379068 0.050175 0.283105 0 
0.465517 0 0.0934256 0.00319829 
0.303957 0.273224 0 0 
0.5 0 0 0 
0.464451 0.216743 0 0.0138298 

Sample_0 Sample_1 Sample_2 Sample_3 Sample_4 Sample_5 
7 2 1 0 

