gene_id	Sample_0	Sample_0	Sample_1	Sample_1	Sample_2	Sample_2	Sample_3	Sample_3	Sample_4	Sample_4	Sample_5	Sample_5
16;17;18;19;20;21;22;23;24;25;26;27;28;29;30;31;32;33;34	956	0	909	0	935	3	974	0	960	0	927	13
56;58;63;64;65;66;68;70;71;72;73;75;77;78;80;82;83	861	0	628	248	786	81	901	0	822	0	817	0
13;14;15;35;36;37;38;39;40;41;42;43;44;45;46;47;48;49	876	0	814	43	927	0	665	250	873	0	683	189
12;55;57;59;60;61;62;67;69;74;76;79;81;84	710	0	429	275	611	47	694	0	673	0	730	0
8;9;10;11	116	68	187	0	205	0	186	0	110	106	218	0
54	37	13	59	0	32	18	49	0	21	31	29	13
99	31	23	31	13	18	27	44	6	19	22	30	21
0;1;2;3;4;5;6;7;85;86;87;88;89;90;91;92;93;94;95;96;97;98	767	333	706	431	589	513	774	338	547	549	580	503
50;51;52;53	131	60	211	0	158	45	190	0	110	90	185	15
