1 #sols

5
9
0.379747 0.415094 0.232558 0.17608 0.011994 0 0.00526316 0.0363636 0 
0.367424 0.225462 0.0888889 0 0 0.121609 0 0 0 
0.0460251 0 0 0 0.0455975 0 0 0 0 
0.471774 0 0 0 0.245509 0.183271 0.151351 0 0 
0.297414 0.163528 0.210526 0.194805 0.0564784 0 0 0.0877193 0.0553936 

Sample_0 Sample_1 Sample_2 Sample_3 Sample_4 
83;84;85;86;87 32;33;34;35;36;37;38;39;40;41;42;43;44;45;46;47;48;49;50;51;52;53;54;55;56;57;58;59;60;61;62;63;64;65;66;67;68;69;70;71;73 72 2;3;4;5;6;7 0;1;8;9;74;75;76;77;78;79;80;81;82 10;11;12;13;14;15;16;17;18;19;20;21;22;23;24;25;26;27;28;29;30;31 96;97;98;99 93 88;89;90;91;92;94;95 

5
7
0 0.465116 0 0.0727273 0.00108627 0 0.352159 
0.313853 0.177778 0 0 0 0.243218 0 
0.0920502 0 0 0 0 0 0 
0.274304 0 0 0 0.302703 0.366541 0 
0 0.307463 0.110787 0.0546555 0 0 0.285081 
7
7
1 0 0 0 0 0 0 
1 1 0 0 0 0 0 
1 1 1 0 0 0 0 
1 0 0 1 0 0 0 
1 0 0 0 1 0 0 
1 0 0 0 0 1 0 
1 0 0 0 0 0 1 

1 0.896804 0.847826 0.91333 0.999523 1 0.997085 
5
7
0.445545 0.232558 0 0.0363636 0.000543133 0 0.17608 
0.367424 0.0888889 0 0 0 0.121609 0 
0.0460251 0 0 0 0 0 0 
0.471774 0 0 0 0.151351 0.183271 0 
0.378993 0.209125 0.0553936 0.0273278 0 0 0.142541 

Sample_0 Sample_1 Sample_2 Sample_3 Sample_4 
0 2 8 7 6 5 3 

