gene_id	Sample_0	Sample_0	Sample_1	Sample_1	Sample_2	Sample_2	Sample_3	Sample_3	Sample_4	Sample_4
83;84;85;86;87	147	90	167	97	228	11	131	117	163	69
32;33;34;35;36;37;38;39;41;42;43;44;45;46;47;48;49;50;51;53;54;55;56;58;59;61;62;65;66;67;69;70;71;73	957	731	1313	406	1738	0	1645	0	1398	281
40;52;57;60;63;64;68;72	285	137	322	62	426	0	403	0	335	61
2;3;4;5;6;7	248	53	313	0	294	0	315	0	248	60
0;1;8;9;74;75;76;77;78;79;80;81;82	659	8	611	0	607	29	504	164	568	34
10;11;12;13;14;15;16;17;18;19;20;21;22;23;24;25;26;27;28;29;30;31	1095	0	939	130	1114	0	869	195	1123	0
96;97;98;99	189	1	204	0	208	0	157	28	196	0
93	53	2	61	0	52	0	54	0	52	5
88;89;90;91;92;94;95	356	0	316	0	311	0	331	0	324	19
