1 #sols

6
9
0 0.292587 0.172237 0.148515 0 0.00900901 0.114754 0.124654 0.0184332 
0.0689338 0.352941 0.0849315 0 0.283451 0.0706861 0.130435 0 0 
0 0.477399 0.203209 0 0 0.174569 0.235294 0.108108 0 
0 0.236227 0 0 0.211368 0 0 0 0 
0 0.48629 0.11245 0.362745 0 0.134615 0.183333 0.386997 0.124378 
0.00361664 0.420695 0.333786 0.0793651 0 0.0449438 0.459459 0.0791789 0 

Sample_0 Sample_1 Sample_2 Sample_3 Sample_4 Sample_5 
78;79;80;81;82;83;84;85;86;87;88;89;90;91;92;93;94;95;96;97;98;99 32;33;34;35;36;37;38;39;40;41;42;43;44;45;46;47;48;49;50;51;52;53;54;55;56 9;10;11;12;13;14;15;16;18;19;20;21;22;23;77 31;61;62;63;64;65 66;67;68;69;70;71;72;73;74;75;76 0;1;2;3;4;5;6;7;8 17 24;25;26;27;28;29;30 57;58;59;60 

6
6
0.233259 0.0368664 0.018018 0 0.29703 0 
0 0 0.0909664 0.512192 0 0.102724 
0.60566 0 0.349138 0 0 0 
0.0497187 0 0 0.422735 0 0 
0 0.149851 0.193069 0 0.62966 0 
0.585539 0 0.0898876 0 0.15873 0.00723327 
6
6
1 0 0 0 0 0 
1 1 0 0 0 0 
1 0 1 0 0 0 
1 0 0 1 0 0 
1 0 0 0 1 0 
1 0 0 0 0 1 

1 1 1 0.874341 0.999952 1 
6
6
0.292587 0.0184332 0.00900901 0 0.148515 0 
0.352941 0 0.0454832 0.256096 0 0.0513622 
0.477399 0 0.174569 0 0 0 
0.236227 0 0 0.211368 0 0 
0.48629 0.0749256 0.0965346 0 0.31483 0 
0.420695 0 0.0449438 0 0.0793651 0.00361664 

Sample_0 Sample_1 Sample_2 Sample_3 Sample_4 Sample_5 
1 8 5 4 3 0 

