1 #sols

6
8
0.0583265 0 0.253231 0 0 0.29647 0.00877397 0.448941 
0 0.0986028 0 0.22524 0.329106 0.439338 0 0.431405 
0 0 0 0 0 0.262946 0 0.267671 
0.0529892 0 0 0 0.247896 0.298661 0 0.444613 
0 0.144089 0 0.1472 0.249623 0.399799 0 0.384223 
0 0 0.0149636 0 0.0168135 0.031883 0.0445491 0.0736878 

Sample_0 Sample_1 Sample_2 Sample_3 Sample_4 Sample_5 
54;55;56;57;58;59;60;61;62;63;64;65;66;67;68;69;70;71;72;73;74;75;76;77;78;79;80;81 13;14;15;16;17;18;19;20;21;22;23;24;25;26;27;28;29;30;31;32 82;83;84;85;86 87;88;89;90;91;92;93 11;12;33;34;35;36;37;38;39;40 0;1;2;3;4;5;6;7;8;9;10 41;42;43;44;45;46;47;48;49;50;51;52;53 94;95;96;97;98;99 

6
6
0.257219 0.0175479 0 0.506463 0 0.116653 
0.215126 0 0.450479 0 0.197206 0 
0.535342 0 0 0 0 0 
0.783247 0 0 0 0 0.105978 
0.185866 0 0.2944 0 0.288179 0 
0.0283501 0.0890982 0 0.0299272 0 0 
6
6
1 0 0 0 0 0 
1 1 0 0 0 0 
1 0 1 0 0 0 
1 0 0 1 0 0 
1 0 0 0 1 0 
1 0 0 0 0 1 

1 1 1 1 1 1 
6
6
0.448941 0.00877397 0 0.253231 0 0.0583265 
0.431405 0 0.22524 0 0.0986028 0 
0.267671 0 0 0 0 0 
0.444613 0 0 0 0 0.0529892 
0.384223 0 0.1472 0 0.144089 0 
0.0736878 0.0445491 0 0.0149636 0 0 

Sample_0 Sample_1 Sample_2 Sample_3 Sample_4 Sample_5 
7 6 3 2 1 0 

