1 #sols

6
11
0 0 0.114783 0.175325 0 0.0492424 0.267992 0.4 0 0.16 0 
0.164021 0.0153061 0.147005 0 0 0.135135 0.184709 0.125 0.0722892 0 0.0279871 
0 0 0.273567 0 0.250996 0.0322581 0.409543 0.24 0 0.163793 0 
0 0.476636 0.478261 0 0.0321285 0 0.493729 0.391304 0 0 0 
0 0 0 0.0909091 0 0 0.128967 0.236364 0 0.0612245 0.0699881 
0.0673077 0 0.135283 0.125828 0 0.0756303 0.270063 0.261905 0.109228 0.147059 0 

Sample_0 Sample_1 Sample_2 Sample_3 Sample_4 Sample_5 
28;29;30;34;35;38;41;43;44;45;47;48 96;97;98;99 11;12;13;14;15;16;17;18;19;20;21 88;89;90 91;92;93;94;95 22;23;24;25;26 57;58;59;60;61;62;63;65;66;67;68;69;70;71;72;73;74;75;76;77;78;79;80;81;82;83;84;85;86;87 64 27;31;32;33;36;37;39;40;42;46 55;56 0;1;2;3;4;5;6;7;8;9;10;49;50;51;52;53;54 

6
7
0 0 0.24682 0 0 0.350649 0 
0 0.0559742 0 0.11304 0 0 0.254815 
0 0 0.327586 0 0.501992 0 0 
0.923202 0 0 0 0.064257 0 0 
0 0.100381 0.116637 0 0 0.088658 0 
0 0 0.214363 0.15704 0 0.140321 0.0905865 
7
7
1 0 0 0 0 0 0 
1 1 0 0 0 0 0 
1 0 1 0 0 0 0 
1 0 0 1 0 0 0 
1 0 0 0 1 0 0 
1 0 0 0 0 1 0 
1 0 0 0 0 0 1 

1 0.999997 0.97509 1 0.999999 0.892644 0.8585 
6
7
0.298735 0 0.12341 0 0 0.175325 0 
0.211915 0.0279871 0 0.0565199 0 0 0.127408 
0.414789 0 0.163793 0 0.250996 0 0 
0.493729 0 0 0 0.0321285 0 0 
0.152838 0.0501906 0.0583187 0 0 0.044329 0 
0.301156 0 0.107182 0.0785201 0 0.0701607 0.0452932 

Sample_0 Sample_1 Sample_2 Sample_3 Sample_4 Sample_5 
6 10 9 8 4 3 0 

