gene_id	Sample_0	Sample_0	Sample_1	Sample_1	Sample_2	Sample_2	Sample_3	Sample_3	Sample_4	Sample_4	Sample_5	Sample_5
28;29;30;34;35;38;41;43;44;45;47;48	578	0	474	93	615	0	576	0	583	0	582	42
96;97;98;99	202	0	193	3	207	0	112	102	178	0	193	0
11;12;13;14;15;16;17;18;19;20;21	509	66	470	81	393	148	300	275	524	0	473	74
88;89;90	127	27	155	0	139	0	148	0	130	13	132	19
91;92;93;94;95	226	0	276	0	188	63	241	8	237	0	231	0
22;23;24;25;26	251	13	224	35	270	9	245	0	253	0	220	18
57;58;59;60;61;62;63;65;66;67;68;69;70;71;72;73;74;75;76;77;78;79;80;81;82;83;84;85;86;87	1068	391	1205	273	891	618	767	748	1290	191	1046	387
64	33	22	35	5	38	12	28	18	42	13	31	11
27;31;32;33;36;37;39;40;42;46	508	0	462	36	490	0	515	0	516	0	473	58
55;56	84	16	85	0	97	19	90	0	92	6	87	15
0;1;2;3;4;5;6;7;8;9;10;49;50;51;52;53;54	820	0	903	26	826	0	831	0	784	59	884	0
