1 #sols

4
10
0 0.0876289 0.00631413 0.294938 0.18591 0.481944 0.151044 0.135065 0.483557 0.536207 
0.0171756 0 0 0.0276364 0.130435 0.147139 0 0.138055 0.220361 0.141156 
0 0 0.196124 0 0 0.288991 0 0 0.415519 0.191851 
0.201887 0 0 0 0.247401 0.201493 0.00592672 0.194853 0.268695 0.207178 

Sample_0 Sample_1 Sample_2 Sample_3 
71;72;73;74;75 46;58 0;1;2;20;21;22;23;24;25;26;27;28;29;30;31;32;33;34;35;36;37;38;39;40;41;42 3;4;5;6;7;8;9;10;11;12;13;14;15;61 87;90;96;98;99 17;18;76;77;79;81;84 43;44;45;47;48;49;50;51;52;53;54;55;56;57;59;60;62;63;64 88;89;91;92;93;94;95;97 16;19;65;66;67;68;69;70 78;80;82;83;85;86 

4
6
0 0.261554 0.589875 0.0126283 0.103055 0 
0.351098 0 0.0552727 0 0 0.0343511 
0.438791 0 0 0.392248 0 0 
0.121762 0.0118534 0 0 0 0.403774 
6
6
1 0 0 0 0 0 
1 1 0 0 0 0 
1 0 1 0 0 0 
1 0 0 1 0 0 
1 0 0 0 1 0 
1 0 0 0 0 1 

1 1 1 1 1 0.99733 
4
6
0.483557 0.130777 0.294938 0.00631413 0.0515277 0 
0.220361 0 0.0276364 0 0 0.0171756 
0.415519 0 0 0.196124 0 0 
0.268695 0.00592672 0 0 0 0.201887 

Sample_0 Sample_1 Sample_2 Sample_3 
8 6 3 2 1 0 

