1 #sols

6
10
0.286622 0 0.102477 0 0 0 0.25522 0.0812721 0.146045 0.0842105 
0.179189 0.134563 0.15847 0.0297483 0.0243243 0 0.213615 0.0989399 0 0.160622 
0.407627 0 0.283304 0 0 0.218684 0.387952 0.0433333 0.0319549 0.0273224 
0.47193 0 0.492931 0 0.509662 0.0204082 0.410127 0 0 0 
0.127724 0 0 0.0709343 0 0 0.166292 0 0.0715746 0 
0.285236 0.0722569 0.166517 0 0 0 0.322816 0.0666667 0.121154 0.104396 

Sample_0 Sample_1 Sample_2 Sample_3 Sample_4 Sample_5 
58;59;61;62;63;64;65;66;67;68;69;70;71;72;73;74;75;76;77;78;80;81;83;84;85;86;87 27;28;29;30;31;32;33;34;35;36;37;38;39;40;41;42;43;44;45;46;47;48 11;12;13;14;15;16;17;18;19;20;21 0;1;2;3;4;5;6;7;8;9;10;49;50;51;52;53;54 96;97;98;99 91;92;93;94;95 57;60;79;82 23;24;26 55;56;88;89;90 22;25 

6
7
0 0.129474 0 0.218423 0.162544 0 0 
0 0.0521166 0.269127 0 0.122162 0 0.0414994 
0.133315 0.0546448 0 0.0639098 0.0866667 0.437367 0 
0.779437 0 0 0 0 0.0408163 0 
0.0475665 0 0 0.143149 0 0 0.141869 
0.0611988 0.0642774 0.144514 0.242308 0.133333 0 0 
7
7
1 0 0 0 0 0 0 
1 1 0 0 0 0 0 
1 1 1 0 0 0 0 
1 0 0 1 0 0 0 
1 0 0 0 1 0 0 
1 0 0 0 0 1 0 
1 0 0 0 0 0 1 

1 0.935293 0.858073 0.999984 0.999977 1 1 
6
7
0.25522 0.0647371 0 0.109211 0.0812721 0 0 
0.242452 0.160622 0.134563 0 0.0610809 0 0.0207497 
0.387952 0.0273224 0 0.0319549 0.0433333 0.218684 0 
0.410127 0 0 0 0 0.0204082 0 
0.166292 0 0 0.0715746 0 0 0.0709343 
0.322816 0.104396 0.0722569 0.121154 0.0666667 0 0 

Sample_0 Sample_1 Sample_2 Sample_3 Sample_4 Sample_5 
6 9 1 8 7 5 3 

