MultiBinom clustering
Convergence threshold: 1.000000
Initial num clusters: 75
kmeans: True

Time taken: 12.749684
ARI: 0.640502
Cluster freq error: 0.004626
Num active clusters: 11
Cluster assignments
7
7
1
1
1
1
7
7
1
1
7
1
7
4
4
4
4
9
4
4
4
4
4
4
4
4
4
4
9
3
3
3
3
3
3
3
3
3
3
3
3
3
3
2
2
0
0
0
0
0
0
0
0
0
0
0
0
3
3
3
3
3
3
3
3
3
3
3
3
3
3
5
5
8
8
8
5
5
8
5
8
5
8
5
8
5
8
5
8
5
8
10
10
10
10
10
10
10
6
10
Alpha posterior values
0.0000 0.0000 0.0000 0.0000 0.0000 0.0000 110.7643 0.0000 0.0000 204.0000 160.0311 112.2950 0.0000 0.0000 21.7544 0.0000 0.0000 80.2357 11.9453 0.0000 0.0000 135.7050 0.0000 50.0237 0.0000 0.0000 299.2456 0.0000 0.0000 0.0000 0.0000 0.0000 0.0000 0.0000 0.0000 0.0000 0.0000 0.0000 0.0000 0.0000 0.0000 0.0000 0.0000 0.0000 0.0000 0.0000 0.0000 0.0000 0.0000 0.0000 0.0000 0.0000 0.0000 0.0000 0.0000 0.0000 0.0000 0.0000 0.0000 0.0000 0.0000 0.0000 0.0000 0.0000 0.0000 0.0000 0.0000 0.0000 0.0000 0.0000 0.0000 0.0000 0.0000 0.0000 0.0000 0.0000 0.0000 0.0000 0.0000 0.0000 0.0000 0.0000 0.0000 0.0000 0.0000 0.0000 0.0000 0.0000 0.0000 0.0000 0.0000 0.0000 0.0000 0.0000 0.0000 0.0000 0.0000 0.0000 0.0000 0.0000
96.5888 0.0000 0.0000 0.0000 0.0000 0.0000 322.8032 63.0000 0.0000 0.0000 0.0000 238.9869 0.0000 0.0000 29.8415 0.0000 0.0000 247.1968 0.0000 0.0000 0.0000 323.0131 0.0000 0.0000 0.0000 0.0000 396.1585 0.0000 0.0000 2.4112 0.0000 0.0000 0.0000 0.0000 0.0000 0.0000 0.0000 0.0000 0.0000 0.0000 0.0000 0.0000 0.0000 0.0000 0.0000 0.0000 0.0000 0.0000 0.0000 0.0000 0.0000 0.0000 0.0000 0.0000 0.0000 0.0000 0.0000 0.0000 0.0000 0.0000 0.0000 0.0000 0.0000 0.0000 0.0000 0.0000 0.0000 0.0000 0.0000 0.0000 0.0000 0.0000 0.0000 0.0000 0.0000 0.0000 0.0000 0.0000 0.0000 0.0000 0.0000 0.0000 0.0000 0.0000 0.0000 0.0000 0.0000 0.0000 0.0000 0.0000 0.0000 0.0000 0.0000 0.0000 0.0000 0.0000 0.0000 0.0000 0.0000 0.0000
0.0000 0.0000 0.0000 0.0000 0.0000 0.0000 0.0000 0.0000 0.0000 210.0000 0.0000 0.0000 0.0000 0.0000 5.1571 0.0000 0.0000 0.0000 0.0000 0.0000 0.0000 0.0000 0.0000 0.0000 0.0000 0.0000 46.8429 0.0000 0.0000 0.0000 0.0000 0.0000 0.0000 0.0000 0.0000 0.0000 0.0000 0.0000 0.0000 0.0000 0.0000 0.0000 0.0000 0.0000 0.0000 0.0000 0.0000 0.0000 0.0000 0.0000 0.0000 0.0000 0.0000 0.0000 0.0000 0.0000 0.0000 0.0000 0.0000 0.0000 0.0000 0.0000 0.0000 0.0000 0.0000 0.0000 0.0000 0.0000 0.0000 0.0000 0.0000 0.0000 0.0000 0.0000 0.0000 0.0000 0.0000 0.0000 0.0000 0.0000 0.0000 0.0000 0.0000 0.0000 0.0000 0.0000 0.0000 0.0000 0.0000 0.0000 0.0000 0.0000 0.0000 0.0000 0.0000 0.0000 0.0000 0.0000 0.0000 0.0000
0.0000 0.0000 0.0000 0.0000 0.0000 0.0000 133.0587 0.0000 0.0000 672.0000 0.0000 0.0000 0.0000 0.0000 37.5606 0.0000 0.0000 71.9413 0.0000 0.0000 0.0000 0.0000 0.0000 0.0000 0.0000 0.0000 361.4394 0.0000 0.0000 0.0000 0.0000 0.0000 0.0000 0.0000 0.0000 0.0000 0.0000 0.0000 0.0000 0.0000 0.0000 0.0000 0.0000 0.0000 0.0000 0.0000 0.0000 0.0000 0.0000 0.0000 0.0000 0.0000 0.0000 0.0000 0.0000 0.0000 0.0000 0.0000 0.0000 0.0000 0.0000 0.0000 0.0000 0.0000 0.0000 0.0000 0.0000 0.0000 0.0000 0.0000 0.0000 0.0000 0.0000 0.0000 0.0000 0.0000 0.0000 0.0000 0.0000 0.0000 0.0000 0.0000 0.0000 0.0000 0.0000 0.0000 0.0000 0.0000 0.0000 0.0000 0.0000 0.0000 0.0000 0.0000 0.0000 0.0000 0.0000 0.0000 0.0000 0.0000
0.0000 0.0000 0.0000 0.0000 0.0000 0.0000 289.5196 6.0000 0.0000 0.0000 126.5963 139.9704 0.0000 0.0000 34.0574 0.0000 0.0000 265.4804 6.9425 0.0000 0.0000 176.0296 0.0000 40.4612 0.0000 0.0000 395.9426 0.0000 0.0000 0.0000 0.0000 0.0000 0.0000 0.0000 0.0000 0.0000 0.0000 0.0000 0.0000 0.0000 0.0000 0.0000 0.0000 0.0000 0.0000 0.0000 0.0000 0.0000 0.0000 0.0000 0.0000 0.0000 0.0000 0.0000 0.0000 0.0000 0.0000 0.0000 0.0000 0.0000 0.0000 0.0000 0.0000 0.0000 0.0000 0.0000 0.0000 0.0000 0.0000 0.0000 0.0000 0.0000 0.0000 0.0000 0.0000 0.0000 0.0000 0.0000 0.0000 0.0000 0.0000 0.0000 0.0000 0.0000 0.0000 0.0000 0.0000 0.0000 0.0000 0.0000 0.0000 0.0000 0.0000 0.0000 0.0000 0.0000 0.0000 0.0000 0.0000 0.0000
226.6341 0.0000 0.0000 0.0000 0.0000 0.0000 172.0036 0.0000 0.0000 14.0000 244.4182 266.5989 0.0000 0.0000 26.7472 0.0000 0.0000 164.9964 16.9124 0.0000 0.0000 257.4011 0.0000 95.6694 0.0000 0.0000 353.2528 0.0000 0.0000 5.3659 0.0000 0.0000 0.0000 0.0000 0.0000 0.0000 0.0000 0.0000 0.0000 0.0000 0.0000 0.0000 0.0000 0.0000 0.0000 0.0000 0.0000 0.0000 0.0000 0.0000 0.0000 0.0000 0.0000 0.0000 0.0000 0.0000 0.0000 0.0000 0.0000 0.0000 0.0000 0.0000 0.0000 0.0000 0.0000 0.0000 0.0000 0.0000 0.0000 0.0000 0.0000 0.0000 0.0000 0.0000 0.0000 0.0000 0.0000 0.0000 0.0000 0.0000 0.0000 0.0000 0.0000 0.0000 0.0000 0.0000 0.0000 0.0000 0.0000 0.0000 0.0000 0.0000 0.0000 0.0000 0.0000 0.0000 0.0000 0.0000 0.0000 0.0000
Beta posterior values
1121.0398 0.0000 0.0000 0.0000 0.0000 0.0000 628.3836 193.0000 0.0000 2581.0000 1011.0953 824.6433 0.0000 0.0000 57.6206 0.0000 0.0000 476.6164 81.1676 0.0000 0.0000 878.3567 0.0000 309.7371 0.0000 0.0000 488.3794 0.0000 0.0000 29.9602 0.0000 0.0000 0.0000 0.0000 0.0000 0.0000 0.0000 0.0000 0.0000 0.0000 0.0000 0.0000 0.0000 0.0000 0.0000 0.0000 0.0000 0.0000 0.0000 0.0000 0.0000 0.0000 0.0000 0.0000 0.0000 0.0000 0.0000 0.0000 0.0000 0.0000 0.0000 0.0000 0.0000 0.0000 0.0000 0.0000 0.0000 0.0000 0.0000 0.0000 0.0000 0.0000 0.0000 0.0000 0.0000 0.0000 0.0000 0.0000 0.0000 0.0000 0.0000 0.0000 0.0000 0.0000 0.0000 0.0000 0.0000 0.0000 0.0000 0.0000 0.0000 0.0000 0.0000 0.0000 0.0000 0.0000 0.0000 0.0000 0.0000 0.0000
1110.4124 0.0000 0.0000 0.0000 0.0000 0.0000 442.9600 151.0000 0.0000 2770.0000 1179.0798 704.7779 0.0000 0.0000 32.0452 0.0000 0.0000 357.0400 90.7587 0.0000 0.0000 697.2221 0.0000 392.1615 0.0000 0.0000 412.9548 0.0000 0.0000 30.5876 0.0000 0.0000 0.0000 0.0000 0.0000 0.0000 0.0000 0.0000 0.0000 0.0000 0.0000 0.0000 0.0000 0.0000 0.0000 0.0000 0.0000 0.0000 0.0000 0.0000 0.0000 0.0000 0.0000 0.0000 0.0000 0.0000 0.0000 0.0000 0.0000 0.0000 0.0000 0.0000 0.0000 0.0000 0.0000 0.0000 0.0000 0.0000 0.0000 0.0000 0.0000 0.0000 0.0000 0.0000 0.0000 0.0000 0.0000 0.0000 0.0000 0.0000 0.0000 0.0000 0.0000 0.0000 0.0000 0.0000 0.0000 0.0000 0.0000 0.0000 0.0000 0.0000 0.0000 0.0000 0.0000 0.0000 0.0000 0.0000 0.0000 0.0000
1137.9124 0.0000 0.0000 0.0000 0.0000 0.0000 760.7506 225.0000 0.0000 2566.0000 1146.1449 928.3597 0.0000 0.0000 71.8581 0.0000 0.0000 628.2494 85.3754 0.0000 0.0000 1012.6403 0.0000 366.4797 0.0000 0.0000 744.1419 0.0000 0.0000 30.0876 0.0000 0.0000 0.0000 0.0000 0.0000 0.0000 0.0000 0.0000 0.0000 0.0000 0.0000 0.0000 0.0000 0.0000 0.0000 0.0000 0.0000 0.0000 0.0000 0.0000 0.0000 0.0000 0.0000 0.0000 0.0000 0.0000 0.0000 0.0000 0.0000 0.0000 0.0000 0.0000 0.0000 0.0000 0.0000 0.0000 0.0000 0.0000 0.0000 0.0000 0.0000 0.0000 0.0000 0.0000 0.0000 0.0000 0.0000 0.0000 0.0000 0.0000 0.0000 0.0000 0.0000 0.0000 0.0000 0.0000 0.0000 0.0000 0.0000 0.0000 0.0000 0.0000 0.0000 0.0000 0.0000 0.0000 0.0000 0.0000 0.0000 0.0000
1234.7069 0.0000 0.0000 0.0000 0.0000 0.0000 580.7474 183.0000 0.0000 2173.0000 1149.0521 982.8705 0.0000 0.0000 36.2472 0.0000 0.0000 495.2526 88.8175 0.0000 0.0000 1080.1295 0.0000 383.1303 0.0000 0.0000 410.7528 0.0000 0.0000 33.2931 0.0000 0.0000 0.0000 0.0000 0.0000 0.0000 0.0000 0.0000 0.0000 0.0000 0.0000 0.0000 0.0000 0.0000 0.0000 0.0000 0.0000 0.0000 0.0000 0.0000 0.0000 0.0000 0.0000 0.0000 0.0000 0.0000 0.0000 0.0000 0.0000 0.0000 0.0000 0.0000 0.0000 0.0000 0.0000 0.0000 0.0000 0.0000 0.0000 0.0000 0.0000 0.0000 0.0000 0.0000 0.0000 0.0000 0.0000 0.0000 0.0000 0.0000 0.0000 0.0000 0.0000 0.0000 0.0000 0.0000 0.0000 0.0000 0.0000 0.0000 0.0000 0.0000 0.0000 0.0000 0.0000 0.0000 0.0000 0.0000 0.0000 0.0000
1220.8243 0.0000 0.0000 0.0000 0.0000 0.0000 409.5913 184.0000 0.0000 2810.0000 1051.1853 814.0622 0.0000 0.0000 47.4527 0.0000 0.0000 302.4087 83.2737 0.0000 0.0000 846.9378 0.0000 350.5410 0.0000 0.0000 463.5473 0.0000 0.0000 33.1757 0.0000 0.0000 0.0000 0.0000 0.0000 0.0000 0.0000 0.0000 0.0000 0.0000 0.0000 0.0000 0.0000 0.0000 0.0000 0.0000 0.0000 0.0000 0.0000 0.0000 0.0000 0.0000 0.0000 0.0000 0.0000 0.0000 0.0000 0.0000 0.0000 0.0000 0.0000 0.0000 0.0000 0.0000 0.0000 0.0000 0.0000 0.0000 0.0000 0.0000 0.0000 0.0000 0.0000 0.0000 0.0000 0.0000 0.0000 0.0000 0.0000 0.0000 0.0000 0.0000 0.0000 0.0000 0.0000 0.0000 0.0000 0.0000 0.0000 0.0000 0.0000 0.0000 0.0000 0.0000 0.0000 0.0000 0.0000 0.0000 0.0000 0.0000
947.1841 0.0000 0.0000 0.0000 0.0000 0.0000 566.8579 204.0000 0.0000 2734.0000 837.0679 701.0661 0.0000 0.0000 33.4048 0.0000 0.0000 417.1421 69.6052 0.0000 0.0000 770.9339 0.0000 253.3269 0.0000 0.0000 450.5952 0.0000 0.0000 26.8159 0.0000 0.0000 0.0000 0.0000 0.0000 0.0000 0.0000 0.0000 0.0000 0.0000 0.0000 0.0000 0.0000 0.0000 0.0000 0.0000 0.0000 0.0000 0.0000 0.0000 0.0000 0.0000 0.0000 0.0000 0.0000 0.0000 0.0000 0.0000 0.0000 0.0000 0.0000 0.0000 0.0000 0.0000 0.0000 0.0000 0.0000 0.0000 0.0000 0.0000 0.0000 0.0000 0.0000 0.0000 0.0000 0.0000 0.0000 0.0000 0.0000 0.0000 0.0000 0.0000 0.0000 0.0000 0.0000 0.0000 0.0000 0.0000 0.0000 0.0000 0.0000 0.0000 0.0000 0.0000 0.0000 0.0000 0.0000 0.0000 0.0000 0.0000
Cluster phi posterior values
0.0000 0.1490 0.0000 0.0730 0.1361 0.1191 0.2715 0.1430 0.1332 0.1375 0.3797
0.0794 0.4214 0.2931 0.0000 0.0000 0.2528 0.4819 0.4088 0.3163 0.0000 0.4896
0.0000 0.0000 0.0000 0.0754 0.0000 0.0000 0.0619 0.0000 0.0000 0.0000 0.0582
0.0000 0.1856 0.0000 0.2360 0.0000 0.0000 0.5090 0.1257 0.0000 0.0000 0.4680
0.0000 0.4139 0.0283 0.0000 0.1069 0.1460 0.4169 0.4674 0.1715 0.1019 0.4606
0.1926 0.2322 0.0000 0.0047 0.2255 0.2751 0.4438 0.2828 0.2499 0.2731 0.4393
