1 #sols

4
13
0.0567929 0.156028 0.0992685 0 0.190939 0 0.169782 0.126667 0.373106 0.149254 0 0.0777778 0 
0.163472 0.0727273 0 0.181818 0.230032 0 0.115385 0 0.344507 0.226277 0 0.0206186 0.173077 
0 0.00613497 0 0 0.0103806 0.0378619 0.0194903 0.137681 0.434034 0.027027 0 0 0 
0.00327154 0.198795 0 0.284238 0.174051 0.140969 0.110778 0 0.390625 0.0933333 0.0882353 0 0.0909091 

Sample_0 Sample_1 Sample_2 Sample_3 
57;58;59;60;61;62;63;64;65;91;92;93;94;95;96;97;98;99 68;73;79 0;1;2;3;4;5;6;7;8;9;10;11;12;13;14;42;43;44;46 48;49;50;52;53;54;55;56 72;77;83;85;87;88 18;19;23;24;25;26;27;28;30 69;70;71;74;75;76;78;80;81;82;84;86;90 15;16;17 31;32;33;34;35;36;37;38;39;40;41 66;67;89 20;21;22;29 45;47 51 

4
11
0 0 0.141027 0 0.198537 0.0561935 0.113586 0 0.14128 0 0.2063 
0 0.130648 0.0412371 0 0 0 0.326945 0.153251 0 0 0.145455 
0.411678 0.0389805 0 0 0 0.0540541 0 0 0.275362 0.0757238 0.0122699 
0 0 0 0.176471 0 0.0870014 0.00654308 0.151189 0 0.206885 0.259641 
11
11
1 0 0 0 0 0 0 0 0 0 0 
1 1 0 0 0 0 0 0 0 0 0 
1 1 1 0 0 0 0 0 0 0 0 
1 1 0 1 0 0 0 0 0 0 0 
1 1 0 0 1 0 0 0 0 0 0 
1 0 0 0 0 1 0 0 0 0 0 
1 0 0 0 0 1 1 0 0 0 0 
1 0 0 0 0 0 0 1 0 0 0 
1 0 0 0 0 0 0 0 1 0 0 
1 0 0 0 0 0 0 0 0 1 0 
1 0 0 0 0 0 0 0 0 0 1 

1 1 0.870534 0.803158 0.99998 0.996195 0.965819 0.994576 1 1 0.999999 
4
11
0.428461 0.169782 0.0705134 0 0.0992685 0.0848896 0.0567929 0 0.0706398 0 0.10315 
0.398768 0.0859426 0.0206186 0 0 0.163472 0.163472 0.0766256 0 0 0.0727273 
0.434034 0.0194903 0 0 0 0.027027 0 0 0.137681 0.0378619 0.00613497 
0.443865 0.0882353 0 0.0882353 0 0.0467723 0.00327154 0.0755946 0 0.103442 0.129821 

Sample_0 Sample_1 Sample_2 Sample_3 
8 6 11 10 2 9 0 12 7 5 1 

