1 #sols

4
8
0.290441 0.483539 0 0 0.134933 0.161435 0.02 0.506329 
0.0258398 0.195312 0.0255319 0 0.130971 0 0 0.157088 
0 0.465028 0 0.186135 0 0 0.255208 0.226236 
0 0.295181 0.184426 0 0.22 0.00652884 0 0.2358 

Sample_0 Sample_1 Sample_2 Sample_3 
3;4;5;6;7;8;9;10;11;12;13;14;15;48;51;54 16;17;18;19;65;66;67;68;69;70 71;72;73;74;75 0;2;20;21;22;23;24;25;26;27;29;30;31;32;34;35;36;37;38;40;41;42 87;88;89;90;91;92;93;94;95;96;97;98;99 43;44;45;46;47;49;50;52;53;55;56;57;58;59;60;61;62;63;64 1;28;33;39 76;77;78;79;80;81;82;83;84;85;86 

4
7
0 0.0108045 0.263809 0.207995 0 0 0.517392 
0.0259401 0 0 0.261941 0 0.0510638 0.0516796 
0.0473703 0.510417 0 0 0.37227 0 0 
0 0 0.00443856 0.361419 0 0.256173 0 
7
7
1 0 0 0 0 0 0 
1 1 0 0 0 0 0 
1 0 1 0 0 0 0 
1 0 0 1 0 0 0 
1 0 0 0 1 0 0 
1 0 0 0 0 1 0 
1 0 0 0 0 0 1 

1 1 1 0.998124 1 0.999466 1 
4
7
0.5 0.00540224 0.131904 0.103998 0 0 0.258696 
0.195312 0 0 0.130971 0 0.0255319 0.0258398 
0.465028 0.255208 0 0 0.186135 0 0 
0.311015 0 0.00221928 0.180709 0 0.128086 0 

Sample_0 Sample_1 Sample_2 Sample_3 
1 6 5 4 3 2 0 

