MultiBinom clustering
Convergence threshold: 1.000000
Initial num clusters: 75
kmeans: True

Time taken: 7.404869
ARI: 0.806622
Cluster freq error: 0.006519
Num active clusters: 8
Cluster assignments
3
6
3
0
0
0
0
0
0
0
0
0
0
0
0
0
1
1
1
1
3
3
3
3
3
3
3
3
6
3
3
3
3
6
3
3
3
3
3
6
3
3
3
5
5
5
5
5
0
5
5
0
5
5
0
5
5
5
5
5
5
5
5
5
5
1
1
1
1
1
1
2
2
2
2
2
7
7
7
7
7
7
7
7
7
7
7
4
4
4
4
4
4
4
4
4
4
4
4
4
Alpha posterior values
239.6437 0.0000 0.0000 0.0000 0.0000 0.0000 0.0000 89.1183 137.9569 4.0000 0.0000 0.0000 284.3540 0.0000 0.8882 0.0000 0.0000 0.0000 0.0000 0.0000 0.0000 0.0000 3.3928 0.0000 0.0000 0.0000 0.0000 0.0000 0.0000 0.0000 0.0000 0.0000 0.0000 230.6460 0.0000 0.0000 0.0000 0.0000 0.0000 0.0000 0.0000 0.0000 0.0000 0.0000 0.0000 0.0000 0.0000 0.0000 0.0000 0.0000 0.0000 0.0000 0.0000 0.0000 0.0000 0.0000 0.0000 0.0000 0.0000 0.0000 0.0000 0.0000 0.0000 0.0000 0.0000 0.0000 0.0000 0.0000 0.0000 0.0000 0.0000 0.0000 0.0000 0.0000 0.0000 0.0000 0.0000 0.0000 0.0000 0.0000 0.0000 0.0000 0.0000 0.0000 0.0000 0.0000 0.0000 0.0000 0.0000 0.0000 0.0000 0.0000 0.0000 0.0000 0.0000 0.0000 0.0000 0.0000 0.0000 0.0000
19.9968 0.0000 5.9802 0.0000 0.0000 0.0000 0.0000 83.1210 0.0000 0.0000 0.0000 0.0000 83.5903 0.0000 1.9020 0.0000 0.0000 0.0000 0.0000 0.0000 0.0000 0.0000 0.0000 0.0000 0.0000 0.0000 0.0000 0.0000 0.0000 0.0000 0.0000 0.0000 0.0000 98.4097 0.0000 0.0000 0.0000 0.0000 0.0000 0.0000 0.0000 0.0000 0.0000 0.0000 0.0000 0.0000 0.0000 0.0000 0.0000 0.0000 0.0000 0.0000 0.0000 0.0000 0.0000 0.0000 0.0000 0.0000 0.0000 0.0000 0.0000 0.0000 0.0000 0.0000 0.0000 0.0000 0.0000 0.0000 0.0000 0.0000 0.0000 0.0000 0.0000 0.0000 0.0000 0.0000 0.0000 0.0000 0.0000 0.0000 0.0000 0.0000 0.0000 0.0000 0.0000 0.0000 0.0000 0.0000 0.0000 0.0000 0.0000 0.0000 0.0000 0.0000 0.0000 0.0000 0.0000 0.0000 0.0000 0.0000
0.0000 0.0000 0.0000 151.1240 0.0000 0.0000 0.0000 0.0000 0.0000 92.3447 0.0000 0.0000 124.2166 0.0000 0.0000 0.0000 0.0000 0.0000 0.0000 0.0000 0.0000 0.0000 0.0000 0.0000 0.0000 1.5313 0.0000 0.0000 0.0000 0.0000 0.0000 0.0000 0.0000 240.7834 0.0000 0.0000 0.0000 0.0000 0.0000 0.0000 0.0000 0.0000 0.0000 0.0000 0.0000 0.0000 0.0000 0.0000 0.0000 0.0000 0.0000 0.0000 0.0000 0.0000 0.0000 0.0000 0.0000 0.0000 0.0000 0.0000 0.0000 0.0000 0.0000 0.0000 0.0000 0.0000 0.0000 0.0000 0.0000 0.0000 0.0000 0.0000 0.0000 0.0000 0.0000 0.0000 0.0000 0.0000 0.0000 0.0000 0.0000 0.0000 0.0000 0.0000 0.0000 0.0000 0.0000 0.0000 0.0000 0.0000 0.0000 0.0000 0.0000 0.0000 0.0000 0.0000 0.0000 0.0000 0.0000 0.0000
0.0000 0.0000 44.9402 0.0000 0.0000 0.0000 0.0000 139.8336 6.0000 0.0000 0.0000 0.0000 139.0817 0.0000 3.2262 0.0000 0.0000 0.0000 0.0000 0.0000 0.0000 0.0000 0.0000 0.0000 0.0000 0.0000 0.0000 0.0000 0.0000 0.0000 0.0000 0.0000 0.0000 144.9183 0.0000 0.0000 0.0000 0.0000 0.0000 0.0000 0.0000 0.0000 0.0000 0.0000 0.0000 0.0000 0.0000 0.0000 0.0000 0.0000 0.0000 0.0000 0.0000 0.0000 0.0000 0.0000 0.0000 0.0000 0.0000 0.0000 0.0000 0.0000 0.0000 0.0000 0.0000 0.0000 0.0000 0.0000 0.0000 0.0000 0.0000 0.0000 0.0000 0.0000 0.0000 0.0000 0.0000 0.0000 0.0000 0.0000 0.0000 0.0000 0.0000 0.0000 0.0000 0.0000 0.0000 0.0000 0.0000 0.0000 0.0000 0.0000 0.0000 0.0000 0.0000 0.0000 0.0000 0.0000 0.0000 0.0000
Beta posterior values
605.3543 0.0000 227.6562 865.0162 0.0000 0.0000 0.0000 562.7714 707.6569 409.9394 0.0000 0.0000 276.5038 0.0000 14.5984 0.0000 0.0000 0.0000 0.0000 0.0000 0.0000 0.0000 13.9628 0.0000 0.0000 9.0444 0.0000 0.0000 0.0000 0.0000 0.0000 0.0000 0.0000 247.4962 0.0000 0.0000 0.0000 0.0000 0.0000 0.0000 0.0000 0.0000 0.0000 0.0000 0.0000 0.0000 0.0000 0.0000 0.0000 0.0000 0.0000 0.0000 0.0000 0.0000 0.0000 0.0000 0.0000 0.0000 0.0000 0.0000 0.0000 0.0000 0.0000 0.0000 0.0000 0.0000 0.0000 0.0000 0.0000 0.0000 0.0000 0.0000 0.0000 0.0000 0.0000 0.0000 0.0000 0.0000 0.0000 0.0000 0.0000 0.0000 0.0000 0.0000 0.0000 0.0000 0.0000 0.0000 0.0000 0.0000 0.0000 0.0000 0.0000 0.0000 0.0000 0.0000 0.0000 0.0000 0.0000 0.0000
794.8409 0.0000 228.6829 842.8095 0.0000 0.0000 0.0000 550.7887 883.0176 421.3468 0.0000 0.0000 450.4912 0.0000 13.5591 0.0000 0.0000 0.0000 0.0000 0.0000 0.0000 0.0000 18.1108 0.0000 0.0000 8.8437 0.0000 0.0000 0.0000 0.0000 0.0000 0.0000 0.0000 401.5088 0.0000 0.0000 0.0000 0.0000 0.0000 0.0000 0.0000 0.0000 0.0000 0.0000 0.0000 0.0000 0.0000 0.0000 0.0000 0.0000 0.0000 0.0000 0.0000 0.0000 0.0000 0.0000 0.0000 0.0000 0.0000 0.0000 0.0000 0.0000 0.0000 0.0000 0.0000 0.0000 0.0000 0.0000 0.0000 0.0000 0.0000 0.0000 0.0000 0.0000 0.0000 0.0000 0.0000 0.0000 0.0000 0.0000 0.0000 0.0000 0.0000 0.0000 0.0000 0.0000 0.0000 0.0000 0.0000 0.0000 0.0000 0.0000 0.0000 0.0000 0.0000 0.0000 0.0000 0.0000 0.0000 0.0000
791.5920 0.0000 263.5984 682.6048 0.0000 0.0000 0.0000 626.6661 910.6658 310.3033 0.0000 0.0000 413.0317 0.0000 11.7643 0.0000 0.0000 0.0000 0.0000 0.0000 0.0000 0.0000 18.7134 0.0000 0.0000 7.0919 0.0000 0.0000 0.0000 0.0000 0.0000 0.0000 0.0000 276.9683 0.0000 0.0000 0.0000 0.0000 0.0000 0.0000 0.0000 0.0000 0.0000 0.0000 0.0000 0.0000 0.0000 0.0000 0.0000 0.0000 0.0000 0.0000 0.0000 0.0000 0.0000 0.0000 0.0000 0.0000 0.0000 0.0000 0.0000 0.0000 0.0000 0.0000 0.0000 0.0000 0.0000 0.0000 0.0000 0.0000 0.0000 0.0000 0.0000 0.0000 0.0000 0.0000 0.0000 0.0000 0.0000 0.0000 0.0000 0.0000 0.0000 0.0000 0.0000 0.0000 0.0000 0.0000 0.0000 0.0000 0.0000 0.0000 0.0000 0.0000 0.0000 0.0000 0.0000 0.0000 0.0000 0.0000
823.5063 0.0000 198.6978 871.2031 0.0000 0.0000 0.0000 497.4598 852.4343 422.7143 0.0000 0.0000 450.6940 0.0000 9.8696 0.0000 0.0000 0.0000 0.0000 0.0000 0.0000 0.0000 18.0323 0.0000 0.0000 9.0826 0.0000 0.0000 0.0000 0.0000 0.0000 0.0000 0.0000 344.3060 0.0000 0.0000 0.0000 0.0000 0.0000 0.0000 0.0000 0.0000 0.0000 0.0000 0.0000 0.0000 0.0000 0.0000 0.0000 0.0000 0.0000 0.0000 0.0000 0.0000 0.0000 0.0000 0.0000 0.0000 0.0000 0.0000 0.0000 0.0000 0.0000 0.0000 0.0000 0.0000 0.0000 0.0000 0.0000 0.0000 0.0000 0.0000 0.0000 0.0000 0.0000 0.0000 0.0000 0.0000 0.0000 0.0000 0.0000 0.0000 0.0000 0.0000 0.0000 0.0000 0.0000 0.0000 0.0000 0.0000 0.0000 0.0000 0.0000 0.0000 0.0000 0.0000 0.0000 0.0000 0.0000 0.0000
Cluster phi posterior values
0.2831 0.4823 0.0000 0.0000 0.1357 0.1624 0.0075 0.5070
0.0234 0.1957 0.0221 0.0000 0.1300 0.0000 0.0000 0.1553
0.0000 0.4649 0.0000 0.1805 0.0000 0.0000 0.2281 0.2303
0.0000 0.2955 0.1823 0.0000 0.2186 0.0059 0.0000 0.2350
