gene_id	Sample_0	Sample_0	Sample_1	Sample_1	Sample_2	Sample_2	Sample_3	Sample_3
33;35;36;62;65	491	14	506	5	466	0	500	5
9;11;13;17;21;26;30;31;32	833	100	666	252	826	137	824	47
77;78;79;80;81;82;83;84;85;86;87;88;90	1282	17	1263	0	1123	203	1255	81
76	73	31	106	0	94	9	108	0
19;24	159	35	116	72	168	17	169	8
8;10;12;14;15;16;18;20;22;23;25;27;28;29	1148	238	1002	410	1127	230	1375	76
3;4;5;6;7;34;37;38;61;63;64;66;67;68;69;70;71;72;73;74;75;91;92;93;94;95;96;97;98;99	2984	102	2951	82	3049	0	2918	2
89	90	1	128	0	98	3	100	3
39;40;41;42;43;44;45;46;47;48;49;50;51;52;53;54;55;56;57;58;59;60	1276	986	1102	1000	1604	611	1271	917
0;1;2	212	79	243	50	267	27	200	120
