gene_id	Sample_0	Sample_0	Sample_1	Sample_1	Sample_2	Sample_2	Sample_3	Sample_3	Sample_4	Sample_4
4;5;6;7;8;64;65;66;67;68;69;70;71;72;73;74;75	831	56	698	106	817	26	839	0	778	135
76;79;80;81;82;84;94;96	179	195	267	128	216	163	351	76	271	118
18;19;20;21;22;25;26;27;28;29;30;32;33;35;36;41;42;43;44;46;47;57;58;61	1113	84	1151	0	1112	92	1271	0	1055	78
95;97;98;99	106	96	167	44	94	79	180	32	126	93
49;50;51;52;53;54;55;56	309	50	312	94	387	34	443	0	269	130
0;1;2;3	195	0	181	23	232	17	187	0	209	0
77;78;83	88	56	73	72	93	65	115	17	81	70
59	40	6	41	0	53	2	56	0	38	6
23;24;31;34;37;38;39;40;45;48	483	33	463	0	414	93	470	0	452	19
9;10;11;12;13;14;15;16;17;60;62;63	570	33	596	0	588	0	607	0	473	89
85;86;87;88;89;90;91;92;93	471	0	439	3	364	119	396	57	463	0
