1 #sols

5
11
0.0631342 0.52139 0.0701754 0.475248 0.139276 0 0.388889 0.130435 0.0639535 0.0547264 0 
0.131841 0.324051 0 0.208531 0.231527 0.112745 0.496552 0 0 0 0.00678733 
0.0308422 0.430079 0.076412 0.456647 0.0807601 0.0682731 0.411392 0.0363636 0.183432 0 0.246377 
0 0.177986 0 0.150943 0 0 0.128788 0 0 0 0.125828 
0.147864 0.303342 0.0688438 0.424658 0.325815 0 0.463576 0.136364 0.0403397 0.158363 0 

Sample_0 Sample_1 Sample_2 Sample_3 Sample_4 
4;5;6;7;8;64;65;66;67;68;69;70;71;72;73;74;75 76;79;80;81;82;84;94;96 18;19;20;21;22;25;26;27;28;29;30;32;33;35;36;41;42;43;44;46;47;57;58;61 95;97;98;99 49;50;51;52;53;54;55;56 0;1;2;3 77;78;83 59 23;24;31;34;37;38;39;40;45;48 9;10;11;12;13;14;15;16;17;60;62;63 85;86;87;88;89;90;91;92;93 

5
8
0.185647 0 0.109453 0.127907 0.26087 0 0.140351 0.126268 
0 0.0030428 0 0 0 0.22549 0 0.263682 
0 0.398103 0 0.285639 0.0122497 0.0894993 0.152824 0.0616845 
0.0502312 0.251656 0 0 0 0 0 0 
0 0 0.244436 0.0806794 0.272727 0 0.106429 0.295728 
8
8
1 0 0 0 0 0 0 0 
1 1 0 0 0 0 0 0 
1 0 1 0 0 0 0 0 
1 0 0 1 0 0 0 0 
1 0 0 0 1 0 0 0 
1 0 0 0 0 1 0 0 
1 0 0 0 0 0 1 0 
1 0 0 0 0 0 0 1 

1 0.820074 1 1 0.999776 0.995973 1 0.996952 
5
8
0.475248 0 0.0547264 0.0639535 0.130435 0 0.0701754 0.0631342 
0.246107 0.0015214 0 0 0 0.112745 0 0.131841 
0.5 0.199052 0 0.14282 0.00612487 0.0447496 0.076412 0.0308422 
0.150943 0.125828 0 0 0 0 0 0 
0.5 0 0.122218 0.0403397 0.136364 0 0.0532143 0.147864 

Sample_0 Sample_1 Sample_2 Sample_3 Sample_4 
3 10 9 8 7 5 2 0 

