MultiBinom clustering
Convergence threshold: 1.000000
Initial num clusters: 100
kmeans: True

Time taken: 18.396298
ARI: 0.645792
Cluster freq error: 0.006951
Num active clusters: 11
Cluster assignments
5
5
5
5
0
0
0
0
0
9
9
9
9
9
9
9
9
9
2
2
2
2
2
8
8
2
2
2
2
2
2
8
2
2
8
2
2
8
8
8
8
2
2
2
2
8
2
2
8
4
4
4
4
4
4
4
4
2
2
7
9
2
9
9
0
0
0
0
0
0
0
0
0
0
0
0
1
6
6
1
1
1
1
6
1
10
10
10
10
10
10
10
10
10
1
3
1
3
3
3
Alpha posterior values
0.0000 205.1187 0.0000 0.0000 0.0000 0.0000 0.0000 0.0000 0.0000 86.1736 0.0000 92.9780 0.0000 50.3608 0.0000 0.0000 48.9033 0.0000 0.0000 8.7103 0.0000 29.6506 0.0000 0.0000 31.4021 0.0000 0.0000 0.0000 0.0000 0.0000 0.0000 0.0000 55.7026 0.0000 0.0000 0.0000 0.0000 0.0000 0.0000 0.0000 0.0000 0.0000 0.0000 0.0000 0.0000 0.0000 0.0000 0.0000 0.0000 0.0000 0.0000 0.0000 0.0000 0.0000 0.0000 0.0000 0.0000 0.0000 0.0000 0.0000 0.0000 0.0000 0.0000 0.0000 0.0000 0.0000 0.0000 0.0000 0.0000 0.0000 0.0000 0.0000 0.0000 0.0000 0.0000 0.0000 0.0000 0.0000 0.0000 0.0000 0.0000 0.0000 0.0000 0.0000 0.0000 0.0000 0.0000 0.0000 0.0000 0.0000 0.0000 0.0000 0.0000 0.0000 0.0000 0.0000 0.0000 0.0000 0.0000 0.0000
0.0000 137.4466 0.0000 0.0000 0.0000 0.0000 0.0000 0.0000 0.0000 0.0000 0.0000 43.0423 0.0000 94.6492 22.9992 0.0000 63.5111 0.0000 0.0000 0.0000 0.0000 0.0000 0.0000 0.0000 0.0000 0.0000 0.0000 0.0000 0.0000 0.0000 0.0000 3.0000 105.3516 0.0000 0.0000 0.0000 0.0000 0.0000 0.0000 0.0000 0.0000 0.0000 0.0000 0.0000 0.0000 0.0000 0.0000 0.0000 0.0000 0.0000 0.0000 0.0000 0.0000 0.0000 0.0000 0.0000 0.0000 0.0000 0.0000 0.0000 0.0000 0.0000 0.0000 0.0000 0.0000 0.0000 0.0000 0.0000 0.0000 0.0000 0.0000 0.0000 0.0000 0.0000 0.0000 0.0000 0.0000 0.0000 0.0000 0.0000 0.0000 0.0000 0.0000 0.0000 0.0000 0.0000 0.0000 0.0000 0.0000 0.0000 0.0000 0.0000 0.0000 0.0000 0.0000 0.0000 0.0000 0.0000 0.0000 0.0000
0.0000 173.2097 0.0000 0.0000 0.0000 0.0000 0.0000 0.0000 0.0000 104.3854 0.0000 75.2632 0.0000 34.1833 16.9997 0.0000 58.5271 0.0000 0.0000 3.4360 0.0000 79.1556 0.0000 0.0000 0.0000 0.0000 0.0000 0.0000 0.0000 0.0000 0.0000 119.0000 25.8400 0.0000 0.0000 0.0000 0.0000 0.0000 0.0000 0.0000 0.0000 0.0000 0.0000 0.0000 0.0000 0.0000 0.0000 0.0000 0.0000 0.0000 0.0000 0.0000 0.0000 0.0000 0.0000 0.0000 0.0000 0.0000 0.0000 0.0000 0.0000 0.0000 0.0000 0.0000 0.0000 0.0000 0.0000 0.0000 0.0000 0.0000 0.0000 0.0000 0.0000 0.0000 0.0000 0.0000 0.0000 0.0000 0.0000 0.0000 0.0000 0.0000 0.0000 0.0000 0.0000 0.0000 0.0000 0.0000 0.0000 0.0000 0.0000 0.0000 0.0000 0.0000 0.0000 0.0000 0.0000 0.0000 0.0000 0.0000
0.0000 77.4425 0.0000 0.0000 0.0000 0.0000 0.0000 0.0000 0.0000 0.0000 0.0000 32.1306 0.0000 0.0000 0.0000 0.0000 15.4269 0.0000 0.0000 0.0000 0.0000 0.0000 0.0000 0.0000 0.0000 0.0000 0.0000 0.0000 0.0000 0.0000 0.0000 57.0000 0.0000 0.0000 0.0000 0.0000 0.0000 0.0000 0.0000 0.0000 0.0000 0.0000 0.0000 0.0000 0.0000 0.0000 0.0000 0.0000 0.0000 0.0000 0.0000 0.0000 0.0000 0.0000 0.0000 0.0000 0.0000 0.0000 0.0000 0.0000 0.0000 0.0000 0.0000 0.0000 0.0000 0.0000 0.0000 0.0000 0.0000 0.0000 0.0000 0.0000 0.0000 0.0000 0.0000 0.0000 0.0000 0.0000 0.0000 0.0000 0.0000 0.0000 0.0000 0.0000 0.0000 0.0000 0.0000 0.0000 0.0000 0.0000 0.0000 0.0000 0.0000 0.0000 0.0000 0.0000 0.0000 0.0000 0.0000 0.0000
0.0000 129.4626 0.0000 0.0000 0.0000 0.0000 0.0000 0.0000 0.0000 78.0357 0.0000 86.3186 0.0000 130.7617 0.0000 0.0000 65.2188 0.0000 0.0000 8.1890 0.0000 19.1626 0.0000 0.0000 86.5224 0.0000 0.0000 0.0000 0.0000 0.0000 0.0000 0.0000 134.3284 0.0000 0.0000 0.0000 0.0000 0.0000 0.0000 0.0000 0.0000 0.0000 0.0000 0.0000 0.0000 0.0000 0.0000 0.0000 0.0000 0.0000 0.0000 0.0000 0.0000 0.0000 0.0000 0.0000 0.0000 0.0000 0.0000 0.0000 0.0000 0.0000 0.0000 0.0000 0.0000 0.0000 0.0000 0.0000 0.0000 0.0000 0.0000 0.0000 0.0000 0.0000 0.0000 0.0000 0.0000 0.0000 0.0000 0.0000 0.0000 0.0000 0.0000 0.0000 0.0000 0.0000 0.0000 0.0000 0.0000 0.0000 0.0000 0.0000 0.0000 0.0000 0.0000 0.0000 0.0000 0.0000 0.0000 0.0000
Beta posterior values
0.0000 194.4152 0.0000 0.0000 0.0000 0.0000 0.0000 0.0000 0.0000 1167.6460 0.0001 100.3676 0.0000 313.1752 194.9934 0.0000 78.2172 0.0000 0.0000 69.5239 0.0000 420.2558 0.0000 0.0000 547.8467 0.0000 0.0000 0.0000 0.0000 0.0000 0.0000 471.0000 827.5590 0.0000 0.0000 0.0000 0.0000 0.0000 0.0000 0.0000 0.0000 0.0000 0.0000 0.0000 0.0000 0.0000 0.0000 0.0000 0.0000 0.0000 0.0000 0.0000 0.0000 0.0000 0.0000 0.0000 0.0000 0.0000 0.0000 0.0000 0.0000 0.0000 0.0000 0.0000 0.0000 0.0000 0.0000 0.0000 0.0000 0.0000 0.0000 0.0000 0.0000 0.0000 0.0000 0.0000 0.0000 0.0000 0.0000 0.0000 0.0000 0.0000 0.0000 0.0000 0.0000 0.0000 0.0000 0.0000 0.0000 0.0000 0.0000 0.0000 0.0000 0.0000 0.0000 0.0000 0.0000 0.0000 0.0000 0.0000
0.0000 279.5340 0.0000 0.0000 0.0000 0.0000 0.0000 0.0000 0.0000 1201.3118 0.0002 163.5206 0.0000 315.0776 180.9945 0.0000 63.9455 0.0000 0.0000 75.4862 0.0000 400.3743 0.0000 0.0000 573.1295 0.0000 0.0000 0.0000 0.0000 0.0000 0.0000 439.0000 695.6260 0.0000 0.0000 0.0000 0.0000 0.0000 0.0000 0.0000 0.0000 0.0000 0.0000 0.0000 0.0000 0.0000 0.0000 0.0000 0.0000 0.0000 0.0000 0.0000 0.0000 0.0000 0.0000 0.0000 0.0000 0.0000 0.0000 0.0000 0.0000 0.0000 0.0000 0.0000 0.0000 0.0000 0.0000 0.0000 0.0000 0.0000 0.0000 0.0000 0.0000 0.0000 0.0000 0.0000 0.0000 0.0000 0.0000 0.0000 0.0000 0.0000 0.0000 0.0000 0.0000 0.0000 0.0000 0.0000 0.0000 0.0000 0.0000 0.0000 0.0000 0.0000 0.0000 0.0000 0.0000 0.0000 0.0000 0.0000
0.0000 229.0887 0.0000 0.0000 0.0000 0.0000 0.0000 0.0000 0.0000 1160.2547 0.0001 93.5828 0.0000 390.3190 231.9921 0.0000 80.3285 0.0000 0.0000 73.9900 0.0000 364.3244 0.0000 0.0000 567.6725 0.0000 0.0000 0.0000 0.0000 0.0000 0.0000 364.0000 814.4471 0.0000 0.0000 0.0000 0.0000 0.0000 0.0000 0.0000 0.0000 0.0000 0.0000 0.0000 0.0000 0.0000 0.0000 0.0000 0.0000 0.0000 0.0000 0.0000 0.0000 0.0000 0.0000 0.0000 0.0000 0.0000 0.0000 0.0000 0.0000 0.0000 0.0000 0.0000 0.0000 0.0000 0.0000 0.0000 0.0000 0.0000 0.0000 0.0000 0.0000 0.0000 0.0000 0.0000 0.0000 0.0000 0.0000 0.0000 0.0000 0.0000 0.0000 0.0000 0.0000 0.0000 0.0000 0.0000 0.0000 0.0000 0.0000 0.0000 0.0000 0.0000 0.0000 0.0000 0.0000 0.0000 0.0000 0.0000
0.0000 372.4189 0.0000 0.0000 0.0000 0.0000 0.0000 0.0000 0.0000 1320.5281 0.0001 171.5098 0.0000 446.8991 186.9935 0.0000 102.0713 0.0000 0.0000 86.1551 0.0000 415.5085 0.0000 0.0000 581.0208 0.0000 0.0000 0.0000 0.0000 0.0000 0.0000 396.0000 835.8947 0.0000 0.0000 0.0000 0.0000 0.0000 0.0000 0.0000 0.0000 0.0000 0.0000 0.0000 0.0000 0.0000 0.0000 0.0000 0.0000 0.0000 0.0000 0.0000 0.0000 0.0000 0.0000 0.0000 0.0000 0.0000 0.0000 0.0000 0.0000 0.0000 0.0000 0.0000 0.0000 0.0000 0.0000 0.0000 0.0000 0.0000 0.0000 0.0000 0.0000 0.0000 0.0000 0.0000 0.0000 0.0000 0.0000 0.0000 0.0000 0.0000 0.0000 0.0000 0.0000 0.0000 0.0000 0.0000 0.0000 0.0000 0.0000 0.0000 0.0000 0.0000 0.0000 0.0000 0.0000 0.0000 0.0000 0.0000
0.0000 286.1936 0.0000 0.0000 0.0000 0.0000 0.0000 0.0000 0.0000 1108.9221 0.0001 120.1065 0.0000 272.5689 208.9932 0.0000 71.7000 0.0000 0.0000 62.2806 0.0000 395.0037 0.0000 0.0000 451.1622 0.0000 0.0000 0.0000 0.0000 0.0000 0.0000 463.0000 775.0692 0.0000 0.0000 0.0000 0.0000 0.0000 0.0000 0.0000 0.0000 0.0000 0.0000 0.0000 0.0000 0.0000 0.0000 0.0000 0.0000 0.0000 0.0000 0.0000 0.0000 0.0000 0.0000 0.0000 0.0000 0.0000 0.0000 0.0000 0.0000 0.0000 0.0000 0.0000 0.0000 0.0000 0.0000 0.0000 0.0000 0.0000 0.0000 0.0000 0.0000 0.0000 0.0000 0.0000 0.0000 0.0000 0.0000 0.0000 0.0000 0.0000 0.0000 0.0000 0.0000 0.0000 0.0000 0.0000 0.0000 0.0000 0.0000 0.0000 0.0000 0.0000 0.0000 0.0000 0.0000 0.0000 0.0000 0.0000
Cluster phi posterior values
0.0621 0.5135 0.0681 0.4807 0.1368 0.0000 0.3834 0.1051 0.0642 0.0528 0.0000
0.1307 0.3289 0.0000 0.2061 0.2298 0.1097 0.4983 0.0000 0.0000 0.0000 0.0048
0.0297 0.4302 0.0819 0.4452 0.0788 0.0655 0.4207 0.0370 0.1772 0.0000 0.2454
0.0000 0.1708 0.0000 0.1551 0.0000 0.0000 0.1267 0.0000 0.0000 0.0000 0.1243
0.1470 0.3107 0.0650 0.4175 0.3234 0.0000 0.4761 0.1094 0.0443 0.1598 0.0000
