1 #sols

5
8
0.495302 0.0508066 0.381106 0.349435 0.276936 0.2977 0.0944043 0.0317415 
0.326425 0.12499 0.0275927 0.023622 0 0 0 0 
0.43722 0.0883434 0.222777 0.209901 0.228128 0.200531 0 0.000142857 
0.402935 0.190278 0.00302978 0.01 0 0 0.00346544 0 
0.455292 0.0176613 0.41959 0.403727 0.0159204 0.011356 0.385269 0 

Sample_0 Sample_1 Sample_2 Sample_3 Sample_4 
0;1;2;3;4;5;6;14;15;16;17;18;19 7;8;9;10;11;12;13;20;21;22;23;88 45;46;47;48;49;50;51;52;53;54;55;56;57;58;59;60;61;62;64;65;66;67;68;69;70;71;72;73;74 63 90;91;93;94;95;96;97;98 89;92;99 24;25;26;27;28;29;30;31;32;33;34;35;36;37;75;76;77;78;79;80;81;82;83;84;85;86;87 38;39;40;41;42;43;44 

5
5
0.190121 0.510061 0.188809 0.0381301 0.0634831 
0.355626 0.0472441 0 0.249979 0 
0.277951 0.419802 0 0.176401 0.000285714 
0.405316 0.0130691 0.00693088 0.380555 0 
0.0678079 0.0369158 0.770538 0.0353227 0 
5
5
1 0 0 0 0 
1 1 0 0 0 
1 1 1 0 0 
1 0 0 1 0 
1 0 0 1 1 

1 0.999077 0.877699 1 1 
5
5
0.495302 0.349435 0.0944043 0.0508066 0.0317415 
0.326425 0.023622 0 0.12499 0 
0.43722 0.209901 0 0.0883434 0.000142857 
0.402935 0.01 0.00346544 0.190278 0 
0.455292 0.403727 0.385269 0.0176613 0 

Sample_0 Sample_1 Sample_2 Sample_3 Sample_4 
0 3 6 1 7 

