1 #sols

4
11
0.202247 0.0465116 0.161179 0.214286 0.441121 0.0223214 0.135569 0.0499546 0.0133111 0.0819672 0.35 
0.128713 0 0.25 0 0.460303 0.00471698 0.311649 0.0330062 0 0.34 0.27451 
0.0721649 0.133333 0.158301 0.113208 0.267934 0 0.14178 0 0.133226 0.246377 0.157895 
0.292135 0.136364 0.032316 0 0.408326 0.00321543 0.068314 0.00457038 0.0423862 0 0.297297 

Sample_0 Sample_1 Sample_2 Sample_3 
0;2 89 9;13;14;15;16;18;19;20;21;23;32 76 39;40;41;42;43;44;45;46;47;48;49;50;51;52;53;54;55;56;57;58;59;60 3;4;35;37;38;63;66;67;69;70;71;72;95 8;10;11;12;17;22;24;26;27;28;29;30;31 5;6;7;33;34;36;61;62;64;65;68;73;74;75;91;92;93;94;96;97;98;99 77;78;79;80;81;82;83;84;85;86;87;88;90 25 1 

4
8
0 0.226386 0.0999092 0.0446429 0.010449 0.184717 0.0930233 0.301772 
0.114161 0.473573 0.0660125 0.00943396 0 0 0 0.257426 
0 0.11025 0 0 0.266453 0.078395 0.096339 0.0537013 
0 0.363904 0.00914077 0.00643087 0.0513622 0 0.0948325 0.367118 
8
8
1 0 0 0 0 0 0 0 
1 1 0 0 0 0 0 0 
1 1 1 0 0 0 0 0 
1 1 0 1 0 0 0 0 
1 0 0 0 1 0 0 0 
1 0 0 0 0 1 0 0 
1 0 0 0 0 0 1 0 
1 0 0 0 0 0 0 1 

1 0.866583 1 1 1 0.994999 0.977614 0.984376 
4
8
0.480449 0.185469 0.0499546 0.0223214 0.0052245 0.0923583 0.0465116 0.150886 
0.460303 0.27451 0.0330062 0.00471698 0 0 0 0.128713 
0.302569 0.0551251 0 0 0.133226 0.0391975 0.0481695 0.0268507 
0.446394 0.189738 0.00457038 0.00321543 0.0256811 0 0.0474162 0.183559 

Sample_0 Sample_1 Sample_2 Sample_3 
4 10 7 5 8 3 1 0 

