1 #sols

6
7
0.358198 0.2991 0 0.178992 0.151888 0 0.0128284 
0.436341 0.117178 0.143667 0.0312927 0 0 0.0625522 
0.381016 0 0.0021254 0.116387 0 0.0700213 0 
0.288384 0.0369286 0.0232794 0.310381 0.202349 0 0.0834163 
0.0776606 0 0.0916497 0 0 0 0 
0.319609 0.105907 0.0735586 0 0 0.150578 0 

Sample_0 Sample_1 Sample_2 Sample_3 Sample_4 Sample_5 
26;27;28;29;30;42;43;44;45;46;47;48;49;50;51;52;53;54;55;56 17;18;19;20;21;22;23;24;25 92 57;58;59;60;61;62;63;64;65;66;67;68;69;70;71;72;73;74;75;76;77;78;79;80;81;82;83;84;85;86;87;88;89;90;91 0;1;2;3;4;5 31;32;33;34;35;36;37;38;39;40;41 6;7;8;9;10;11;12;13;14;15;16;93;94;95;96;97;98;99 

6
4
0.386963 0.0256569 0 0.303776 
0.747577 0.125104 0 0 
0.62199 0 0.140043 0 
0.00523553 0.166833 0 0.404699 
0.155321 0 0 0 
0.338061 0 0.301157 0 
4
4
1 0 0 0 
1 1 0 0 
1 0 1 0 
1 0 0 1 

1 1 1 1 
6
4
0.358198 0.0128284 0 0.151888 
0.436341 0.0625522 0 0 
0.381016 0 0.0700213 0 
0.288384 0.0834163 0 0.202349 
0.0776606 0 0 0 
0.319609 0 0.150578 0 

Sample_0 Sample_1 Sample_2 Sample_3 Sample_4 Sample_5 
0 6 5 4 

