1 #sols

6
8
0.48331 0.0620985 0.105943 0.243655 0.458577 0 0 0.452031 
0.430037 0.125576 0 0 0.409728 0 0.116056 0.50613 
0.403696 0.268868 0 0.157068 0.453138 0.156049 0.0234043 0.434122 
0.141556 0.026287 0.144893 0 0.223806 0 0.0267615 0.197943 
0.303962 0.171625 0.0407125 0.0552764 0.281873 0 0.0111953 0.255426 
0.480112 0.0665138 0.315136 0.0810398 0.487267 0.0645864 0.0605236 0.416113 

Sample_0 Sample_1 Sample_2 Sample_3 Sample_4 Sample_5 
1;6;9;10;11;12;14;18;19;21;28;29;92;94 59;60;61;62;63;64;65;66;67 0;74;75;76 68;69;70;71;72;73 2;7;15;24;26;27;91;93;95;96;98;99 77;78;79;80;81;82;83;84;85;86;87;88;89;90 30;31;32;33;34;35;36;37;38;39;40;41;42;43;44;45;46;47;48;49;50;51;52;53;54;55;56;57;58 3;4;5;8;13;16;17;20;22;23;25;97 

6
5
0.581072 0 0 0.211886 0.124197 
0.336193 0.232111 0 0 0.251152 
0.00963516 0.0468085 0.312097 0 0.537736 
0.0517279 0.053523 0 0.289786 0.0525739 
0.116682 0.0223905 0 0.0814249 0.343249 
0 0.120012 0.129173 0.630273 0.0950754 
5
5
1 0 0 0 0 
1 1 0 0 0 
1 0 1 0 0 
1 0 0 1 0 
1 0 0 0 1 

1 1 1 0.999784 1 
6
5
0.458577 0 0 0.105943 0.0620985 
0.409728 0.116056 0 0 0.125576 
0.453138 0.0234043 0.156049 0 0.268868 
0.223806 0.0267615 0 0.144893 0.026287 
0.281873 0.0111953 0 0.0407125 0.171625 
0.487267 0.060006 0.0645864 0.315136 0.0475377 

Sample_0 Sample_1 Sample_2 Sample_3 Sample_4 Sample_5 
4 6 5 2 1 

