1 #sols

6
7
0.339482 0.264762 0.163906 0.163166 0 0.0161871 0 
0.418476 0.133333 0.0288684 0 0 0.026465 0.120226 
0.386998 0 0.114491 0 0.0796296 0 0 
0.278794 0.0338462 0.30667 0.222772 0 0.123415 0.0285307 
0.08207 0.00654818 0 0 0 0 0 
0.340648 0.103182 0 0 0.151163 0 0 

Sample_0 Sample_1 Sample_2 Sample_3 Sample_4 Sample_5 
26;27;28;29;30;42;43;44;45;46;47;48;49;50;51;52;53;54;55;56 17;18;19;20;21;22;23;24;25;92 57;58;59;60;61;62;63;64;65;66;67;68;69;70;71;72;73;74;75;76;77;78;79;80;81;82;83;84;85;86;87;88;89;90;91 0;1;2;3;4;5 31;32;33;34;35;36;37;38;39;40;41 6;7;8;9;10;11;12;13;14;15;16 93;94;95;96;97;98;99 

6
5
0.117065 0 0.0323741 0 0.529524 
0.276902 0.240453 0.0529301 0 0.266667 
0.614738 0 0 0.159259 0 
0.186004 0.0570613 0.24683 0 0.0676923 
0.151044 0 0 0 0.0130964 
0.172607 0 0 0.302326 0.206365 
5
5
1 0 0 0 0 
1 1 0 0 0 
1 0 1 0 0 
1 0 0 1 0 
1 0 0 0 1 

1 1 1 1 0.999989 
6
5
0.339482 0 0.0161871 0 0.264762 
0.418476 0.120226 0.026465 0 0.133333 
0.386998 0 0 0.0796296 0 
0.278794 0.0285307 0.123415 0 0.0338462 
0.08207 0 0 0 0.00654818 
0.340648 0 0 0.151163 0.103182 

Sample_0 Sample_1 Sample_2 Sample_3 Sample_4 Sample_5 
0 6 5 4 1 

