1 #sols

5
13
0.233492 0 0 0.333333 0.227723 0.322674 0 0.00437158 0 0.42 0.0134529 0.14 0.189189 
0.211052 0 0.16787 0.524064 0.245098 0.142415 0.141221 0 0 0.115385 0.0534351 0.309091 0.375 
0.283426 0 0.167549 0.277174 0.298077 0.236994 0.0254545 0 0.108491 0.346154 0 0.333333 0.271186 
0.341496 0 0.324701 0.529412 0.253012 0.33631 0.294355 0 0 0.422222 0 0.272727 0.382979 
0.106585 0.10566 0 0.231183 0.243902 0.157738 0 0.175904 0 0.109091 0 0.142857 0.294118 

Sample_0 Sample_1 Sample_2 Sample_3 Sample_4 
7;8;9;10;11;12;14;15;17;18;35;36;37;38;40;42;44;45;46;47;48;50;51;53;54;55;56;57;58 59;69;75;76;78 20;24;25;27;28;29;30;31;32;33;34 96;97;98;99 39;94 4;5;13;16;41;43;52 19;21;22;23;26 60;61;62;63;64;65;66;67;68;70;71;72;73;74;77;79;80 0;1;2;3 49 81;82;83;84;85;86;87;88;89;90;91;92;93 6 95 

5
7
0.631018 0.0269058 0 0.00874317 0 0 0 
0.274947 0.10687 0 0 0.282443 0.33574 0 
0 0 0.216981 0 0.0509091 0.335097 0 
0 0 0 0 0.453821 0.546179 0 
0 0 0 0.351807 0 0 0.211321 
7
7
1 0 0 0 0 0 0 
1 1 0 0 0 0 0 
1 0 1 0 0 0 0 
1 0 0 1 0 0 0 
1 0 0 0 1 0 0 
1 0 0 0 0 1 0 
1 0 0 0 0 0 1 

1 1 0.999991 0.960791 1 0.999313 0.999822 
5
7
0.333333 0.0134529 0 0.00437158 0 0 0 
0.5 0.0534351 0 0 0.141221 0.16787 0 
0.301494 0 0.108491 0 0.0254545 0.167549 0 
0.5 0 0 0 0.22691 0.27309 0 
0.281564 0 0 0.175904 0 0 0.10566 

Sample_0 Sample_1 Sample_2 Sample_3 Sample_4 
3 10 8 7 6 2 1 

