MultiBinom clustering
Convergence threshold: 1.000000
Initial num clusters: 75
kmeans: True

Time taken: 7.744864
ARI: 0.613485
Cluster freq error: 0.007823
Num active clusters: 13
Cluster assignments
8
8
8
8
5
5
11
0
0
0
0
0
0
5
0
0
5
0
0
6
2
6
6
6
2
2
6
2
2
2
2
2
2
2
2
0
0
0
0
4
0
5
0
5
0
0
0
0
0
9
0
0
5
0
0
0
0
0
0
1
7
7
7
7
7
7
7
7
7
1
7
7
7
7
7
1
1
7
1
7
7
10
10
10
10
10
10
10
10
10
10
10
10
10
4
12
3
3
3
3
Alpha posterior values
306.2317 0.0068 0.0000 72.5666 0.0000 32.4891 124.4229 0.0000 0.0000 0.0000 3.9932 0.0000 0.0000 0.0000 22.7812 9.0000 0.0000 0.0000 12.3035 0.0000 0.0000 2.5795 0.0000 5.7030 3.9224 0.0000 0.0000 0.0000 0.0000 0.0000 0.0000 0.0000 0.0000 0.0000 0.0000 0.0000 0.0000 0.0000 0.0000 0.0000 0.0000 0.0000 0.0000 0.0000 0.0000 0.0000 0.0000 0.0000 0.0000 0.0000 0.0000 0.0000 0.0000 0.0000 0.0000 0.0000 0.0000 0.0000 0.0000 0.0000 0.0000 0.0000 0.0000 0.0000 0.0000 0.0000 0.0000 0.0000 0.0000 0.0000 0.0000 0.0000 0.0000 0.0000 0.0000 0.0000 0.0000 0.0000 0.0000 0.0000 0.0000 0.0000 0.0000 0.0000 0.0000 0.0000 0.0000 0.0000 0.0000 0.0000 0.0000 0.0000 0.0000 0.0000 0.0000 0.0000 0.0000 0.0000 0.0000 0.0000
277.3343 0.0000 80.8218 101.5017 0.0000 35.5098 65.1168 0.0000 36.5799 0.0000 0.0000 0.0000 0.0000 0.0000 7.5714 35.0000 0.0000 0.0000 21.6133 0.0000 0.0000 2.3736 12.5983 4.5961 8.3829 0.0000 0.0000 0.0000 0.0000 0.0000 0.0000 0.0000 0.0000 0.0000 0.0000 0.0000 0.0000 0.0000 0.0000 0.0000 0.0000 0.0000 0.0000 0.0000 0.0000 0.0000 0.0000 0.0000 0.0000 0.0000 0.0000 0.0000 0.0000 0.0000 0.0000 0.0000 0.0000 0.0000 0.0000 0.0000 0.0000 0.0000 0.0000 0.0000 0.0000 0.0000 0.0000 0.0000 0.0000 0.0000 0.0000 0.0000 0.0000 0.0000 0.0000 0.0000 0.0000 0.0000 0.0000 0.0000 0.0000 0.0000 0.0000 0.0000 0.0000 0.0000 0.0000 0.0000 0.0000 0.0000 0.0000 0.0000 0.0000 0.0000 0.0000 0.0000 0.0000 0.0000 0.0000 0.0000
361.3248 0.0000 83.1490 54.7352 0.0000 44.7697 99.4215 0.0000 7.0532 0.0000 0.0000 0.0000 0.0000 23.0000 20.6264 0.0000 0.0000 0.0000 23.8711 0.0000 0.0000 3.4786 11.7978 6.8264 8.9463 0.0000 0.0000 0.0000 0.0000 0.0000 0.0000 0.0000 0.0000 0.0000 0.0000 0.0000 0.0000 0.0000 0.0000 0.0000 0.0000 0.0000 0.0000 0.0000 0.0000 0.0000 0.0000 0.0000 0.0000 0.0000 0.0000 0.0000 0.0000 0.0000 0.0000 0.0000 0.0000 0.0000 0.0000 0.0000 0.0000 0.0000 0.0000 0.0000 0.0000 0.0000 0.0000 0.0000 0.0000 0.0000 0.0000 0.0000 0.0000 0.0000 0.0000 0.0000 0.0000 0.0000 0.0000 0.0000 0.0000 0.0000 0.0000 0.0000 0.0000 0.0000 0.0000 0.0000 0.0000 0.0000 0.0000 0.0000 0.0000 0.0000 0.0000 0.0000 0.0000 0.0000 0.0000 0.0000
453.1460 0.0000 147.5746 103.1486 0.0000 40.3054 137.3152 0.0000 72.2393 0.0000 0.0000 0.0000 0.0000 0.0000 22.0961 0.0000 0.0000 0.0000 18.2826 0.0000 0.0000 3.6700 16.1860 6.9764 10.0597 0.0000 0.0000 0.0000 0.0000 0.0000 0.0000 0.0000 0.0000 0.0000 0.0000 0.0000 0.0000 0.0000 0.0000 0.0000 0.0000 0.0000 0.0000 0.0000 0.0000 0.0000 0.0000 0.0000 0.0000 0.0000 0.0000 0.0000 0.0000 0.0000 0.0000 0.0000 0.0000 0.0000 0.0000 0.0000 0.0000 0.0000 0.0000 0.0000 0.0000 0.0000 0.0000 0.0000 0.0000 0.0000 0.0000 0.0000 0.0000 0.0000 0.0000 0.0000 0.0000 0.0000 0.0000 0.0000 0.0000 0.0000 0.0000 0.0000 0.0000 0.0000 0.0000 0.0000 0.0000 0.0000 0.0000 0.0000 0.0000 0.0000 0.0000 0.0000 0.0000 0.0000 0.0000 0.0000
141.9123 59.0172 0.0000 46.5807 0.0000 24.6551 59.1249 0.0000 0.0000 0.0000 114.9828 0.0000 0.0000 0.0000 6.9212 0.0000 0.0000 0.0000 11.8281 0.0000 0.0000 1.4167 0.0000 2.1815 8.3795 0.0000 0.0000 0.0000 0.0000 0.0000 0.0000 0.0000 0.0000 0.0000 0.0000 0.0000 0.0000 0.0000 0.0000 0.0000 0.0000 0.0000 0.0000 0.0000 0.0000 0.0000 0.0000 0.0000 0.0000 0.0000 0.0000 0.0000 0.0000 0.0000 0.0000 0.0000 0.0000 0.0000 0.0000 0.0000 0.0000 0.0000 0.0000 0.0000 0.0000 0.0000 0.0000 0.0000 0.0000 0.0000 0.0000 0.0000 0.0000 0.0000 0.0000 0.0000 0.0000 0.0000 0.0000 0.0000 0.0000 0.0000 0.0000 0.0000 0.0000 0.0000 0.0000 0.0000 0.0000 0.0000 0.0000 0.0000 0.0000 0.0000 0.0000 0.0000 0.0000 0.0000 0.0000 0.0000
Beta posterior values
991.6977 405.0483 490.0763 148.9861 0.0000 113.1425 287.3939 0.0000 209.8175 0.0000 730.9517 0.0000 0.0000 205.0000 39.8564 660.0000 0.0000 0.0000 58.0884 0.0000 0.0000 8.9486 60.1061 16.1005 16.7859 0.0000 0.0000 0.0000 0.0000 0.0000 0.0000 0.0000 0.0000 0.0000 0.0000 0.0000 0.0000 0.0000 0.0000 0.0000 0.0000 0.0000 0.0000 0.0000 0.0000 0.0000 0.0000 0.0000 0.0000 0.0000 0.0000 0.0000 0.0000 0.0000 0.0000 0.0000 0.0000 0.0000 0.0000 0.0000 0.0000 0.0000 0.0000 0.0000 0.0000 0.0000 0.0000 0.0000 0.0000 0.0000 0.0000 0.0000 0.0000 0.0000 0.0000 0.0000 0.0000 0.0000 0.0000 0.0000 0.0000 0.0000 0.0000 0.0000 0.0000 0.0000 0.0000 0.0000 0.0000 0.0000 0.0000 0.0000 0.0000 0.0000 0.0000 0.0000 0.0000 0.0000 0.0000 0.0000
1032.9773 388.7427 411.1703 94.8511 0.0000 121.2188 340.2080 0.0000 221.6733 0.0000 681.2573 0.0000 0.0000 203.0000 53.5086 620.0000 0.0000 0.0000 52.8096 0.0000 0.0000 9.9648 53.1564 17.4686 13.9933 0.0000 0.0000 0.0000 0.0000 0.0000 0.0000 0.0000 0.0000 0.0000 0.0000 0.0000 0.0000 0.0000 0.0000 0.0000 0.0000 0.0000 0.0000 0.0000 0.0000 0.0000 0.0000 0.0000 0.0000 0.0000 0.0000 0.0000 0.0000 0.0000 0.0000 0.0000 0.0000 0.0000 0.0000 0.0000 0.0000 0.0000 0.0000 0.0000 0.0000 0.0000 0.0000 0.0000 0.0000 0.0000 0.0000 0.0000 0.0000 0.0000 0.0000 0.0000 0.0000 0.0000 0.0000 0.0000 0.0000 0.0000 0.0000 0.0000 0.0000 0.0000 0.0000 0.0000 0.0000 0.0000 0.0000 0.0000 0.0000 0.0000 0.0000 0.0000 0.0000 0.0000 0.0000 0.0000
918.0752 394.0709 419.7268 143.1652 0.0000 102.7353 304.7226 0.0000 265.3035 0.0000 724.9291 0.0000 0.0000 189.0000 43.2507 633.0000 0.0000 0.0000 55.6533 0.0000 0.0000 8.1776 54.9697 14.1869 24.0332 0.0000 0.0000 0.0000 0.0000 0.0000 0.0000 0.0000 0.0000 0.0000 0.0000 0.0000 0.0000 0.0000 0.0000 0.0000 0.0000 0.0000 0.0000 0.0000 0.0000 0.0000 0.0000 0.0000 0.0000 0.0000 0.0000 0.0000 0.0000 0.0000 0.0000 0.0000 0.0000 0.0000 0.0000 0.0000 0.0000 0.0000 0.0000 0.0000 0.0000 0.0000 0.0000 0.0000 0.0000 0.0000 0.0000 0.0000 0.0000 0.0000 0.0000 0.0000 0.0000 0.0000 0.0000 0.0000 0.0000 0.0000 0.0000 0.0000 0.0000 0.0000 0.0000 0.0000 0.0000 0.0000 0.0000 0.0000 0.0000 0.0000 0.0000 0.0000 0.0000 0.0000 0.0000 0.0000
851.9008 406.1658 298.7268 94.8776 0.0000 105.3914 272.7865 0.0000 173.0983 0.0000 713.8342 0.0000 0.0000 199.0000 34.9670 639.0000 0.0000 0.0000 48.1793 0.0000 0.0000 8.3194 42.1749 14.3696 16.2084 0.0000 0.0000 0.0000 0.0000 0.0000 0.0000 0.0000 0.0000 0.0000 0.0000 0.0000 0.0000 0.0000 0.0000 0.0000 0.0000 0.0000 0.0000 0.0000 0.0000 0.0000 0.0000 0.0000 0.0000 0.0000 0.0000 0.0000 0.0000 0.0000 0.0000 0.0000 0.0000 0.0000 0.0000 0.0000 0.0000 0.0000 0.0000 0.0000 0.0000 0.0000 0.0000 0.0000 0.0000 0.0000 0.0000 0.0000 0.0000 0.0000 0.0000 0.0000 0.0000 0.0000 0.0000 0.0000 0.0000 0.0000 0.0000 0.0000 0.0000 0.0000 0.0000 0.0000 0.0000 0.0000 0.0000 0.0000 0.0000 0.0000 0.0000 0.0000 0.0000 0.0000 0.0000 0.0000
1160.9642 336.5619 472.3445 151.5058 0.0000 116.0003 347.4254 0.0000 220.2729 0.0000 584.4381 0.0000 0.0000 214.0000 54.3089 660.0000 0.0000 0.0000 63.8983 0.0000 0.0000 10.0803 64.3826 18.6929 20.1239 0.0000 0.0000 0.0000 0.0000 0.0000 0.0000 0.0000 0.0000 0.0000 0.0000 0.0000 0.0000 0.0000 0.0000 0.0000 0.0000 0.0000 0.0000 0.0000 0.0000 0.0000 0.0000 0.0000 0.0000 0.0000 0.0000 0.0000 0.0000 0.0000 0.0000 0.0000 0.0000 0.0000 0.0000 0.0000 0.0000 0.0000 0.0000 0.0000 0.0000 0.0000 0.0000 0.0000 0.0000 0.0000 0.0000 0.0000 0.0000 0.0000 0.0000 0.0000 0.0000 0.0000 0.0000 0.0000 0.0000 0.0000 0.0000 0.0000 0.0000 0.0000 0.0000 0.0000 0.0000 0.0000 0.0000 0.0000 0.0000 0.0000 0.0000 0.0000 0.0000 0.0000 0.0000 0.0000
Cluster phi posterior values
0.2355 0.0000 0.0000 0.3263 0.2202 0.3013 0.0000 0.0042 0.0000 0.3613 0.0121 0.1692 0.1783
0.2112 0.0000 0.1630 0.5171 0.2239 0.1592 0.1393 0.0000 0.0000 0.1171 0.0522 0.2870 0.3705
0.2821 0.0000 0.1641 0.2747 0.3015 0.2449 0.0230 0.0000 0.1055 0.3198 0.0000 0.2971 0.2662
0.3470 0.0000 0.3300 0.5211 0.2743 0.3341 0.2930 0.0000 0.0000 0.3850 0.0000 0.2710 0.3797
0.1083 0.1476 0.0000 0.2330 0.1718 0.1439 0.0000 0.1635 0.0000 0.1060 0.0000 0.1507 0.2887
