1 #sols

4
10
0 0.0600189 0.15493 0 0.323232 0 0.486057 0.0257009 0 0.0113636 
0 0 0.404844 0.214784 0.0789474 0.155031 0.421254 0.165733 0.00961538 0.177778 
0 0.186025 0.498361 0 0 0.309278 0.480515 0.283316 0 0.177778 
0.0902439 0 0.146429 0 0 0 0.330385 0.102222 0.116505 0 

Sample_0 Sample_1 Sample_2 Sample_3 
11;12;13;14;15;16;17;18;19;20;21;22;23;24;25;26;27;28;29;30;31 32;33;34;35;43;44;45;46;47;48;49;50;51;52;53;54;55;56;57;58;59 97;98;99 36;37;38;39;40;41;42 96 86;87;88;89;90;91;92;93;94;95 60;61;62;63;64;65;66;67;68;69;70;71;72;73;74;75;76;77;78;79;80;81;82;83;84;85 0;1;2;3;4;5;6;7;8 10 9 

4
7
0.205612 0 0 0.646465 0 0.120038 0 
0 0.0019798 0.310062 0.157895 0.372572 0 0 
0 0 0.618557 0 0 0.342472 0 
0.247272 0.23301 0 0 0 0 0.180488 
7
7
1 0 0 0 0 0 0 
1 1 0 0 0 0 0 
1 0 1 0 0 0 0 
1 0 0 1 0 0 0 
1 0 0 0 1 0 0 
1 0 0 0 0 1 0 
1 0 0 0 0 0 1 

1 0.999999 1 0.999308 1 1 1 
4
7
0.486057 0 0 0.323232 0 0.0600189 0 
0.421254 0.0009899 0.155031 0.0789474 0.186286 0 0 
0.480515 0 0.309278 0 0 0.171236 0 
0.330385 0.116505 0 0 0 0 0.0902439 

Sample_0 Sample_1 Sample_2 Sample_3 
6 8 5 4 3 1 0 

