1 #sols

4
7
0.0059499 0.1532 0.155673 0.297179 0.497853 0 0.495975 
0 0 0.128919 0.0248284 0.155418 0.0221574 0.212094 
0.200662 0 0 0 0.234875 0 0.456617 
0 0.00369728 0.204099 0 0.21228 0.196503 0.241001 

Sample_0 Sample_1 Sample_2 Sample_3 
0;1;2;20;21;22;23;24;25;26;27;28;29;30;31;32;33;34;35;36;37;38;39;40;41;42 43;44;45;46;47;48;49;50;51;52;53;54;55;56;57;58;59;60;61;62;63;64 87;88;89;90;91;92;93;94;95;96;97;98;99 3;4;5;6;7;8;9;10;11;12;13;14;15 76;77;78;79;80;81;82;83;84;85;86 71;72;73;74;75 16;17;18;19;65;66;67;68;69;70 

4
5
0.0792917 0 0.594357 0.306401 0.0118998 
0.330216 0.0443149 0.0496569 0 0 
0.511911 0 0 0 0.401324 
0.0816015 0.393006 0 0.00739456 0 
5
5
1 0 0 0 0 
1 1 0 0 0 
1 0 1 0 0 
1 0 0 1 0 
1 0 0 0 1 

1 1 1 1 1 
4
5
0.495975 0 0.297179 0.1532 0.0059499 
0.212094 0.0221574 0.0248284 0 0 
0.456617 0 0 0 0.200662 
0.241001 0.196503 0 0.00369728 0 

Sample_0 Sample_1 Sample_2 Sample_3 
6 5 3 1 0 

