1 #sols

5
8
0.454842 0 0 0.137688 0.0661987 0 0.0717059 0.072031 
0.357875 0.00313808 0.00309943 0.239806 0.11034 0.126984 0 0 
0.439992 0.264791 0.26427 0.0759319 0.0328109 0.0425424 0.0111847 0.111803 
0.15195 0.178606 0.145357 0 0 0 0 0 
0.36149 0 0 0.325821 0.155317 0 0.159445 0.0499537 

Sample_0 Sample_1 Sample_2 Sample_3 Sample_4 
76;77;78;79;80;81;82;83;84;94;95;96;97;98;99 91 85;86;87;88;89;90;92;93 49;50;51;52;53;54;55;56 4;5;6;7;8;64;65;66;67;68;69;70;71;72;73;74;75 0;1;2;3 9;10;11;12;13;14;15;16;17;57;58;59;60;61;62;63 18;19;20;21;22;23;24;25;26;27;28;29;30;31;32;33;34;35;36;37;38;39;40;41;42;43;44;45;46;47;48 

5
6
0.489813 0.144062 0.143412 0 0.132397 0 
0.234904 0 0 0.253968 0.220679 0.00619886 
0 0.214503 0.0184276 0.0850848 0.0589132 0.523926 
0.0131864 0 0 0 0 0.290714 
0 0.0999073 0.31889 0 0.310634 0 
6
6
1 0 0 0 0 0 
1 1 0 0 0 0 
1 0 1 0 0 0 
1 0 0 1 0 0 
1 0 0 0 1 0 
1 0 0 0 0 1 

1 1 1 1 1 0.908665 
5
6
0.454842 0.072031 0.0717059 0 0.0661987 0 
0.357875 0 0 0.126984 0.11034 0.00309943 
0.450428 0.107252 0.00921381 0.0425424 0.0294566 0.261963 
0.15195 0 0 0 0 0.145357 
0.364716 0.0499537 0.159445 0 0.155317 0 

Sample_0 Sample_1 Sample_2 Sample_3 Sample_4 
0 7 6 5 4 2 

