1 #sols

6
10
0.0154355 0.31094 0.190034 0 0.122779 0.141844 0.00484262 0.251196 0.299097 0 
0.0668973 0.309665 0.0979253 0.0701595 0 0 0 0.0495283 0.357582 0.283465 
0.183007 0.486792 0.190515 0 0 0.144949 0 0.160804 0.478304 0 
0 0.288747 0 0 0 0 0 0 0.21972 0.195933 
0.122328 0.444685 0.118388 0 0.361564 0.362805 0.0962441 0.162353 0.508048 0 
0.0324022 0.420408 0.349219 0.00318907 0.0659537 0.074392 0 0.293103 0.41159 0 

Sample_0 Sample_1 Sample_2 Sample_3 Sample_4 Sample_5 
0;1;2;3;4;5;6;7;8 32;47;50;53;56 10;11;12;13;14;15;17;18;19;21;22;23 78;79;80;81;82;83;84;85;86;87;88;89;90;91;92;93;94;95;96;97;98;99 31;61;62;63;64;65 24;25;26;27;28;29;30 57;58;59;60 9;16;20;77 33;34;35;36;37;38;39;40;41;42;43;44;45;46;48;49;51;52;54;55 66;67;68;69;70;71;72;73;74;75;76 

6
6
0.0552445 0 0.502392 0.00968523 0 0.030871 
0 0.500546 0.0561048 0 0.119545 0.0956286 
0.268987 0 0.321608 0 0 0.366013 
0.0475725 0.391867 0 0 0 0 
0.23815 0 0.324706 0.192488 0 0.244656 
0.16579 0 0.586207 0 0.00637813 0.0648045 
6
6
1 0 0 0 0 0 
1 1 0 0 0 0 
1 0 1 0 0 0 
1 0 0 1 0 0 
1 0 0 0 1 0 
1 0 0 0 0 1 

1 0.938013 0.975405 1 1 1 
6
6
0.299097 0 0.251196 0.00484262 0 0.0154355 
0.385912 0.250273 0.0280524 0 0.0597724 0.0478143 
0.478304 0 0.160804 0 0 0.183007 
0.21972 0.195933 0 0 0 0 
0.5 0 0.162353 0.0962441 0 0.122328 
0.41159 0 0.293103 0 0.00318907 0.0324022 

Sample_0 Sample_1 Sample_2 Sample_3 Sample_4 Sample_5 
8 9 7 6 3 0 

