1 #sols

6
10
0 0.121369 0 0.0286678 0 0.136991 0 0.0758929 0.158598 0.0545455 
0 0 0.0551724 0 0 0.0621728 0.0366667 0 0.238474 0.0610329 
0.312957 0.115692 0.277966 0 0 0.120054 0.370968 0.0727802 0.350937 0.137931 
0.120431 0 0.255725 0 0.137255 0 0.217857 0 0.348315 0 
0 0 0 0 0 0.032523 0 0 0.0140406 0.026455 
0 0 0 0 0.201835 0 0 0 0.277129 0.0046729 

Sample_0 Sample_1 Sample_2 Sample_3 Sample_4 Sample_5 
52;53;54;55;56;57;58;59;60;61;62;63;64;65;66;67;68;69;70;71;72;73;74;75;76;77 25;27;28;29;31;32;34;36;37;38;39;40;41;42;45;46 90;91;92 0;1;2;3;4;5 86 8;9;10;11;12;13;14;15;16;17;18;20;21;22;23;24;78;79;80;81;82;83;84;85;93;94;95;96;97;98 87;88;89 26;30;33;35;43;44;47 6;7;48;49;50;51 19;99 

6
5
0 0.151786 0.0303191 0 0.21841 
0.366603 0 0 0.110345 0 
0 0.101402 0 0.430981 0.193213 
0.185179 0 0 0.51145 0 
0.0280811 0 0 0 0 
0.554257 0 0 0 0 
5
5
1 0 0 0 0 
1 1 0 0 0 
1 0 1 0 0 
1 0 0 1 0 
1 0 0 0 1 

1 0.999343 0.998425 0.977217 0.988618 
6
5
0.200257 0.0758929 0.0151595 0 0.109205 
0.238474 0 0 0.0551724 0 
0.362798 0.0507008 0 0.215491 0.0966066 
0.348315 0 0 0.255725 0 
0.0140406 0 0 0 0 
0.277129 0 0 0 0 

Sample_0 Sample_1 Sample_2 Sample_3 Sample_4 Sample_5 
8 7 3 2 1 

