1 #sols

4
8
0 0 0 0 0.0387597 0.0652174 0.444737 0.0357483 
0.0466667 0 0.0952381 0.0168539 0.352863 0.177778 0.404199 0 
0 0 0.206304 0.0373832 0.0377095 0 0.258917 0 
0.0945946 0 0 0.279373 0.40638 0 0.428377 0.0238541 

Sample_0 Sample_1 Sample_2 Sample_3 
84;85;86;87;88;89;90;91;92;93 4 78;79;80;81;82;83;99 0;1;94;95;96;97;98 46;47;48;49;50;51;52;53;54;55;56;57;58;59;60 61;62 63;64;65;66;67;68;69;70;71;72;73;74;75;76;77 2;3;5;6;7;8;9;10;11;12;13;14;15;16;17;18;19;20;21;22;23;24;25;26;27;28;29;30;31;32;33;34;35;36;37;38;39;40;41;42;43;44;45 

4
7
0.687542 0.0714967 0.130435 0 0 0 0 
0.135326 0 0.355556 0.0337079 0.190476 0 0.0933333 
0.0304597 0 0 0.0747664 0.412607 0 0 
0.061109 0.0477081 0 0.558747 0 0 0.189189 
7
7
1 0 0 0 0 0 0 
1 1 0 0 0 0 0 
1 0 1 0 0 0 0 
1 0 0 1 0 0 0 
1 0 0 0 1 0 0 
1 0 0 0 0 1 0 
1 0 0 0 0 0 1 

1 1 0.999993 1 0.970859 0.999999 1 
4
7
0.444737 0.0357483 0.0652174 0 0 0 0 
0.404199 0 0.177778 0.0168539 0.0952381 0 0.0466667 
0.258917 0 0 0.0373832 0.206304 0 0 
0.428377 0.0238541 0 0.279373 0 0 0.0945946 

Sample_0 Sample_1 Sample_2 Sample_3 
6 7 5 3 2 1 0 

