1 #sols

6
11
0.0201729 0 0.151899 0 0.142857 0.100784 0 0.212264 0.135474 0.190141 0 
0 0 0 0 0.180851 0 0.0544218 0.260116 0.0895731 0.0253165 0.017094 
0 0.30312 0.0452675 0 0.357143 0.116757 0.248366 0.331707 0.102384 0.157233 0.431193 
0 0.121701 0 0.12766 0.336283 0 0.314103 0.372973 0 0 0.22549 
0 0 0 0 0.0258621 0 0 0 0.0300489 0.0363636 0 
0 0 0 0.289474 0.494505 0 0 0.251397 0 0 0 

Sample_0 Sample_1 Sample_2 Sample_3 Sample_4 Sample_5 
0;1;2;3;4;5 52;53;54;55;56;57;58;59;60;61;62;63;64;65;66;67;68;69;70;71;72;73;74;75;76;77;87 27;29;36;37;39 86 7;48 25;26;28;30;31;32;33;34;35;38;40;41;42;43;44;45;46;47;94 88;90;91 6;49;50;51 8;9;10;11;12;13;14;15;16;18;19;20;21;22;23;24;79;81;82;83;84;85;93;95;96;97;98;99 17;78;80 89;92 

6
5
0.0438007 0.201568 0 0 0.0403458 
0.361702 0 0 0 0 
0 0.233514 0 0.606241 0 
0.173845 0 0.255319 0.243402 0 
0.0517241 0 0 0 0 
0.410064 0 0.578947 0 0 
5
5
1 0 0 0 0 
1 1 0 0 0 
1 0 1 0 0 
1 0 0 1 0 
1 0 0 0 1 

1 0.923075 0.808089 0.887856 0.993734 
6
5
0.142857 0.100784 0 0 0.0201729 
0.180851 0 0 0 0 
0.419877 0.116757 0 0.30312 0 
0.336283 0 0.12766 0.121701 0 
0.0258621 0 0 0 0 
0.494505 0 0.289474 0 0 

Sample_0 Sample_1 Sample_2 Sample_3 Sample_4 Sample_5 
4 5 3 1 0 

