gene_id	Sample_0	Sample_0	Sample_1	Sample_1	Sample_2	Sample_2	Sample_3	Sample_3	Sample_4	Sample_4
75;76;77;78;79;80;81;82;83;84;85;86;87;88;89;90;91;92;93;96;97;98	17449	4426	21935	0	22130	0	22041	0	17393	4700
99	1032	0	822	137	940	90	978	0	1036	0
23;24;70;71;72;73;74	6788	39	5560	1508	6403	598	6475	695	6191	766
41;50;52;56;63;66	3167	2812	3660	2377	3375	2624	5101	910	3428	2486
25;26;27;28;29;30;32;33;34;35;36;37;38	11415	1432	8964	3895	9143	3803	11787	1189	11022	1979
39;40;42;43;44;45;46;47;48;49;51;53;54;55;57;58;59;60;61;62;64;65;67;68;69	13616	11242	16021	9217	14203	10825	21668	3520	14837	10245
15;16;17;18;19;20;21;22	7944	0	7430	437	7839	0	7130	840	7975	0
0;1;2;3;4;5;6;7;8;9;10;11;12;13;14	13005	1921	14211	1069	14915	0	14246	634	15178	0
94;95	1796	169	1852	186	1596	426	1972	0	1907	0
31	885	125	643	270	682	298	854	115	835	133
