1 #sols

5
10
0.202331 0 0.00571261 0.470313 0.111466 0.452249 0 0.128702 0.0860051 0.123762 
0 0.142857 0.213356 0.393739 0.302901 0.365203 0.0555485 0.0699607 0.0912659 0.295728 
0 0.0873786 0.0854164 0.437406 0.293759 0.432516 0 0 0.210682 0.304082 
0 0 0.0969317 0.151389 0.0916307 0.139749 0.105395 0.0426075 0 0.118679 
0.212737 0 0.110105 0.420358 0.152219 0.40846 0 0 0 0.137397 

Sample_0 Sample_1 Sample_2 Sample_3 Sample_4 
75;76;77;78;79;80;81;82;83;84;85;86;87;88;89;90;91;92;93;96;97;98 99 23;24;70;71;72;73;74 41;50;52;56;63;66 25;26;27;28;29;30;32;33;34;35;36;37;38 39;40;42;43;44;45;46;47;48;49;51;53;54;55;57;58;59;60;61;62;64;65;67;68;69 15;16;17;18;19;20;21;22 0;1;2;3;4;5;6;7;8;9;10;11;12;13;14 94;95 31 

5
7
0.0310347 0.0755146 0.17201 0 0 0.257403 0.404663 
0.056099 0.0121136 0.182532 0.111097 0.285714 0.139921 0 
0.266649 0.012041 0.421365 0 0.174757 0 0 
0 0.014953 0 0.21079 0 0.0770348 0 
0.140449 0.274793 0 0 0 0 0.425474 
7
7
1 0 0 0 0 0 0 
1 1 0 0 0 0 0 
1 1 1 0 0 0 0 
1 1 0 1 0 0 0 
1 1 0 0 1 0 0 
1 0 0 0 0 1 0 
1 0 0 0 0 0 1 

1 0.996509 0.999391 0.901431 1 1 1 
5
7
0.470313 0.123762 0.0860051 0 0 0.128702 0.202331 
0.393739 0.295728 0.0912659 0.0555485 0.142857 0.0699607 0 
0.437406 0.304082 0.210682 0 0.0873786 0 0 
0.151389 0.112872 0 0.105395 0 0.0385174 0 
0.420358 0.137397 0 0 0 0 0.212737 

Sample_0 Sample_1 Sample_2 Sample_3 Sample_4 
3 9 8 6 1 7 0 

