1 #sols

6
7
0.16442 0 0.133164 0.179167 0.100756 0.136905 0.0201729 
0.194969 0.00605327 0.0935629 0.0278884 0 0 0 
0.298343 0.306592 0.103788 0.128302 0.124396 0.0470588 0 
0.327536 0.146732 0 0 0 0 0 
0.00791557 0 0.0285929 0.0411985 0 0 0 
0.327922 0 0 0 0 0 0 

Sample_0 Sample_1 Sample_2 Sample_3 Sample_4 Sample_5 
6;7;48;49;50;51;86 52;53;54;55;56;57;58;59;60;61;62;63;64;65;66;67;68;69;70;71;72;73;74;75;76;77;87;88;89;90;91;92 8;9;10;12;14;15;16;18;19;20;21;22;23;24;79;81;82;83;84;85;93;95;96;97;98;99 11;13;17;78;80 25;26;28;30;31;32;35;38;40;41;42;43;44;45;46;47;94 27;29;33;34;36;37;39 0;1;2;3;4;5 

6
4
0 0.0148714 0.271024 0.152166 
0.389937 0 0 0 
0.253775 0 0.0941176 0.248792 
0.655072 0 0 0 
0.0158311 0 0 0 
0.655844 0 0 0 
4
4
1 0 0 0 
1 1 0 0 
1 0 1 0 
1 0 0 1 

1 0.900251 0.844174 0.991444 
6
4
0.219031 0.00743572 0.135512 0.0760832 
0.194969 0 0 0 
0.298343 0 0.0470588 0.124396 
0.327536 0 0 0 
0.00791557 0 0 0 
0.327922 0 0 0 

Sample_0 Sample_1 Sample_2 Sample_3 Sample_4 Sample_5 
0 6 5 4 

