1 #sols

6
8
0.338366 0 0.132184 0 0 0 0 0.348315 
0.423903 0.216183 0 0 0.0877193 0 0.218876 0.371287 
0.430871 0 0 0.0647558 0.0501672 0 0.0728543 0.14 
0.449862 0 0 0.0444368 0.195719 0.111623 0 0.39823 
0.394886 0 0.0336207 0 0 0 0 0.185 
0.240708 0.19852 0 0 0 0.0395928 0.179671 0.242105 

Sample_0 Sample_1 Sample_2 Sample_3 Sample_4 Sample_5 
0;1;2;3;4;5;6;7;8;9;10 70;71;72;73;74;75;76;77;78;79;80;81;82;83;84;85;86;87;88;89;90;91;92;93 52;53;54;55;56;57;58;59;60;61;62;63 13;14;15;16;17;18;19;30;31;32;33;34;35;36;37;38;39;40;41;42;43;44;45;46;47;48;49;50;51 94;95;96 64;65;66;67;68;69;97;98;99 20;21;22;23;24;25;26;27;28;29 11;12 

6
6
0.432261 0 0 0 0.264368 0 
0.134771 0 0.175439 0 0 0.432365 
0.0501539 0 0.100334 0.129512 0 0 
0.0929042 0.223245 0.391437 0.0888736 0 0 
0.302759 0 0 0 0.0672414 0 
0.00798432 0.0791855 0 0 0 0.397041 
6
6
1 0 0 0 0 0 
1 1 0 0 0 0 
1 0 1 0 0 0 
1 0 0 1 0 0 
1 0 0 0 1 0 
1 0 0 0 0 1 

1 1 0.999728 0.999903 1 0.929039 
6
6
0.348315 0 0 0 0.132184 0 
0.371287 0 0.0877193 0 0 0.216183 
0.14 0 0.0501672 0.0647558 0 0 
0.39823 0.111623 0.195719 0.0444368 0 0 
0.185 0 0 0 0.0336207 0 
0.242105 0.0395928 0 0 0 0.19852 

Sample_0 Sample_1 Sample_2 Sample_3 Sample_4 Sample_5 
7 5 4 3 2 1 

