1 #sols

6
9
0.309253 0.18623 0.173403 0.123856 0.122027 0 0.0166229 0.0139135 0 
0.345394 0.0852644 0.0759269 0 0 0.267288 0.0840777 0 0.0800235 
0.482877 0.177533 0.187107 0.116991 0 0 0.187102 0 0 
0.229605 0 0 0 0 0.227302 0 0 0 
0.499881 0.115108 0.136547 0.366854 0.376249 0 0.117674 0.112907 0 
0.431406 0.355044 0.345517 0.0765082 0.0583471 0 0.0367721 0 0.00325673 

Sample_0 Sample_1 Sample_2 Sample_3 Sample_4 Sample_5 
32;33;34;35;36;37;38;39;40;41;42;43;44;45;46;47;48;49;50;51;52;53;54;55;56 9;10;11;12;13;14;16;17;19;20;22;77 15;18;21;23 24;25;26;27;28;29;30 31;61;62;63;64;65 66;67;68;69;70;71;72;73;74;75;76 0;1;2;3;4;5;6;7;8 57;58;59;60 78;79;80;81;82;83;84;85;86;87;88;89;90;91;92;93;94;95;96;97;98;99 

6
5
0.184973 0 0.027827 0.0332458 0.37246 
0.192056 0.160047 0 0.168155 0.170529 
0.236485 0 0 0.374204 0.355065 
0.459211 0 0 0 0 
0.308383 0 0.225815 0.235347 0.230216 
0.0726652 0.00651346 0 0.0735442 0.710089 
5
5
1 0 0 0 0 
1 1 0 0 0 
1 0 1 0 0 
1 0 0 1 0 
1 0 0 0 1 

1 1 1 1 1 
6
5
0.309253 0 0.0139135 0.0166229 0.18623 
0.345394 0.0800235 0 0.0840777 0.0852644 
0.482877 0 0 0.187102 0.177533 
0.229605 0 0 0 0 
0.499881 0 0.112907 0.117674 0.115108 
0.431406 0.00325673 0 0.0367721 0.355044 

Sample_0 Sample_1 Sample_2 Sample_3 Sample_4 Sample_5 
0 8 7 6 1 

