gene_id	Sample_0	Sample_0	Sample_1	Sample_1	Sample_2	Sample_2	Sample_3	Sample_3	Sample_4	Sample_4	Sample_5	Sample_5
32;33;34;35;36;37;38;39;40;41;42;43;44;45;46;47;48;49;50;51;52;53;54;55;56	17469	7821	16392	8649	12805	11957	19246	5736	12561	12555	14042	10654
9;10;11;12;13;14;16;17;19;20;22;77	9810	2245	11211	1045	9840	2124	11928	0	10701	1392	7684	4230
15;18;21;23	3313	695	3639	299	3228	743	3907	0	3421	541	2650	1399
24;25;26;27;28;29;30	6126	866	7084	0	6257	829	7116	0	4508	2612	6506	539
31;61;62;63;64;65	5353	744	5893	0	6074	0	5985	0	3682	2221	5697	353
66;67;68;69;70;71;72;73;74;75;76	11002	0	8095	2953	11069	0	8536	2511	10939	0	10978	0
0;1;2;3;4;5;6;7;8	8992	152	8203	753	7273	1674	8907	0	7813	1042	8618	329
57;58;59;60	3898	55	3995	0	3952	0	4017	0	3457	440	4045	0
78;79;80;81;82;83;84;85;86;87;88;89;90;91;92;93;94;95;96;97;98;99	21916	0	20383	1773	22020	0	22075	0	22042	0	21730	71
