1 #sols

6
12
0.0205279 0 0 0.164659 0.271523 0 0.256351 0.156915 0.492188 0.169847 0.282051 0 
0 0.133766 0 0 0.164384 0 0 0 0.142857 0 0.111111 0 
0 0.290148 0.0357143 0 0.34375 0.0295359 0.0284464 0.0166667 0.412 0.0304348 0.333333 0.0261438 
0.180723 0 0 0.0112583 0 0.00374532 0 0 0.287805 0.0284553 0 0.0347222 
0 0 0 0.275353 0 0 0.219149 0.152709 0.230159 0.271605 0 0 
0.0122324 0 0.196078 0 0.10625 0 0 0 0.454128 0 0.3 0.158273 

Sample_0 Sample_1 Sample_2 Sample_3 Sample_4 Sample_5 
93;94;95;96;97;98;99 23;24;25;26;27;28;29;30;31;32;33;34;35;36;37 44;46;48;49 5;11;12;38;39;40;42;54;55;56;57;58;60;62;63;68;70;72;73;74;75;76;78;80;84;85;86;87;88;92 50;51;53 18;19;20;21;22 4;7;61;64;69;71;82;83;90 6;8;9;10;13;14;15;16 0;1;2;3;17 41;59;65;66;67;77;79;81;89;91 52 43;45;47 

6
6
0.629489 0 0.31383 0 0 0.0410557 
0.285714 0 0 0 0 0 
0.607879 0.0522876 0.0333333 0.0590717 0.0714286 0 
0.137229 0.0694444 0 0.00749064 0 0.361446 
0.154899 0 0.305419 0 0 0 
0.175088 0.316547 0 0 0.392157 0.0244648 
6
6
1 0 0 0 0 0 
1 1 0 0 0 0 
1 0 1 0 0 0 
1 0 0 1 0 0 
1 0 0 0 1 0 
1 0 0 0 0 1 

1 1 0.993558 1 1 0.998021 
6
6
0.492188 0 0.156915 0 0 0.0205279 
0.142857 0 0 0 0 0 
0.412 0.0261438 0.0166667 0.0295359 0.0357143 0 
0.287805 0.0347222 0 0.00374532 0 0.180723 
0.230159 0 0.152709 0 0 0 
0.454128 0.158273 0 0 0.196078 0.0122324 

Sample_0 Sample_1 Sample_2 Sample_3 Sample_4 Sample_5 
8 11 7 5 2 0 

