gene_id	Sample_0	Sample_0	Sample_1	Sample_1	Sample_2	Sample_2	Sample_3	Sample_3	Sample_4	Sample_4	Sample_5	Sample_5
93;94;95;96;97;98;99	334	7	329	0	351	0	272	60	367	0	323	4
23;24;25;26;27;28;29;30;31;32;33;34;35;36;37	756	0	667	103	526	215	695	0	730	0	736	0
44;46;48;49	209	0	212	0	189	7	216	0	167	0	164	40
5;11;12;38;39;40;42;54;55;56;57;58;60;62;63;68;70;72;73;74;75;76;78;80;84;85;86;87;88;92	1248	246	1460	0	1503	0	1493	17	1079	410	1483	0
50;51;53	110	41	122	24	84	44	141	0	158	0	143	17
18;19;20;21;22	263	0	257	0	230	7	266	1	246	0	275	0
4;7;61;64;69;71;82;83;90	322	111	478	0	444	13	464	0	367	103	434	0
6;8;9;10;13;14;15;16	317	59	380	0	413	7	432	0	344	62	422	0
0;1;2;3;17	130	126	222	37	147	103	146	59	194	58	119	99
41;59;65;66;67;77;79;81;89;91	435	89	496	0	446	14	478	14	354	132	542	0
52	28	11	32	4	48	24	46	0	49	0	35	15
43;45;47	153	0	155	0	149	4	139	5	142	0	117	22
