gene_id	Sample_0	Sample_0	Sample_1	Sample_1	Sample_2	Sample_2	Sample_3	Sample_3	Sample_4	Sample_4
49;63;65	110	36	132	5	121	20	154	0	79	70
20;21;22;23;88	263	0	176	84	201	52	250	0	239	0
24;25;26;27;28;29;31;33;34;35;36;37;75;76;77;78;79;80;81;82;83;84;85;86;87	1128	122	1273	0	1274	0	1226	5	734	499
7;8;9;10;11;12;13	298	34	371	0	328	4	246	122	346	7
45;48;50;51;57;58;61;67;69;70;72	325	208	548	0	399	117	541	3	298	243
38;39;40;41;42;43;44	350	9	337	0	380	1	316	0	352	0
59	42	22	48	0	41	11	57	0	41	18
89;90;91;92;93;94;95;96;97;98;99	387	163	588	0	433	143	569	0	540	15
46;47;52;53;54;55;56;60;62;64;66;68;71;73;74	470	306	735	28	576	162	756	1	450	287
30;32	100	10	110	0	99	0	108	2	81	22
0;1;2;3;4;5;6;14;15;16;17;18;19	336	317	476	234	319	331	358	240	303	299
