1 #sols

5
11
0.246575 0 0.0976 0.10241 0.390244 0.0250696 0.34375 0.296364 0.39433 0.0909091 0.485452 
0.0364964 0.323077 0 0 0 0 0 0 0.0366972 0 0.329577 
0.141844 0.205534 0 0.0120482 0.226744 0.00262467 0.211538 0.248264 0.219512 0 0.509231 
0 0 0.00406174 0.331522 0.00551471 0 0 0 0.001321 0.0181818 0.401338 
0.469799 0 0.404704 0.01983 0.449168 0 0.305085 0.027027 0.389417 0.213592 0.496678 

Sample_0 Sample_1 Sample_2 Sample_3 Sample_4 
49;63;65 20;21;22;23;88 24;25;26;27;28;29;31;33;34;35;36;37;75;76;77;78;79;80;81;82;83;84;85;86;87 7;8;9;10;11;12;13 45;48;50;51;57;58;61;67;69;70;72 38;39;40;41;42;43;44 59 89;90;91;92;93;94;95;96;97;98;99 46;47;52;53;54;55;56;60;62;64;66;68;71;73;74 30;32 0;1;2;3;4;5;6;14;15;16;17;18;19 

5
5
0 0.152314 0.592727 0.0501393 0.204819 
0.659155 0 0 0 0 
0.474126 0 0.496528 0.00524934 0.0240964 
0.103268 0.0363636 0 0 0.663043 
0.472457 0.427184 0.0540541 0 0.0396601 
5
5
1 0 0 0 0 
1 1 0 0 0 
1 0 1 0 0 
1 0 0 1 0 
1 0 0 0 1 

1 1 1 1 0.985229 
5
5
0.5 0.0761571 0.296364 0.0250696 0.10241 
0.329577 0 0 0 0 
0.5 0 0.248264 0.00262467 0.0120482 
0.401338 0.0181818 0 0 0.331522 
0.496678 0.213592 0.027027 0 0.01983 

Sample_0 Sample_1 Sample_2 Sample_3 Sample_4 
10 9 7 5 3 

