gene_id	Sample_0	Sample_0	Sample_1	Sample_1	Sample_2	Sample_2	Sample_3	Sample_3
0;1;2;3;4;5;6;7;8;9;10;11;12;13;14;42;43;44;45;46;47	945	102	1042	2	1107	0	1020	0
68;73;79	119	22	153	12	162	1	133	33
49;51;56	127	0	123	33	147	0	128	25
57;58;59;60;61;62;63;64;65;91;92;93;94;95;96;97;98;99	847	51	742	145	890	0	914	3
18;19;23;24;25;28;30	349	0	338	0	334	14	298	58
31;32;33;34;35;36;37;38;39;40;41	331	197	352	185	296	227	351	225
15;16;17	131	19	162	0	119	19	136	0
20;21;22;26;27;29	290	0	301	0	283	3	278	24
66;67;72;77;80;83;85;87;88;89	397	87	386	110	490	8	439	76
69;70;71;74;75;76;78;81;82;84;86;90	500	101	513	65	594	12	552	67
48;50;52;53;54;55	323	0	244	48	299	0	189	89
