gene_id	Sample_0	Sample_0	Sample_1	Sample_1	Sample_2	Sample_2	Sample_3	Sample_3	Sample_4	Sample_4	Sample_5	Sample_5
0;1;2;3;4;5;6;7;8;9;10;49;50;51;52;53;54	16832	0	16419	535	17027	0	17058	0	15876	1290	17216	0
27;28;29;30;31;32;33;34;35;36;37;38;39;40;41;42;43;44;45;46;47;48	21981	0	19090	2889	21885	0	22024	0	22147	0	20115	1735
96;97;98;99	3975	0	3930	55	3988	0	2090	1894	3920	0	3980	0
91;92;93;94;95	4923	0	5014	0	3799	1199	4804	78	5023	0	5036	0
57;58;59;60;61;62;63;64;65;66;67;68;69;70;71;72;73;74;75;76;77;78;79;80;81;82;83;84;85;86;87	22235	8622	25390	5664	18270	12583	15944	14933	26971	4337	22134	8927
55;56	1677	317	1923	0	1709	278	1955	0	1798	141	1812	245
23	867	94	867	157	897	50	977	0	973	0	962	70
11;12;13;14;15;16;17;18;19;20;21	9736	1171	9314	1614	7945	3011	5629	5340	10793	0	9342	1645
88;89;90	2571	500	2899	0	3026	0	2944	0	2791	181	2628	375
22;24;25;26	3718	263	3393	529	3805	163	3990	0	3826	0	3673	322
