1 #sols

6
12
0 0 0.135802 0 0.211055 0 0.175325 0.16 0.0408805 0.120805 0.282129 0.0392157 
0.0279871 0.0153061 0.144781 0 0.196809 0.114818 0 0 0.154098 0.131579 0.181203 0.176471 
0 0 0.232877 0.250996 0.440594 0 0 0.163793 0.0280374 0.335616 0.398674 0.300971 
0 0.476636 0.465465 0.0321285 0.601093 0 0 0 0 0.535211 0.476052 0.44 
0.0699881 0 0 0 0.108108 0 0.0909091 0.0612245 0 0 0.136195 0 
0 0 0.12381 0 0.303483 0.0886878 0.125828 0.147059 0.0694444 0.119205 0.264521 0.209877 

Sample_0 Sample_1 Sample_2 Sample_3 Sample_4 Sample_5 
0;1;2;3;4;5;6;7;8;9;10;49;50;51;52;53;54 96;97;98;99 11;13;17;18;19;21 91;92;93;94;95 59;71;78;81 27;28;29;30;31;32;33;34;35;36;37;38;39;40;41;42;43;44;45;46;47 88;89;90 55;56 22;23;24;25;26;48 15;16;20 57;58;60;61;62;63;64;65;66;67;68;69;70;72;73;74;75;76;77;79;80;82;83;84;85;86;87 12;14 

6
6
0 0.27935 0.350649 0 0 0 
0.076795 0 0 0.229637 0 0.0559742 
0 0.327586 0 0 0.501992 0 
0.887847 0 0 0 0.064257 0 
0 0.0420086 0.181158 0 0 0.100381 
0 0.152603 0.251656 0.137518 0 0 
6
6
1 0 0 0 0 0 
1 1 0 0 0 0 
1 0 1 0 0 0 
1 0 0 1 0 0 
1 0 0 0 1 0 
1 0 0 0 0 1 

1 0.984104 0.929373 0.999996 0.999997 1 
6
6
0.315 0.139675 0.175325 0 0 0 
0.181203 0 0 0.114818 0 0.0279871 
0.414789 0.163793 0 0 0.250996 0 
0.476052 0 0 0 0.0321285 0 
0.161774 0.0210043 0.0905791 0 0 0.0501906 
0.270889 0.0763015 0.125828 0.0687591 0 0 

Sample_0 Sample_1 Sample_2 Sample_3 Sample_4 Sample_5 
10 7 6 5 3 0 

