gene_id	Sample_0	Sample_0	Sample_1	Sample_1	Sample_2	Sample_2	Sample_3	Sample_3	Sample_4	Sample_4	Sample_5	Sample_5
0;1;2;3;4;5;6;7;8;9;10;49;50;51;52;53;54	820	0	903	26	826	0	831	0	784	59	884	0
96;97;98;99	202	0	193	3	207	0	112	102	178	0	193	0
11;13;17;18;19;21	280	44	254	43	224	68	178	155	270	0	276	39
91;92;93;94;95	226	0	276	0	188	63	241	8	237	0	231	0
59;71;78;81	157	42	151	37	113	89	73	110	165	20	140	61
27;28;29;30;31;32;33;34;35;36;37;38;39;40;41;42;43;44;45;46;47	1032	0	902	117	1063	0	1050	0	1052	0	1007	98
88;89;90	127	27	155	0	139	0	148	0	130	13	132	19
55;56	84	16	85	0	97	19	90	0	92	6	87	15
22;23;24;25;26;48	305	13	258	47	312	9	286	0	300	0	268	20
15;16;20	131	18	132	20	97	49	66	76	151	0	133	18
57;58;60;61;62;63;64;65;66;67;68;69;70;72;73;74;75;76;77;79;80;82;83;84;85;86;87	944	371	1089	241	816	541	722	656	1167	184	937	337
12;14	98	4	84	18	72	31	56	44	103	0	64	17
