1 #sols

4
7
0.469864 0.00690608 0.130894 0.00915332 0.306122 0.165029 0.358491 
0.380413 0.157382 0.178498 0.0134831 0 0.231183 0 
0.439088 0.00669344 0.000648508 0.0897704 0.304094 0.158845 0.231481 
0.188454 0 0 0 0 0 0.178571 

Sample_0 Sample_1 Sample_2 Sample_3 
57;58;59;60;61;62;63;64;65;66;67;68;69;70;71;72;73;74;75;76;77;78;79;80;81;82;83;84;85;86;87 0;1;2;3;4;5;6;7;8;9;10;51;52;53;54 22;23;24;25;26;27;28;29;30;31;32;33;34;35;36;37;38;39;40;41;42;43;44;45;46;47;48;49;50 91;92;93;94;95;96;97;98;99 88;89;90 11;12;13;14;15;16;17;18;19;20;21 55;56 

4
5
0.0335766 0.612245 0.0183066 0.261787 0.0138122 
0.0621014 0 0.0269663 0.356995 0.314763 
0.0757642 0.608187 0.179541 0.00129702 0.0133869 
0.376908 0 0 0 0 
5
5
1 0 0 0 0 
1 1 0 0 0 
1 0 1 0 0 
1 0 0 1 0 
1 0 0 0 1 

1 0.999684 1 1 1 
4
5
0.469864 0.306122 0.00915332 0.130894 0.00690608 
0.380413 0 0.0134831 0.178498 0.157382 
0.439088 0.304094 0.0897704 0.000648508 0.00669344 
0.188454 0 0 0 0 

Sample_0 Sample_1 Sample_2 Sample_3 
0 4 3 2 1 

