1 #sols

5
7
0.481944 0.139276 0 0 0.0631342 0.0701416 0.0581683 
0.3249 0.231527 0.00678733 0.112745 0.131841 0 0 
0.432394 0.0807601 0.246377 0.0682731 0.0308422 0.116324 0.0075188 
0.162127 0 0.125828 0 0 0 0 
0.370224 0.325815 0 0 0.147864 0.0578625 0.144399 

Sample_0 Sample_1 Sample_2 Sample_3 Sample_4 
76;77;78;79;80;81;82;83;84;94;95;96;97;98;99 49;50;51;52;53;54;55;56 85;86;87;88;89;90;91;92;93 0;1;2;3 4;5;6;7;8;64;65;66;67;68;69;70;71;72;73;74;75 18;19;20;21;22;23;24;25;26;27;28;29;30;31;32;33;34;35;37;38;39;40;41;42;43;45;46;47;48;57;61 9;10;11;12;13;14;15;16;17;36;44;58;59;60;62;63 

5
6
0.581001 0.116337 0.140283 0.126268 0 0 
0.147054 0 0 0.263682 0.22549 0.0135747 
0 0.00511241 0.232648 0.0369391 0.136546 0.492754 
0.0725986 0 0 0 0 0.251656 
0.0401957 0.288799 0.115725 0.295728 0 0 
6
6
1 0 0 0 0 0 
1 1 0 0 0 0 
1 0 1 0 0 0 
1 0 0 1 0 0 
1 0 0 0 1 0 
1 0 0 0 0 1 

1 1 1 1 1 0.956832 
5
6
0.481944 0.0581683 0.0701416 0.0631342 0 0 
0.3249 0 0 0.131841 0.112745 0.00678733 
0.452 0.00255621 0.116324 0.0184695 0.0682731 0.246377 
0.162127 0 0 0 0 0.125828 
0.370224 0.144399 0.0578625 0.147864 0 0 

Sample_0 Sample_1 Sample_2 Sample_3 Sample_4 
0 6 5 4 3 2 

