gene_id	Sample_0	Sample_0	Sample_1	Sample_1	Sample_2	Sample_2	Sample_3	Sample_3	Sample_4	Sample_4
45;48;50;51;57;58;59;61;62;64;67;69;70;71;72;74	488	321	805	4	601	166	809	4	449	340
24;25;26;27;28;29;30;31;32;33;34;35;36;37;75;76;77;78;79;80;81;82;83;84;85;86;87	1228	132	1383	0	1373	0	1334	7	815	521
7;8;9;10;11;12;13	298	34	371	0	328	4	246	122	346	7
20;21;22;23;88	263	0	176	84	201	52	250	0	239	0
38;39;40;41;42;43;44	350	9	337	0	380	1	316	0	352	0
0;1;2;3;4;5;6;14;15;16;17;18;19	336	317	476	234	319	331	358	240	303	299
46;47;52;53;54;55;56;60;66;68;73	349	215	526	24	415	124	545	0	340	208
49;63;65	110	36	132	5	121	20	154	0	79	70
89;90;91;92;93;94;95;96;97;98;99	387	163	588	0	433	143	569	0	540	15
