1 #sols

4
7
0.0322581 0 0.384226 0.18125 0.205752 0.210372 0.128713 
0.108434 0.00116144 0.413511 0.14061 0.162222 0.105 0.279279 
0 0.188107 0.34098 0 0.228337 0.169524 0 
0 0.0480549 0.484375 0 0.0593047 0.0821394 0 

Sample_0 Sample_1 Sample_2 Sample_3 
88;96 47;48;49;50;51;52;53;54;55;56;57;58;59;60;61;62;63 68;69;70;71;72;73;74;75;76;77;78;79;80;81;82;83;84;85;98;99 11;12;13;14;15;16;17;18;19;64;65;66;67;87;90;91;92;93;94;95 3;4;5;6;9;22;24;27;29;32;34;35;37;38;41;42;45;97 0;1;2;7;8;10;20;21;23;25;26;28;30;31;33;36;39;40;43;44;46 86;89 

4
7
0 0 0.349929 0 0.0144827 0.126474 0.358406 
0 0 0.230688 0.00232288 0.0914333 0.420018 0.164546 
0 0.0472801 0 0.376214 0 0 0.339048 
0.685862 0.0224996 0 0.0961098 0 0 0.164279 
7
7
1 0 0 0 0 0 0 
1 1 0 0 0 0 0 
1 1 1 0 0 0 0 
1 1 0 1 0 0 0 
1 1 0 0 1 0 0 
1 0 0 0 0 1 0 
1 0 0 0 0 0 1 

1 1 0.906599 0.85531 0.885722 0.997073 1 
4
7
0.424646 0.182206 0.174964 0 0.00724135 0.0632371 0.179203 
0.454504 0.162222 0.115344 0.00116144 0.0457166 0.210009 0.0822729 
0.381271 0.211747 0 0.188107 0 0 0.169524 
0.484375 0.0593047 0 0.0480549 0 0 0.0821394 

Sample_0 Sample_1 Sample_2 Sample_3 
2 4 3 1 0 6 5 

