gene_id	Sample_0	Sample_0	Sample_1	Sample_1	Sample_2	Sample_2	Sample_3	Sample_3	Sample_4	Sample_4
59;60;61;62;63;64;65;66;67;68;69;70;71;72;73;74;75;76;77;78;79;80	2228	4	2167	0	2147	0	2169	0	1862	300
54	81	18	63	18	56	34	68	32	92	7
19;20;21;22;23;26	611	0	509	95	579	15	416	199	567	0
95;96;97;98;99	351	126	247	242	348	118	264	205	369	132
0;1;2;3	405	0	411	1	332	58	394	0	404	0
81;82;83;84;85;86;87;88;89;90;91;92;93	1240	21	1240	89	1301	0	1305	0	1293	0
24;25;27;28;29;30;31;32;33;34	1042	0	812	143	839	165	694	315	1001	0
4;8;9;12;43;44;45;47;48;49;51;52;94	1024	365	965	360	968	356	869	437	1120	189
5;6;7;10;11;13;14;15;16;17;18;35;36;37;38;39;40;41;42;46;50;53;55;56;57;58	1940	633	2141	488	1871	707	1654	943	2247	334
