gene_id	Sample_0	Sample_0	Sample_1	Sample_1	Sample_2	Sample_2	Sample_3	Sample_3	Sample_4	Sample_4
0;1;2;3;4;5;6;7;8;9;10;11;12;13;14	13005	1921	14211	1069	14915	0	14246	634	15178	0
75;77;78;79;80;82;83;84;85;87;88;89;90;91;92;93;96;97;98	15042	3868	18904	0	19192	0	19045	0	14900	4130
23;24;70;71;72;73;74	6788	39	5560	1508	6403	598	6475	695	6191	766
15;16;17;18;19;20;21;22	7944	0	7430	437	7839	0	7130	840	7975	0
94;95;99	2828	169	2674	323	2536	516	2950	0	2943	0
39;40;42;43;44;45;46;47;48;49;51;53;54;59;60;61;65;67;68;69	10887	9107	12824	7249	11353	8622	17429	2757	11923	8222
41;50;52;55;56;57;58;62;63;64;66	5896	4947	6857	4345	6225	4827	9340	1673	6342	4509
25;26;27;28;29;30;31;32;33;34;35;36;37;38	12300	1557	9607	4165	9825	4101	12641	1304	11857	2112
76;81;86	2407	558	3031	0	2938	0	2996	0	2493	570
