2 #sols

5
9
0.128702 0.204548 0.00571261 0 0.0563897 0.455487 0.456239 0.112362 0.188196 
0.0699607 0 0.213356 0.0555485 0.107774 0.361132 0.387877 0.302425 0 
0 0 0.0854164 0 0.169069 0.43164 0.436754 0.294485 0 
0.0426075 0 0.0969317 0.105395 0 0.13658 0.151911 0.0935102 0 
0 0.217026 0.110105 0 0 0.408141 0.415538 0.151192 0.186092 

Sample_0 Sample_1 Sample_2 Sample_3 Sample_4 
0;1;2;3;4;5;6;7;8;9;10;11;12;13;14 75;77;78;79;80;82;83;84;85;87;88;89;90;91;92;93;96;97;98 23;24;70;71;72;73;74 15;16;17;18;19;20;21;22 94;95;99 39;40;42;43;44;45;46;47;48;49;51;53;54;59;60;61;65;67;68;69 41;50;52;55;56;57;58;62;63;64;66 25;26;27;28;29;30;31;32;33;34;35;36;37;38 76;81;86 

5
5
0.1332 0.112779 0 0.409096 0.257403 
0.309187 0.215549 0.111097 0 0.139921 
0.535368 0.338139 0 0 0 
0.00781724 0 0.21079 0 0.0852151 
0.397024 0 0 0.434051 0 
5
5
1 0 0 0 0 
1 1 0 0 0 
1 0 1 0 0 
1 0 0 1 0 
1 0 0 0 1 

1 1 1 1 1 
5
5
0.456239 0.0563897 0 0.204548 0.128702 
0.387877 0.107774 0.0555485 0 0.0699607 
0.436754 0.169069 0 0 0 
0.151911 0 0.105395 0 0.0426075 
0.415538 0 0 0.217026 0 

Sample_0 Sample_1 Sample_2 Sample_3 Sample_4 
6 4 3 1 0 

5
5
0.165904 0.376391 0.112779 0 0.257403 
0.309187 0 0.215549 0.111097 0.139921 
0.535368 0 0.338139 0 0 
0.00781724 0 0 0.21079 0.0852151 
0.458891 0.372184 0 0 0 
5
5
1 0 0 0 0 
1 1 0 0 0 
1 0 1 0 0 
1 0 0 1 0 
1 0 0 0 1 

1 1 1 1 1 
5
5
0.456239 0.188196 0.0563897 0 0.128702 
0.387877 0 0.107774 0.0555485 0.0699607 
0.436754 0 0.169069 0 0 
0.151911 0 0 0.105395 0.0426075 
0.415538 0.186092 0 0 0 

Sample_0 Sample_1 Sample_2 Sample_3 Sample_4 
6 8 4 3 0 

