1 #sols

6
12
0.0609137 0.212264 0 0.172249 0.124789 0 0.127872 0 0.142857 0.117647 0.0201729 0 
0 0.260116 0.00892857 0.037037 0 0 0.10195 0 0.180851 0 0 0.0544218 
0.106061 0.331707 0.397129 0.112735 0.0646853 0.298555 0.105787 0 0.357143 0.153266 0 0.248366 
0 0.372973 0.229665 0 0 0.112172 0 0.12766 0.336283 0 0 0.314103 
0 0 0 0.0415755 0 0 0.0263389 0 0.0258621 0 0 0 
0 0.251397 0 0 0 0 0 0.289474 0.494505 0 0 0 

Sample_0 Sample_1 Sample_2 Sample_3 Sample_4 Sample_5 
28;30;42;43 6;49;50;51 53;75;89;92 8;11;13;17;21;78;79;80;83 25;27;29;33;34;36;37;39;45;46;47;94 52;54;55;56;57;58;59;60;61;62;63;64;65;66;67;68;69;70;71;72;73;74;76;77;87 9;10;12;14;15;16;18;19;20;22;23;24;81;82;84;85;93;95;96;97;98;99 86 7;48 26;31;32;35;38;40;41;44 0;1;2;3;4;5 88;90;91 

6
5
0.123541 0.0403458 0 0 0.121827 
0.361702 0 0 0 0 
0 0 0 0.597111 0.212121 
0.192904 0 0.255319 0.224344 0 
0.0517241 0 0 0 0 
0.410064 0 0.578947 0 0 
5
5
1 0 0 0 0 
1 1 0 0 0 
1 0 1 0 0 
1 0 0 1 0 
1 0 0 0 1 

1 0.993734 0.808089 0.905536 0.98821 
6
5
0.142857 0.0201729 0 0 0.0609137 
0.180851 0 0 0 0 
0.404616 0 0 0.298555 0.106061 
0.336283 0 0.12766 0.112172 0 
0.0258621 0 0 0 0 
0.494505 0 0.289474 0 0 

Sample_0 Sample_1 Sample_2 Sample_3 Sample_4 Sample_5 
8 10 7 5 0 

