gene_id	Sample_0	Sample_0	Sample_1	Sample_1	Sample_2	Sample_2	Sample_3	Sample_3	Sample_4	Sample_4
29;30;31;32;33;34;35;36;37;38;39;40;41;42;43;44;45;46;47;48	987	0	970	0	1036	0	815	182	1016	36
8;21	107	0	111	0	88	0	109	0	95	0
90;92	80	26	60	36	57	37	45	37	57	58
51;69;71;78;86	216	0	244	0	241	21	241	26	218	0
87	36	9	48	0	38	10	42	20	27	24
93;94;95;96;97;98;99	370	0	376	7	355	1	371	0	292	42
89	60	0	59	0	43	11	49	0	35	20
91	33	19	28	21	33	33	38	16	29	23
50;52;53;54;55;56;57;58;59;60;61;62;63;64;65;66;67;68;70;72;73;74;75;76;77;79;80;81;82;83;84;85	1628	0	1655	0	1411	213	1539	64	1563	0
49	56	0	48	0	47	0	50	2	56	3
88	35	6	31	17	42	15	45	10	29	24
0;1;2;3;4;5	308	0	260	8	235	89	241	59	159	145
6;7;9;10;11;12;13;14;15;16;17;18;19;20;22	777	2	754	11	780	0	724	0	697	0
23;24;25;26;27;28	305	0	174	113	275	0	271	27	320	1
