1 #sols

5
14
0 0 0.245283 0 0.2 0 0 0.365385 0 0 0.146341 0 0.00256739 0 
0 0 0.375 0 0 0.0182768 0 0.428571 0 0 0.354167 0.0298507 0.0143791 0.393728 
0 0 0.393617 0.0801527 0.208333 0.00280899 0.203704 0.5 0.131158 0 0.263158 0.274691 0 0 
0.182548 0 0.45122 0.0973783 0.322581 0 0 0.296296 0.0399251 0.0384615 0.181818 0.196667 0 0.090604 
0.0342205 0 0.504348 0 0.470588 0.125749 0.363636 0.442308 0 0.0508475 0.45283 0.476974 0 0.00311526 

Sample_0 Sample_1 Sample_2 Sample_3 Sample_4 
29;30;31;32;33;34;35;36;37;38;39;40;41;42;43;44;45;46;47;48 8;21 90;92 51;69;71;78;86 87 93;94;95;96;97;98;99 89 91 50;52;53;54;55;56;57;58;59;60;61;62;63;64;65;66;67;68;70;72;73;74;75;76;77;79;80;81;82;83;84;85 49 88 0;1;2;3;4;5 6;7;9;10;11;12;13;14;15;16;17;18;19;20;22 23;24;25;26;27;28 

5
9
0.485431 0.00513479 0 0 0 0 0 0 0 
0.684688 0.0287582 0 0 0 0.0365535 0 0 0 
0 0 0 0.262315 0.407407 0.000580531 0.160305 0 0 
0.185814 0 0.0769231 0.0798503 0 0 0.194757 0 0.365095 
0 0 0.0228546 0 0.681296 0.251497 0 0 0.044352 
9
9
1 0 0 0 0 0 0 0 0 
1 1 0 0 0 0 0 0 0 
1 0 1 0 0 0 0 0 0 
1 0 0 1 0 0 0 0 0 
1 0 0 0 1 0 0 0 0 
1 0 0 0 0 1 0 0 0 
1 0 0 0 0 0 1 0 0 
1 0 0 0 0 0 0 1 0 
1 0 0 0 0 0 0 0 1 

1 1 0.999997 1 0.956391 1 1 1 1 
5
9
0.245283 0.00256739 0 0 0 0 0 0 0 
0.375 0.0143791 0 0 0 0.0182768 0 0 0 
0.415304 0 0 0.131158 0.203704 0.000290265 0.0801527 0 0 
0.45122 0 0.0384615 0.0399251 0 0 0.0973783 0 0.182548 
0.5 0 0.0114273 0 0.340648 0.125749 0 0 0.022176 

Sample_0 Sample_1 Sample_2 Sample_3 Sample_4 
2 12 9 8 6 5 3 1 0 

