MultiBinom clustering
Convergence threshold: 1.000000
Initial num clusters: 100
kmeans: True

Time taken: 25.205348
ARI: 0.863418
Cluster freq error: 0.007069
Num active clusters: 14
Cluster assignments
11
11
11
11
11
11
12
12
1
12
12
12
12
12
12
12
12
12
12
12
12
1
12
13
13
13
13
13
13
0
0
0
0
0
0
0
0
0
0
0
0
0
0
0
0
0
0
0
0
9
8
3
8
8
8
8
8
8
8
8
8
8
8
8
8
8
8
8
8
3
8
3
8
8
8
8
8
8
3
8
8
8
8
8
8
8
3
4
10
6
2
7
2
5
5
5
5
5
5
5
Alpha posterior values
0.0000 0.0000 0.0000 26.0991 0.0000 0.0000 0.0000 0.0000 9.0000 0.0000 0.0000 18.9002 0.0000 0.0000 6.0007 0.0000 0.0000 0.0000 2.0000 0.0000 0.0000 0.0000 0.0000 0.0000 0.0000 0.0000 0.0000 0.0000 0.0000 0.0000 0.0000 0.0000 0.0000 0.0000 0.0000 0.0000 0.0000 0.0000 0.0000 0.0000 0.0000 0.0000 0.0000 0.0000 0.0000 0.0000 0.0000 0.0000 0.0000 0.0000 0.0000 0.0000 0.0000 0.0000 0.0000 0.0000 0.0000 0.0000 0.0000 0.0000 0.0000 0.0000 0.0000 0.0000 0.0000 0.0000 0.0000 0.0000 0.0000 0.0000 0.0000 0.0000 0.0000 0.0000 0.0000 0.0000 0.0000 0.0000 0.0000 0.0000 0.0000 0.0000 0.0000 0.0000 0.0000 0.0000 0.0000 0.0000 0.0000 0.0000 0.0000 0.0000 0.0000 0.0000 0.0000 0.0000 0.0000 0.0000 0.0000 0.0000
0.0000 0.0000 0.0000 36.1055 0.0000 0.0000 0.0000 0.0000 0.0000 7.0089 0.0000 20.8939 0.0000 0.0000 17.0007 0.0000 0.0000 8.0000 10.9911 0.0000 113.0000 0.0000 0.0000 0.0000 0.0000 0.0000 0.0000 0.0000 0.0000 0.0000 0.0000 0.0000 0.0000 0.0000 0.0000 0.0000 0.0000 0.0000 0.0000 0.0000 0.0000 0.0000 0.0000 0.0000 0.0000 0.0000 0.0000 0.0000 0.0000 0.0000 0.0000 0.0000 0.0000 0.0000 0.0000 0.0000 0.0000 0.0000 0.0000 0.0000 0.0000 0.0000 0.0000 0.0000 0.0000 0.0000 0.0000 0.0000 0.0000 0.0000 0.0000 0.0000 0.0000 0.0000 0.0000 0.0000 0.0000 0.0000 0.0000 0.0000 0.0000 0.0000 0.0000 0.0000 0.0000 0.0000 0.0000 0.0000 0.0000 0.0000 0.0000 0.0000 0.0000 0.0000 0.0000 0.0000 0.0000 0.0000 0.0000 0.0000
0.0000 0.0000 0.0000 37.1791 0.0000 62.7906 0.0000 0.0000 10.0000 1.0000 11.0000 32.8207 171.2094 0.0000 15.0002 0.0000 0.0000 89.0000 0.0000 0.0000 0.0000 0.0000 0.0000 0.0000 0.0000 0.0000 0.0000 0.0000 0.0000 0.0000 0.0000 0.0000 0.0000 0.0000 0.0000 0.0000 0.0000 0.0000 0.0000 0.0000 0.0000 0.0000 0.0000 0.0000 0.0000 0.0000 0.0000 0.0000 0.0000 0.0000 0.0000 0.0000 0.0000 0.0000 0.0000 0.0000 0.0000 0.0000 0.0000 0.0000 0.0000 0.0000 0.0000 0.0000 0.0000 0.0000 0.0000 0.0000 0.0000 0.0000 0.0000 0.0000 0.0000 0.0000 0.0000 0.0000 0.0000 0.0000 0.0000 0.0000 0.0000 0.0000 0.0000 0.0000 0.0000 0.0000 0.0000 0.0000 0.0000 0.0000 0.0000 0.0000 0.0000 0.0000 0.0000 0.0000 0.0000 0.0000 0.0000 0.0000
179.4867 0.0000 0.0000 37.0751 0.0000 36.2434 0.0000 0.0000 20.0000 0.0000 0.0000 15.9242 53.7776 4.4923 10.0007 0.0000 0.0000 59.0000 0.0000 0.0000 27.0000 0.0000 0.0000 0.0000 0.0000 0.0000 0.0000 0.0000 0.0000 0.0000 0.0000 0.0000 0.0000 0.0000 0.0000 0.0000 0.0000 0.0000 0.0000 0.0000 0.0000 0.0000 0.0000 0.0000 0.0000 0.0000 0.0000 0.0000 0.0000 0.0000 0.0000 0.0000 0.0000 0.0000 0.0000 0.0000 0.0000 0.0000 0.0000 0.0000 0.0000 0.0000 0.0000 0.0000 0.0000 0.0000 0.0000 0.0000 0.0000 0.0000 0.0000 0.0000 0.0000 0.0000 0.0000 0.0000 0.0000 0.0000 0.0000 0.0000 0.0000 0.0000 0.0000 0.0000 0.0000 0.0000 0.0000 0.0000 0.0000 0.0000 0.0000 0.0000 0.0000 0.0000 0.0000 0.0000 0.0000 0.0000 0.0000 0.0000
34.6309 0.0000 0.0000 58.1041 0.0000 0.0000 0.0000 0.0000 24.0001 41.9094 19.9999 22.8947 0.0000 4.4596 24.0012 0.0000 0.0000 144.9999 0.0000 0.0000 1.0000 0.0000 0.0000 0.0000 0.0000 0.0000 0.0000 0.0000 0.0000 0.0000 0.0000 0.0000 0.0000 0.0000 0.0000 0.0000 0.0000 0.0000 0.0000 0.0000 0.0000 0.0000 0.0000 0.0000 0.0000 0.0000 0.0000 0.0000 0.0000 0.0000 0.0000 0.0000 0.0000 0.0000 0.0000 0.0000 0.0000 0.0000 0.0000 0.0000 0.0000 0.0000 0.0000 0.0000 0.0000 0.0000 0.0000 0.0000 0.0000 0.0000 0.0000 0.0000 0.0000 0.0000 0.0000 0.0000 0.0000 0.0000 0.0000 0.0000 0.0000 0.0000 0.0000 0.0000 0.0000 0.0000 0.0000 0.0000 0.0000 0.0000 0.0000 0.0000 0.0000 0.0000 0.0000 0.0000 0.0000 0.0000 0.0000 0.0000
Beta posterior values
960.8934 162.6373 0.0000 80.1521 0.0000 573.9616 0.0000 0.0000 36.0002 369.3757 59.9998 32.8465 1270.3836 83.7834 35.0014 0.0000 0.0000 308.0000 674.6264 33.7704 305.0000 9.4547 0.0000 0.0000 1.1321 0.5764 0.2945 0.0000 0.0773 0.0000 0.0203 0.0104 0.0000 0.0000 0.0014 0.0007 0.0000 0.0002 0.0001 0.0001 0.0000 0.0000 0.0000 0.0000 0.0000 0.0000 0.0000 0.0000 0.0000 0.0000 0.0000 0.0000 0.0000 0.0000 0.0000 0.0000 0.0000 0.0000 0.0000 0.0000 0.0000 0.0000 0.0000 0.0000 0.0000 0.0000 0.0000 0.0000 0.0000 0.0000 0.0000 0.0000 0.0000 0.0000 0.0000 0.0000 0.0000 0.0000 0.0000 0.0000 0.0000 0.0000 0.0000 0.0000 0.0000 0.0000 0.0000 0.0000 0.0000 0.0000 0.0000 0.0000 0.0000 0.0000 0.0000 0.0000 0.0000 0.0000 0.0000 0.0000
941.6831 151.7192 0.0000 60.1333 0.0000 589.1347 0.0000 0.0000 48.0001 375.4581 58.9998 27.8656 1310.1960 77.8050 31.0011 0.0000 0.0000 260.0001 669.7090 31.5033 174.0000 8.8200 0.0000 0.0000 1.0561 0.5377 0.2747 0.0000 0.0721 0.0000 0.0190 0.0097 0.0000 0.0000 0.0013 0.0007 0.0000 0.0002 0.0001 0.0000 0.0000 0.0000 0.0000 0.0000 0.0000 0.0000 0.0000 0.0000 0.0000 0.0000 0.0000 0.0000 0.0000 0.0000 0.0000 0.0000 0.0000 0.0000 0.0000 0.0000 0.0000 0.0000 0.0000 0.0000 0.0000 0.0000 0.0000 0.0000 0.0000 0.0000 0.0000 0.0000 0.0000 0.0000 0.0000 0.0000 0.0000 0.0000 0.0000 0.0000 0.0000 0.0000 0.0000 0.0000 0.0000 0.0000 0.0000 0.0000 0.0000 0.0000 0.0000 0.0000 0.0000 0.0000 0.0000 0.0000 0.0000 0.0000 0.0000 0.0000
1003.1942 157.3745 0.0000 57.1669 0.0000 531.4210 0.0000 0.0000 38.0001 354.6149 42.9999 32.8328 1120.8916 81.1719 42.0003 0.0000 0.0000 235.0000 665.4604 32.6776 275.0000 9.1487 0.0000 0.0000 1.0955 0.5578 0.2849 0.0000 0.0748 0.0000 0.0197 0.0101 0.0000 0.0000 0.0014 0.0007 0.0000 0.0002 0.0001 0.0000 0.0000 0.0000 0.0000 0.0000 0.0000 0.0000 0.0000 0.0000 0.0000 0.0000 0.0000 0.0000 0.0000 0.0000 0.0000 0.0000 0.0000 0.0000 0.0000 0.0000 0.0000 0.0000 0.0000 0.0000 0.0000 0.0000 0.0000 0.0000 0.0000 0.0000 0.0000 0.0000 0.0000 0.0000 0.0000 0.0000 0.0000 0.0000 0.0000 0.0000 0.0000 0.0000 0.0000 0.0000 0.0000 0.0000 0.0000 0.0000 0.0000 0.0000 0.0000 0.0000 0.0000 0.0000 0.0000 0.0000 0.0000 0.0000 0.0000 0.0000
789.2551 155.7798 0.0000 45.2035 0.0000 557.7210 0.0000 0.0000 42.0001 370.3864 48.9998 37.7964 1222.6019 77.2676 45.0001 0.0000 0.0000 241.0001 632.5613 32.3465 271.0000 9.0560 0.0000 0.0000 1.0844 0.5521 0.2820 0.0000 0.0740 0.0000 0.0195 0.0100 0.0000 0.0000 0.0014 0.0007 0.0000 0.0002 0.0001 0.0000 0.0000 0.0000 0.0000 0.0000 0.0000 0.0000 0.0000 0.0000 0.0000 0.0000 0.0000 0.0000 0.0000 0.0000 0.0000 0.0000 0.0000 0.0000 0.0000 0.0000 0.0000 0.0000 0.0000 0.0000 0.0000 0.0000 0.0000 0.0000 0.0000 0.0000 0.0000 0.0000 0.0000 0.0000 0.0000 0.0000 0.0000 0.0000 0.0000 0.0000 0.0000 0.0000 0.0000 0.0000 0.0000 0.0000 0.0000 0.0000 0.0000 0.0000 0.0000 0.0000 0.0000 0.0000 0.0000 0.0000 0.0000 0.0000 0.0000 0.0000
985.9990 141.2666 0.0000 57.1414 0.0000 557.5047 0.0000 0.0000 27.0001 291.5714 34.9999 28.8576 1223.7948 87.2901 29.0010 0.0000 0.0000 159.0001 610.1924 29.3329 320.0000 8.2123 0.0000 0.0000 0.9834 0.5007 0.2558 0.0000 0.0671 0.0000 0.0177 0.0091 0.0000 0.0000 0.0012 0.0006 0.0000 0.0002 0.0001 0.0000 0.0000 0.0000 0.0000 0.0000 0.0000 0.0000 0.0000 0.0000 0.0000 0.0000 0.0000 0.0000 0.0000 0.0000 0.0000 0.0000 0.0000 0.0000 0.0000 0.0000 0.0000 0.0000 0.0000 0.0000 0.0000 0.0000 0.0000 0.0000 0.0000 0.0000 0.0000 0.0000 0.0000 0.0000 0.0000 0.0000 0.0000 0.0000 0.0000 0.0000 0.0000 0.0000 0.0000 0.0000 0.0000 0.0000 0.0000 0.0000 0.0000 0.0000 0.0000 0.0000 0.0000 0.0000 0.0000 0.0000 0.0000 0.0000 0.0000 0.0000
Cluster phi posterior values
0.0000 0.0000 0.2424 0.0000 0.1932 0.0000 0.0000 0.3626 0.0000 0.0000 0.1375 0.0000 0.0016 0.0000
0.0000 0.0000 0.3734 0.0000 0.0000 0.0161 0.0000 0.4270 0.0000 0.0000 0.3511 0.0268 0.0148 0.3931
0.0000 0.0000 0.3926 0.1044 0.2021 0.0004 0.1981 0.4999 0.1320 0.0000 0.2589 0.2735 0.0000 0.0000
0.1847 0.0000 0.4498 0.0597 0.3197 0.0000 0.0000 0.2926 0.0414 0.0482 0.1759 0.1949 0.0000 0.0882
0.0331 0.0000 0.5042 0.0000 0.4700 0.1237 0.3611 0.4413 0.0000 0.0425 0.4519 0.4768 0.0000 0.0004
