MultiBinom clustering
Convergence threshold: 1.000000
Initial num clusters: 75
kmeans: True

Time taken: 62.146085
ARI: 0.881957
Cluster freq error: 0.001397
Num active clusters: 10
Cluster assignments
0
0
0
0
0
0
0
1
1
1
1
1
1
1
0
0
0
0
0
0
4
4
4
4
5
5
5
5
5
5
5
5
5
5
5
5
5
5
3
3
3
3
3
3
3
8
8
8
8
8
8
8
8
8
8
8
8
8
8
8
8
8
8
9
8
8
8
8
8
8
8
8
8
8
8
6
6
6
6
6
6
6
6
5
6
6
5
6
4
7
2
2
7
2
2
2
2
2
2
7
Alpha posterior values
6378.0000 1481.7974 0.0000 2340.5146 224.0000 0.0000 0.0000 0.0000 0.0000 1052.2026 0.0000 0.0000 0.0000 788.4854 0.0000 0.0000 0.0000 0.0000 0.0000 11033.3298 0.0000 0.0000 0.0000 0.0000 0.0000 299.6702 0.0000 0.0000 0.0000 0.0000 0.0000 0.0000 0.0000 611.0000 0.0000 0.0000 0.0000 0.0000 0.0000 0.0000 0.0000 0.0000 0.0000 0.0000 0.0000 0.0000 0.0000 0.0000 0.0000 0.0000 0.0000 0.0000 0.0000 0.0000 0.0000 0.0000 0.0000 0.0000 0.0000 0.0000 0.0000 0.0000 0.0000 0.0000 0.0000 0.0000 0.0000 0.0000 0.0000 0.0000 0.0000 0.0000 0.0000 0.0000 0.0000 0.0000 0.0000 0.0000 0.0000 0.0000 0.0000 0.0000 0.0000 0.0000 0.0000 0.0000 0.0000 0.0000 0.0000 0.0000 0.0000 0.0000 0.0000 0.0000 0.0000 0.0000 0.0000 0.0000 0.0000 0.0000
4221.0000 0.0000 0.0000 0.0000 0.0000 0.0000 1510.0000 0.0000 0.0000 0.0000 0.0000 0.0000 0.0000 0.0000 0.0000 0.0000 0.0000 0.0000 0.0000 797.8574 0.0000 0.0000 0.0000 0.0000 0.0000 21.1426 0.0000 0.0000 0.0000 0.0000 0.0000 0.0000 0.0000 0.0000 0.0000 0.0000 0.0000 0.0000 0.0000 0.0000 0.0000 0.0000 0.0000 0.0000 0.0000 0.0000 0.0000 0.0000 0.0000 0.0000 0.0000 0.0000 0.0000 0.0000 0.0000 0.0000 0.0000 0.0000 0.0000 0.0000 0.0000 0.0000 0.0000 0.0000 0.0000 0.0000 0.0000 0.0000 0.0000 0.0000 0.0000 0.0000 0.0000 0.0000 0.0000 0.0000 0.0000 0.0000 0.0000 0.0000 0.0000 0.0000 0.0000 0.0000 0.0000 0.0000 0.0000 0.0000 0.0000 0.0000 0.0000 0.0000 0.0000 0.0000 0.0000 0.0000 0.0000 0.0000 0.0000 0.0000
5662.0000 0.0000 0.0000 1912.3219 1.0000 0.0000 917.0000 0.0000 0.0000 0.0000 0.0000 0.0000 0.0000 545.6781 0.0000 0.0000 0.0000 0.0000 0.0000 6492.1620 0.0000 0.0000 0.0000 0.0000 0.0000 186.8380 0.0000 0.0000 0.0000 0.0000 0.0000 0.0000 0.0000 141.0000 0.0000 0.0000 0.0000 0.0000 0.0000 0.0000 0.0000 0.0000 0.0000 0.0000 0.0000 0.0000 0.0000 0.0000 0.0000 0.0000 0.0000 0.0000 0.0000 0.0000 0.0000 0.0000 0.0000 0.0000 0.0000 0.0000 0.0000 0.0000 0.0000 0.0000 0.0000 0.0000 0.0000 0.0000 0.0000 0.0000 0.0000 0.0000 0.0000 0.0000 0.0000 0.0000 0.0000 0.0000 0.0000 0.0000 0.0000 0.0000 0.0000 0.0000 0.0000 0.0000 0.0000 0.0000 0.0000 0.0000 0.0000 0.0000 0.0000 0.0000 0.0000 0.0000 0.0000 0.0000 0.0000 0.0000
5216.0000 61.6707 0.0000 0.0000 0.0000 0.0000 0.0000 0.0000 0.0000 32.3293 0.0000 0.0000 0.0000 0.0000 0.0000 0.0000 0.0000 0.0000 0.0000 89.1996 0.0000 0.0000 0.0000 0.0000 0.0000 8.8004 0.0000 0.0000 0.0000 0.0000 0.0000 0.0000 0.0000 2282.0000 0.0000 0.0000 0.0000 0.0000 0.0000 0.0000 0.0000 0.0000 0.0000 0.0000 0.0000 0.0000 0.0000 0.0000 0.0000 0.0000 0.0000 0.0000 0.0000 0.0000 0.0000 0.0000 0.0000 0.0000 0.0000 0.0000 0.0000 0.0000 0.0000 0.0000 0.0000 0.0000 0.0000 0.0000 0.0000 0.0000 0.0000 0.0000 0.0000 0.0000 0.0000 0.0000 0.0000 0.0000 0.0000 0.0000 0.0000 0.0000 0.0000 0.0000 0.0000 0.0000 0.0000 0.0000 0.0000 0.0000 0.0000 0.0000 0.0000 0.0000 0.0000 0.0000 0.0000 0.0000 0.0000 0.0000
5988.0000 6038.5552 0.0000 131.5363 0.0000 0.0000 0.0000 0.0000 0.0000 4302.4448 0.0000 0.0000 0.0000 30.4637 0.0000 0.0000 0.0000 0.0000 0.0000 12199.2897 0.0000 0.0000 0.0000 0.0000 0.0000 343.7103 0.0000 0.0000 0.0000 0.0000 0.0000 0.0000 0.0000 211.0000 0.0000 0.0000 0.0000 0.0000 0.0000 0.0000 0.0000 0.0000 0.0000 0.0000 0.0000 0.0000 0.0000 0.0000 0.0000 0.0000 0.0000 0.0000 0.0000 0.0000 0.0000 0.0000 0.0000 0.0000 0.0000 0.0000 0.0000 0.0000 0.0000 0.0000 0.0000 0.0000 0.0000 0.0000 0.0000 0.0000 0.0000 0.0000 0.0000 0.0000 0.0000 0.0000 0.0000 0.0000 0.0000 0.0000 0.0000 0.0000 0.0000 0.0000 0.0000 0.0000 0.0000 0.0000 0.0000 0.0000 0.0000 0.0000 0.0000 0.0000 0.0000 0.0000 0.0000 0.0000 0.0000 0.0000
Beta posterior values
6499.0000 14847.6347 0.0000 6077.4478 6833.0000 0.0000 5016.0000 0.0000 0.0000 9460.3653 0.0000 0.0000 0.0000 1870.5522 0.0000 0.0000 0.0000 0.0000 0.0000 17927.2035 0.0000 0.0000 0.0000 0.0000 0.0000 557.7965 0.0000 0.0000 0.0000 0.0000 0.0000 0.0000 0.0000 6399.0000 0.0000 0.0000 0.0000 0.0000 0.0000 0.0000 0.0000 0.0000 0.0000 0.0000 0.0000 0.0000 0.0000 0.0000 0.0000 0.0000 0.0000 0.0000 0.0000 0.0000 0.0000 0.0000 0.0000 0.0000 0.0000 0.0000 0.0000 0.0000 0.0000 0.0000 0.0000 0.0000 0.0000 0.0000 0.0000 0.0000 0.0000 0.0000 0.0000 0.0000 0.0000 0.0000 0.0000 0.0000 0.0000 0.0000 0.0000 0.0000 0.0000 0.0000 0.0000 0.0000 0.0000 0.0000 0.0000 0.0000 0.0000 0.0000 0.0000 0.0000 0.0000 0.0000 0.0000 0.0000 0.0000 0.0000
8710.0000 16097.0124 0.0000 8224.7269 6815.0000 0.0000 3523.0000 0.0000 0.0000 10563.9876 0.0000 0.0000 0.0000 2566.2731 0.0000 0.0000 0.0000 0.0000 0.0000 28134.8299 0.0000 0.0000 0.0000 0.0000 0.0000 874.1701 0.0000 0.0000 0.0000 0.0000 0.0000 0.0000 0.0000 7048.0000 0.0000 0.0000 0.0000 0.0000 0.0000 0.0000 0.0000 0.0000 0.0000 0.0000 0.0000 0.0000 0.0000 0.0000 0.0000 0.0000 0.0000 0.0000 0.0000 0.0000 0.0000 0.0000 0.0000 0.0000 0.0000 0.0000 0.0000 0.0000 0.0000 0.0000 0.0000 0.0000 0.0000 0.0000 0.0000 0.0000 0.0000 0.0000 0.0000 0.0000 0.0000 0.0000 0.0000 0.0000 0.0000 0.0000 0.0000 0.0000 0.0000 0.0000 0.0000 0.0000 0.0000 0.0000 0.0000 0.0000 0.0000 0.0000 0.0000 0.0000 0.0000 0.0000 0.0000 0.0000 0.0000 0.0000
7288.0000 16600.4302 0.0000 6510.4507 6999.0000 0.0000 4022.0000 0.0000 0.0000 10647.5698 0.0000 0.0000 0.0000 2170.5493 0.0000 0.0000 0.0000 0.0000 0.0000 22656.8373 0.0000 0.0000 0.0000 0.0000 0.0000 703.1627 0.0000 0.0000 0.0000 0.0000 0.0000 0.0000 0.0000 6896.0000 0.0000 0.0000 0.0000 0.0000 0.0000 0.0000 0.0000 0.0000 0.0000 0.0000 0.0000 0.0000 0.0000 0.0000 0.0000 0.0000 0.0000 0.0000 0.0000 0.0000 0.0000 0.0000 0.0000 0.0000 0.0000 0.0000 0.0000 0.0000 0.0000 0.0000 0.0000 0.0000 0.0000 0.0000 0.0000 0.0000 0.0000 0.0000 0.0000 0.0000 0.0000 0.0000 0.0000 0.0000 0.0000 0.0000 0.0000 0.0000 0.0000 0.0000 0.0000 0.0000 0.0000 0.0000 0.0000 0.0000 0.0000 0.0000 0.0000 0.0000 0.0000 0.0000 0.0000 0.0000 0.0000 0.0000
7729.0000 16257.0538 0.0000 8216.4153 6972.0000 0.0000 5013.0000 0.0000 0.0000 10773.9462 0.0000 0.0000 0.0000 2664.5847 0.0000 0.0000 0.0000 0.0000 0.0000 29074.5922 0.0000 0.0000 0.0000 0.0000 0.0000 872.4078 0.0000 0.0000 0.0000 0.0000 0.0000 0.0000 0.0000 4698.0000 0.0000 0.0000 0.0000 0.0000 0.0000 0.0000 0.0000 0.0000 0.0000 0.0000 0.0000 0.0000 0.0000 0.0000 0.0000 0.0000 0.0000 0.0000 0.0000 0.0000 0.0000 0.0000 0.0000 0.0000 0.0000 0.0000 0.0000 0.0000 0.0000 0.0000 0.0000 0.0000 0.0000 0.0000 0.0000 0.0000 0.0000 0.0000 0.0000 0.0000 0.0000 0.0000 0.0000 0.0000 0.0000 0.0000 0.0000 0.0000 0.0000 0.0000 0.0000 0.0000 0.0000 0.0000 0.0000 0.0000 0.0000 0.0000 0.0000 0.0000 0.0000 0.0000 0.0000 0.0000 0.0000 0.0000
7164.0000 10305.4190 0.0000 8203.7812 7070.0000 0.0000 4960.0000 0.0000 0.0000 6194.5810 0.0000 0.0000 0.0000 2668.2188 0.0000 0.0000 0.0000 0.0000 0.0000 16879.3974 0.0000 0.0000 0.0000 0.0000 0.0000 507.6026 0.0000 0.0000 0.0000 0.0000 0.0000 0.0000 0.0000 6776.0000 0.0000 0.0000 0.0000 0.0000 0.0000 0.0000 0.0000 0.0000 0.0000 0.0000 0.0000 0.0000 0.0000 0.0000 0.0000 0.0000 0.0000 0.0000 0.0000 0.0000 0.0000 0.0000 0.0000 0.0000 0.0000 0.0000 0.0000 0.0000 0.0000 0.0000 0.0000 0.0000 0.0000 0.0000 0.0000 0.0000 0.0000 0.0000 0.0000 0.0000 0.0000 0.0000 0.0000 0.0000 0.0000 0.0000 0.0000 0.0000 0.0000 0.0000 0.0000 0.0000 0.0000 0.0000 0.0000 0.0000 0.0000 0.0000 0.0000 0.0000 0.0000 0.0000 0.0000 0.0000 0.0000 0.0000
Cluster phi posterior values
0.4953 0.0871 0.2780 0.0316 0.0000 0.0907 0.1000 0.2964 0.3810 0.3493
0.3264 0.0000 0.0000 0.0000 0.3000 0.0000 0.0000 0.0000 0.0275 0.0231
0.4372 0.0199 0.2270 0.0000 0.1856 0.0000 0.0000 0.2007 0.2227 0.2096
0.4029 0.3269 0.0000 0.0000 0.0000 0.0037 0.0029 0.0000 0.0030 0.0095
0.4553 0.0301 0.0157 0.0000 0.0000 0.3695 0.4099 0.0110 0.4195 0.4036
