1 #sols

5
6
0.111567 0 0 0 0.00696056 0 
0.147059 0.278017 0.0201005 0 0.0180288 0 
0.292185 0.00348837 0 0 0 0.126603 
0.210158 0.0764263 0 0.203633 0 0.0426674 
0.477026 0.0433295 0.0972222 0.0368732 0 0 

Sample_0 Sample_1 Sample_2 Sample_3 Sample_4 
0;1;2;3;4;5;87;88;89;90;91;92 23;24;25;26;27;28;94;95;98 93;96;97;99 29;30;31;32;33;34;35;36;37;38;39;40;41;42;43;44;45;46;47;48;49 6;7;8;9;10;11;12;13;14;15;16;17;18;19;20;21;22 50;51;52;53;54;55;56;57;58;59;60;61;62;63;64;65;66;67;68;69;70;71;72;73;74;75;76;77;78;79;80;81;82;83;84;85;86 

5
4
0.209213 0 0.0139211 0 
0.217859 0 0.0360577 0.040201 
0.331163 0.253206 0 0 
0.33498 0.0853348 0 0 
0.759607 0 0 0.194444 
4
4
1 0 0 0 
1 1 0 0 
1 0 1 0 
1 0 0 1 

1 1 1 1 
5
4
0.111567 0 0.00696056 0 
0.147059 0 0.0180288 0.0201005 
0.292185 0.126603 0 0 
0.210158 0.0426674 0 0 
0.477026 0 0 0.0972222 

Sample_0 Sample_1 Sample_2 Sample_3 Sample_4 
0 5 4 2 

