gene_id	Sample_0	Sample_0	Sample_1	Sample_1	Sample_2	Sample_2	Sample_3	Sample_3	Sample_4	Sample_4
7;8;9;10;11;12;14;15;17;18;35;36;37;38;40;42;44;45;46;47;48;50;51;53;54;55;56;57;58	1126	343	1185	317	1029	407	995	516	1316	157
59;69;75;76;78	225	0	240	0	238	0	278	0	237	28
20;24;25;27;28;29;30;31;32;33;34	548	0	461	93	472	95	339	163	535	0
96;97;98;99	142	71	89	98	133	51	88	99	143	43
39;94	78	23	77	25	73	31	62	21	62	20
4;5;13;16;41;43;52	233	111	277	46	264	82	223	113	283	53
19;21;22;23;26	212	0	225	37	268	7	175	73	222	0
60;61;62;63;64;65;66;67;68;70;71;72;73;74;77;79;80	911	4	830	0	881	0	842	0	684	146
0;1;2;3	205	0	203	0	189	23	199	0	214	0
49	29	21	46	6	34	18	26	19	49	6
81;82;83;84;85;86;87;88;89;90;91;92;93	660	9	620	35	633	0	639	0	660	0
6	43	7	38	17	38	19	24	9	54	9
95	30	7	25	15	43	16	29	18	36	15
