1 #sols

5
9
0.507937 0.217469 0.169154 0.0399061 0.261826 0 0.0495495 0 0 
0.242171 0.210175 0.129534 0 0 0.0336634 0.0366379 0 0.0060241 
0.311275 0.186877 0 0 0 0.0794224 0 0.039886 0 
0.497537 0.122014 0 0 0.12234 0 0.115124 0.252137 0.0555556 
0.389121 0.390065 0.0714286 0.242678 0 0.0758197 0 0 0 

Sample_0 Sample_1 Sample_2 Sample_3 Sample_4 
5;6;7;8;9;10;11;12;13 26;27;28;29;30;31;32;33;34;35;86;87;88;89;90;91;92;93;94;95;96;97;98;99 0;1;2;3 54;55;56;57;58;59;60;61;62 36;37;38;39;40;41;42;43;44;45;46;47;48;49;50;51;52;53 4;63;64;65;66;67;68;69;70;71 14;15;16;17;18;19;21;23;24 72;73;74;75;76;77;78;79;80;81;82;83;84;85 20;22;25 

5
8
0 0 0 0.0990991 0 0.523652 0.0798122 0.297436 
0.0726242 0.0120482 0 0.0732759 0.0673267 0 0 0.259067 
0.383932 0 0.0797721 0 0.158845 0 0 0 
0 0.111111 0.504274 0.1904 0 0.194215 0 0 
0 0 0 0 0.151639 0 0.485356 0.142857 
8
8
1 0 0 0 0 0 0 0 
1 1 0 0 0 0 0 0 
1 0 1 0 0 0 0 0 
1 0 0 1 0 0 0 0 
1 0 0 0 1 0 0 0 
1 0 0 0 0 1 0 0 
1 0 0 0 0 0 1 0 
1 0 0 0 0 0 0 1 

1 1 1 1 1 1 0.999999 0.999536 
5
8
0.5 0 0 0.0495495 0 0.261826 0.0399061 0.148718 
0.242171 0.0060241 0 0.0366379 0.0336634 0 0 0.129534 
0.311275 0 0.039886 0 0.0794224 0 0 0 
0.5 0.0555556 0.252137 0.0952 0 0.0971077 0 0 
0.389926 0 0 0 0.0758197 0 0.242678 0.0714286 

Sample_0 Sample_1 Sample_2 Sample_3 Sample_4 
0 8 7 6 5 4 3 2 

