gene_id	Sample_0	Sample_0	Sample_1	Sample_1	Sample_2	Sample_2	Sample_3	Sample_3	Sample_4	Sample_4
5;6;7;8;9;10;11;12;13	217	224	363	116	281	127	204	202	292	186
26;27;28;29;30;31;32;33;34;35;86;87;88;89;90;91;92;93;94;95;96;97;98;99	878	244	947	252	979	225	1029	143	749	479
0;1;2;3	167	34	168	25	213	0	183	0	195	15
54;55;56;57;58;59;60;61;62	409	17	459	0	471	0	425	0	362	116
36;37;38;39;40;41;42;43;44;45;46;47;48;49;50;51;52;53	671	238	923	0	904	0	825	115	912	0
4;63;64;65;66;67;68;69;70;71	533	0	488	17	510	44	490	0	451	37
14;15;16;17;18;19;21;23;24	422	22	447	17	439	0	392	51	429	0
72;73;74;75;76;77;78;79;80;81;82;83;84;85	676	0	697	0	674	28	525	177	683	0
20;22;25	136	0	165	1	139	0	119	7	146	0
