1 #sols

6
11
0.370242 0 0.1367 0 0.0761905 0.058908 0.0875808 0.143678 0 0.130011 0.151667 
0.489093 0.0859375 0 0.294393 0.229358 0 0 0.412234 0.0755495 0.289488 0.420712 
0.0599078 0 0 0 0 0.0632727 0.0877944 0 0 0 0 
0.471631 0 0 0 0 0.214784 0.257973 0.126619 0 0 0.199659 
0.456961 0 0.104882 0.0315789 0.163265 0 0 0.462185 0 0.159659 0.406872 
0.439815 0.230769 0.235333 0 0.343137 0.00218659 0.00799419 0.27572 0.164521 0.258184 0.22973 

Sample_0 Sample_1 Sample_2 Sample_3 Sample_4 Sample_5 
91;92;93;94;95;96;97;98;99 45;46;48;50;52 13;14;15;16;17;18;19;20;21;22;23;24;25;26;27;28 43;44 71 29;32;34;36;38;39;40;58;59;60;61;62;64;67 30;31;33;35;37;41;42;57;63;65;66;68;69;70 0;1;6;7;9;10;12 47;49;51;53;54;55;56 72;73;74;75;76;77;78;79;80;81;82;83;84;85;86;87;88;89;90 2;3;4;5;8;11 

6
5
0.588103 0.152381 0 0 0 
0 0.066427 0.151099 0.171875 0.588785 
0.119816 0 0 0 0 
0.943262 0 0 0 0 
0.524233 0.326531 0 0 0.0631579 
0.0890497 0 0.329041 0.461538 0 
5
5
1 0 0 0 0 
1 1 0 0 0 
1 1 1 0 0 
1 1 0 1 0 
1 0 0 0 1 

1 0.968419 0.867292 0.834116 0.999997 
6
5
0.370242 0.0761905 0 0 0 
0.489093 0.1947 0.0755495 0.0859375 0.294393 
0.0599078 0 0 0 0 
0.471631 0 0 0 0 
0.456961 0.163265 0 0 0.0315789 
0.439815 0.39529 0.164521 0.230769 0 

Sample_0 Sample_1 Sample_2 Sample_3 Sample_4 Sample_5 
0 4 8 1 3 

