gene_id	Sample_0	Sample_0	Sample_1	Sample_1	Sample_2	Sample_2	Sample_3	Sample_3	Sample_4	Sample_4	Sample_5	Sample_5
91;92;93;94;95;96;97;98;99	546	321	445	426	816	52	447	399	511	430	484	380
45;46;48;50;52	477	0	468	44	522	0	532	0	506	0	390	117
13;14;15;16;17;18;19;20;21;22;23;24;25;26;27;28	1402	222	1662	0	1598	0	1621	0	1485	174	1160	357
43;44	193	0	151	63	225	0	183	0	184	6	204	0
71	97	8	84	25	98	0	105	0	82	16	67	35
29;32;34;36;38;39;40;58;59;60;61;62;64;67	1310	82	1342	0	1288	87	1126	308	1432	0	1369	3
30;31;33;35;37;41;42;57;63;65;66;68;69;70	1271	122	1428	0	1278	123	1047	364	1378	0	1365	11
0;1;6;7;9;10;12	596	100	442	310	777	0	607	88	384	330	528	201
47;49;51;53;54;55;56	674	0	673	55	646	0	736	0	748	0	584	115
72;73;74;75;76;77;78;79;80;81;82;83;84;85;86;87;88;89;90	1606	240	1318	537	1843	0	1958	0	1579	300	1405	489
2;3;4;5;8;11	509	91	358	260	612	0	469	117	328	225	456	136
