MultiBinom clustering
Convergence threshold: 1.000000
Initial num clusters: 100
kmeans: True

Time taken: 13.660477
ARI: 0.676008
Cluster freq error: 0.004252
Num active clusters: 11
Cluster assignments
7
7
10
10
10
10
7
7
10
7
7
10
7
2
2
2
2
2
2
2
2
2
2
2
2
2
2
2
2
5
6
6
5
6
5
6
5
6
5
5
5
6
6
3
3
1
1
8
1
8
1
8
1
8
8
8
8
6
5
5
5
5
5
6
5
6
6
5
6
6
6
4
9
9
9
9
9
9
9
9
9
9
9
9
9
9
9
9
9
9
9
0
0
0
0
0
0
0
0
0
Alpha posterior values
321.0000 0.0000 0.0000 0.0000 0.0000 0.0000 222.0000 0.0000 10.1028 88.5328 0.0000 0.0000 0.0000 108.5225 0.0000 0.0000 0.0000 236.4046 0.0000 0.0000 82.4775 0.0000 0.0000 0.0000 0.0000 1.4926 0.0000 0.0000 0.0000 0.0000 0.0000 0.0000 0.0000 0.0000 0.0000 0.0000 0.0000 0.0000 0.0000 115.4672 0.0000 0.0000 0.0000 0.0000 0.0000 0.0000 0.0000 0.0000 0.0000 0.0000 0.0000 0.0000 0.0000 0.0000 0.0000 0.0000 0.0000 0.0000 0.0000 0.0000 0.0000 0.0000 0.0000 0.0000 0.0000 0.0000 0.0000 0.0000 0.0000 0.0000 0.0000 0.0000 0.0000 0.0000 0.0000 0.0000 0.0000 0.0000 0.0000 0.0000 0.0000 0.0000 0.0000 0.0000 0.0000 0.0000 0.0000 0.0000 0.0000 0.0000 0.0000 0.0000 0.0000 0.0000 0.0000 0.0000 0.0000 0.0000 0.0000 0.0000
426.0000 0.0000 0.0000 0.0000 0.0000 47.7011 0.0000 63.0000 24.1315 0.0000 0.0000 0.0000 0.0000 328.6685 0.0000 0.0000 49.5459 536.1232 0.0000 0.0000 241.3315 0.0000 0.0000 0.0000 0.0000 1.7453 0.0000 0.0000 0.0000 0.0000 0.0000 0.0000 0.0000 0.0000 1.7530 0.0000 0.0000 0.0000 0.0000 0.0000 0.0000 0.0000 0.0000 0.0000 0.0000 0.0000 0.0000 0.0000 0.0000 0.0000 0.0000 0.0000 0.0000 0.0000 0.0000 0.0000 0.0000 0.0000 0.0000 0.0000 0.0000 0.0000 0.0000 0.0000 0.0000 0.0000 0.0000 0.0000 0.0000 0.0000 0.0000 0.0000 0.0000 0.0000 0.0000 0.0000 0.0000 0.0000 0.0000 0.0000 0.0000 0.0000 0.0000 0.0000 0.0000 0.0000 0.0000 0.0000 0.0000 0.0000 0.0000 0.0000 0.0000 0.0000 0.0000 0.0000 0.0000 0.0000 0.0000 0.0000
52.0000 0.0000 0.0000 0.0000 0.0000 0.0000 0.0000 0.0000 0.0000 96.8602 0.0000 0.0000 0.0000 0.0000 0.0000 0.0000 0.0000 0.0000 0.0000 0.0000 0.0000 0.0000 0.0000 0.0000 0.0000 0.0000 0.0000 0.0000 0.0000 0.0000 0.0000 0.0000 0.0000 0.0000 0.0000 0.0000 0.0000 0.0000 0.0000 113.1398 0.0000 0.0000 0.0000 0.0000 0.0000 0.0000 0.0000 0.0000 0.0000 0.0000 0.0000 0.0000 0.0000 0.0000 0.0000 0.0000 0.0000 0.0000 0.0000 0.0000 0.0000 0.0000 0.0000 0.0000 0.0000 0.0000 0.0000 0.0000 0.0000 0.0000 0.0000 0.0000 0.0000 0.0000 0.0000 0.0000 0.0000 0.0000 0.0000 0.0000 0.0000 0.0000 0.0000 0.0000 0.0000 0.0000 0.0000 0.0000 0.0000 0.0000 0.0000 0.0000 0.0000 0.0000 0.0000 0.0000 0.0000 0.0000 0.0000 0.0000
399.0000 0.0000 0.0000 0.0000 0.0000 0.0000 0.0000 0.0000 0.0000 331.7667 0.0000 0.0000 0.0000 98.0915 0.0000 0.0000 0.0000 0.0000 0.0000 0.0000 106.9085 0.0000 0.0000 0.0000 0.0000 0.0000 0.0000 0.0000 0.0000 0.0000 0.0000 0.0000 0.0000 0.0000 0.0000 0.0000 0.0000 0.0000 0.0000 340.2333 0.0000 0.0000 0.0000 0.0000 0.0000 0.0000 0.0000 0.0000 0.0000 0.0000 0.0000 0.0000 0.0000 0.0000 0.0000 0.0000 0.0000 0.0000 0.0000 0.0000 0.0000 0.0000 0.0000 0.0000 0.0000 0.0000 0.0000 0.0000 0.0000 0.0000 0.0000 0.0000 0.0000 0.0000 0.0000 0.0000 0.0000 0.0000 0.0000 0.0000 0.0000 0.0000 0.0000 0.0000 0.0000 0.0000 0.0000 0.0000 0.0000 0.0000 0.0000 0.0000 0.0000 0.0000 0.0000 0.0000 0.0000 0.0000 0.0000 0.0000
430.0000 0.0000 0.0000 0.0000 0.0000 0.0000 174.0000 6.0000 17.0219 0.0000 0.0000 0.0000 0.0000 344.1971 0.0000 0.0000 0.0000 296.9243 0.0000 0.0000 210.8029 0.0000 0.0000 0.0000 0.0000 2.0538 0.0000 0.0000 0.0000 0.0000 0.0000 0.0000 0.0000 0.0000 0.0000 0.0000 0.0000 0.0000 0.0000 0.0000 0.0000 0.0000 0.0000 0.0000 0.0000 0.0000 0.0000 0.0000 0.0000 0.0000 0.0000 0.0000 0.0000 0.0000 0.0000 0.0000 0.0000 0.0000 0.0000 0.0000 0.0000 0.0000 0.0000 0.0000 0.0000 0.0000 0.0000 0.0000 0.0000 0.0000 0.0000 0.0000 0.0000 0.0000 0.0000 0.0000 0.0000 0.0000 0.0000 0.0000 0.0000 0.0000 0.0000 0.0000 0.0000 0.0000 0.0000 0.0000 0.0000 0.0000 0.0000 0.0000 0.0000 0.0000 0.0000 0.0000 0.0000 0.0000 0.0000 0.0000
380.0000 0.0000 0.0000 0.0000 0.0000 113.5314 357.0000 0.0000 33.0049 3.7132 0.0000 0.0000 0.0000 207.5555 0.0000 0.0000 113.7862 488.1180 0.0000 0.0000 129.4445 0.0000 0.0000 0.0000 0.0000 2.8771 0.0000 0.0000 0.0000 0.0000 0.0000 0.0000 0.0000 0.0000 4.6824 0.0000 0.0000 0.0000 0.0000 10.2868 0.0000 0.0000 0.0000 0.0000 0.0000 0.0000 0.0000 0.0000 0.0000 0.0000 0.0000 0.0000 0.0000 0.0000 0.0000 0.0000 0.0000 0.0000 0.0000 0.0000 0.0000 0.0000 0.0000 0.0000 0.0000 0.0000 0.0000 0.0000 0.0000 0.0000 0.0000 0.0000 0.0000 0.0000 0.0000 0.0000 0.0000 0.0000 0.0000 0.0000 0.0000 0.0000 0.0000 0.0000 0.0000 0.0000 0.0000 0.0000 0.0000 0.0000 0.0000 0.0000 0.0000 0.0000 0.0000 0.0000 0.0000 0.0000 0.0000 0.0000
Beta posterior values
546.0000 0.0000 0.0000 0.0000 0.0000 544.5939 1402.0000 193.0000 99.9617 1361.3134 0.0000 0.0000 0.0000 631.3740 0.0000 0.0000 581.4095 1591.8105 0.0000 0.0000 473.6260 0.0000 0.0000 0.0000 0.0000 11.2278 0.0000 0.0000 0.0000 0.0000 0.0000 0.0000 0.0000 0.0000 24.9967 0.0000 0.0000 0.0000 0.0000 1219.6866 0.0000 0.0000 0.0000 0.0000 0.0000 0.0000 0.0000 0.0000 0.0000 0.0000 0.0000 0.0000 0.0000 0.0000 0.0000 0.0000 0.0000 0.0000 0.0000 0.0000 0.0000 0.0000 0.0000 0.0000 0.0000 0.0000 0.0000 0.0000 0.0000 0.0000 0.0000 0.0000 0.0000 0.0000 0.0000 0.0000 0.0000 0.0000 0.0000 0.0000 0.0000 0.0000 0.0000 0.0000 0.0000 0.0000 0.0000 0.0000 0.0000 0.0000 0.0000 0.0000 0.0000 0.0000 0.0000 0.0000 0.0000 0.0000 0.0000 0.0000
445.0000 0.0000 0.0000 0.0000 0.0000 532.8312 1662.0000 151.0000 86.2825 1409.3071 0.0000 0.0000 0.0000 466.7362 0.0000 0.0000 582.8937 1306.0635 0.0000 0.0000 333.2638 0.0000 0.0000 0.0000 0.0000 9.6541 0.0000 0.0000 0.0000 0.0000 0.0000 0.0000 0.0000 0.0000 25.2750 0.0000 0.0000 0.0000 0.0000 1360.6929 0.0000 0.0000 0.0000 0.0000 0.0000 0.0000 0.0000 0.0000 0.0000 0.0000 0.0000 0.0000 0.0000 0.0000 0.0000 0.0000 0.0000 0.0000 0.0000 0.0000 0.0000 0.0000 0.0000 0.0000 0.0000 0.0000 0.0000 0.0000 0.0000 0.0000 0.0000 0.0000 0.0000 0.0000 0.0000 0.0000 0.0000 0.0000 0.0000 0.0000 0.0000 0.0000 0.0000 0.0000 0.0000 0.0000 0.0000 0.0000 0.0000 0.0000 0.0000 0.0000 0.0000 0.0000 0.0000 0.0000 0.0000 0.0000 0.0000 0.0000
816.0000 0.0000 0.0000 0.0000 0.0000 552.1371 1598.0000 225.0000 99.5289 1340.3538 0.0000 0.0000 0.0000 813.8907 0.0000 0.0000 591.2389 1831.8777 0.0000 0.0000 575.1093 0.0000 0.0000 0.0000 0.0000 9.5934 0.0000 0.0000 0.0000 0.0000 0.0000 0.0000 0.0000 0.0000 24.6240 0.0000 0.0000 0.0000 0.0000 1225.6462 0.0000 0.0000 0.0000 0.0000 0.0000 0.0000 0.0000 0.0000 0.0000 0.0000 0.0000 0.0000 0.0000 0.0000 0.0000 0.0000 0.0000 0.0000 0.0000 0.0000 0.0000 0.0000 0.0000 0.0000 0.0000 0.0000 0.0000 0.0000 0.0000 0.0000 0.0000 0.0000 0.0000 0.0000 0.0000 0.0000 0.0000 0.0000 0.0000 0.0000 0.0000 0.0000 0.0000 0.0000 0.0000 0.0000 0.0000 0.0000 0.0000 0.0000 0.0000 0.0000 0.0000 0.0000 0.0000 0.0000 0.0000 0.0000 0.0000 0.0000
447.0000 0.0000 0.0000 0.0000 0.0000 597.8488 1621.0000 183.0000 110.4748 1162.3314 0.0000 0.0000 0.0000 645.5774 0.0000 0.0000 643.0924 1940.1160 0.0000 0.0000 430.4226 0.0000 0.0000 0.0000 0.0000 12.4092 0.0000 0.0000 0.0000 0.0000 0.0000 0.0000 0.0000 0.0000 27.0588 0.0000 0.0000 0.0000 0.0000 1010.6686 0.0000 0.0000 0.0000 0.0000 0.0000 0.0000 0.0000 0.0000 0.0000 0.0000 0.0000 0.0000 0.0000 0.0000 0.0000 0.0000 0.0000 0.0000 0.0000 0.0000 0.0000 0.0000 0.0000 0.0000 0.0000 0.0000 0.0000 0.0000 0.0000 0.0000 0.0000 0.0000 0.0000 0.0000 0.0000 0.0000 0.0000 0.0000 0.0000 0.0000 0.0000 0.0000 0.0000 0.0000 0.0000 0.0000 0.0000 0.0000 0.0000 0.0000 0.0000 0.0000 0.0000 0.0000 0.0000 0.0000 0.0000 0.0000 0.0000 0.0000
511.0000 0.0000 0.0000 0.0000 0.0000 590.4025 1485.0000 184.0000 91.9119 1478.4105 0.0000 0.0000 0.0000 406.6172 0.0000 0.0000 636.0733 1557.2807 0.0000 0.0000 305.3828 0.0000 0.0000 0.0000 0.0000 11.8074 0.0000 0.0000 0.0000 0.0000 0.0000 0.0000 0.0000 0.0000 27.5241 0.0000 0.0000 0.0000 0.0000 1331.5895 0.0000 0.0000 0.0000 0.0000 0.0000 0.0000 0.0000 0.0000 0.0000 0.0000 0.0000 0.0000 0.0000 0.0000 0.0000 0.0000 0.0000 0.0000 0.0000 0.0000 0.0000 0.0000 0.0000 0.0000 0.0000 0.0000 0.0000 0.0000 0.0000 0.0000 0.0000 0.0000 0.0000 0.0000 0.0000 0.0000 0.0000 0.0000 0.0000 0.0000 0.0000 0.0000 0.0000 0.0000 0.0000 0.0000 0.0000 0.0000 0.0000 0.0000 0.0000 0.0000 0.0000 0.0000 0.0000 0.0000 0.0000 0.0000 0.0000 0.0000
484.0000 0.0000 0.0000 0.0000 0.0000 450.8773 1160.0000 204.0000 73.2217 1421.8553 0.0000 0.0000 0.0000 556.1237 0.0000 0.0000 501.4262 1390.0995 0.0000 0.0000 427.8763 0.0000 0.0000 0.0000 0.0000 8.6788 0.0000 0.0000 0.0000 0.0000 0.0000 0.0000 0.0000 0.0000 21.6965 0.0000 0.0000 0.0000 0.0000 1312.1447 0.0000 0.0000 0.0000 0.0000 0.0000 0.0000 0.0000 0.0000 0.0000 0.0000 0.0000 0.0000 0.0000 0.0000 0.0000 0.0000 0.0000 0.0000 0.0000 0.0000 0.0000 0.0000 0.0000 0.0000 0.0000 0.0000 0.0000 0.0000 0.0000 0.0000 0.0000 0.0000 0.0000 0.0000 0.0000 0.0000 0.0000 0.0000 0.0000 0.0000 0.0000 0.0000 0.0000 0.0000 0.0000 0.0000 0.0000 0.0000 0.0000 0.0000 0.0000 0.0000 0.0000 0.0000 0.0000 0.0000 0.0000 0.0000 0.0000 0.0000
Cluster phi posterior values
0.3700 0.0000 0.1363 0.0000 0.0880 0.0605 0.0859 0.1458 0.0000 0.1289 0.1472
0.4891 0.0809 0.0000 0.2931 0.2159 0.0000 0.0000 0.4130 0.0772 0.2908 0.4198
0.0590 0.0000 0.0000 0.0000 0.0000 0.0668 0.0839 0.0000 0.0000 0.0000 0.0000
0.4716 0.0000 0.0000 0.0000 0.0000 0.2217 0.2515 0.1310 0.0000 0.0000 0.1980
0.4569 0.0000 0.1044 0.0283 0.1530 0.0000 0.0000 0.4583 0.0000 0.1598 0.4081
0.4397 0.2002 0.2350 0.0000 0.3089 0.0020 0.0071 0.2713 0.1841 0.2596 0.2314
