1 #sols

4
6
0.451358 0.0165664 0.015544 0 0.0537996 0 
0.418593 0.15826 0.174419 0.154636 0.0534095 0.000363042 
0.483513 0.3016 0.329928 0.297445 0.133397 0 
0.312298 0.0989221 0 0 0.00024108 0.100635 

Sample_0 Sample_1 Sample_2 Sample_3 
60;61;62;63;64;65;66;67;68;69;70;71;72;73;74;75;76;77;78;79;80;81;82;83;84;85;97;98;99 0;1;2;3;4;5;6;7;8 9 86;87;88;89;90;91;92;93;94;95 32;33;34;35;36;37;38;39;40;41;42;43;44;45;46;47;48;49;50;51;52;53;54;55;56;57;58;59;96 10;11;12;13;14;15;16;17;18;19;20;21;22;23;24;25;26;27;28;29;30;31 

4
5
0.764029 0.0310881 0 0 0.107599 
0.380805 0.039565 0.309272 0.000726085 0.106819 
0.0403743 0.0649668 0.59489 0 0.266795 
0.422843 0 0 0.201271 0.00048216 
5
5
1 0 0 0 0 
1 1 0 0 0 
1 1 1 0 0 
1 0 0 1 0 
1 0 0 0 1 

1 1 0.90841 1 1 
4
5
0.451358 0.015544 0 0 0.0537996 
0.418593 0.174419 0.154636 0.000363042 0.0534095 
0.483513 0.329928 0.297445 0 0.133397 
0.312298 0 0 0.100635 0.00024108 

Sample_0 Sample_1 Sample_2 Sample_3 
0 2 3 5 4 

