MultiBinom clustering
Convergence threshold: 1.000000
Initial num clusters: 75
kmeans: True

Time taken: 9.503774
ARI: 0.907742
Cluster freq error: 0.003157
Num active clusters: 10
Cluster assignments
9
9
6
9
9
9
9
9
9
4
5
0
0
0
0
0
0
0
0
0
0
0
0
0
0
0
0
5
0
0
0
0
8
8
8
8
3
3
3
3
3
3
3
8
8
8
8
8
8
8
8
8
8
8
8
8
8
8
8
8
7
7
7
7
7
7
7
7
7
7
7
7
7
7
7
7
7
7
7
7
7
7
7
7
7
7
4
4
4
4
4
4
4
4
4
4
2
1
1
1
Alpha posterior values
0.0000 0.0000 0.0000 0.0000 44.0000 13.1270 32.0000 0.0000 0.9994 0.0000 0.0000 0.0000 0.0000 1.9503 0.0000 0.0000 1255.0000 113.8730 0.0000 0.0000 0.0000 0.0000 0.0000 0.0000 20.0503 0.0000 0.0000 0.0000 0.0000 0.0000 0.0000 0.0000 0.0000 0.0000 0.0000 0.0000 0.0000 0.0000 0.0000 0.0000 0.0000 0.0000 0.0000 0.0000 0.0000 0.0000 0.0000 0.0000 0.0000 0.0000 0.0000 0.0000 0.0000 0.0000 0.0000 0.0000 0.0000 0.0000 0.0000 0.0000 0.0000 0.0000 0.0000 0.0000 0.0000 0.0000 0.0000 0.0000 0.0000 0.0000 0.0000 0.0000 0.0000 0.0000 0.0000 0.0000 0.0000 0.0000 0.0000 0.0000 0.0000 0.0000 0.0000 0.0000 0.0000 0.0000 0.0000 0.0000 0.0000 0.0000 0.0000 0.0000 0.0000 0.0000 0.0000 0.0000 0.0000 0.0000 0.0000 0.0000
0.0000 0.0000 0.0000 0.0000 117.0000 0.0000 9.0000 152.6989 166.9905 0.0000 0.0000 0.0000 1.0000 11.6763 0.0000 0.0000 1102.0000 0.0000 0.0000 0.0000 0.0000 0.0000 0.0000 0.0000 136.3332 0.0000 0.0000 0.0000 0.0000 0.0000 0.0000 1.3011 0.0000 0.0000 0.0000 0.0000 0.0000 0.0000 0.0000 0.0000 0.0000 0.0000 0.0000 0.0000 0.0000 0.0000 0.0000 0.0000 0.0000 0.0000 0.0000 0.0000 0.0000 0.0000 0.0000 0.0000 0.0000 0.0000 0.0000 0.0000 0.0000 0.0000 0.0000 0.0000 0.0000 0.0000 0.0000 0.0000 0.0000 0.0000 0.0000 0.0000 0.0000 0.0000 0.0000 0.0000 0.0000 0.0000 0.0000 0.0000 0.0000 0.0000 0.0000 0.0000 0.0000 0.0000 0.0000 0.0000 0.0000 0.0000 0.0000 0.0000 0.0000 0.0000 0.0000 0.0000 0.0000 0.0000 0.0000 0.0000
0.0000 0.0000 0.0000 0.0000 152.0000 39.8783 0.0000 0.0000 315.9904 0.0000 0.0000 0.0000 0.0000 39.8309 0.0000 0.0000 1270.0000 354.1217 0.0000 0.0000 0.0000 0.0000 0.0000 0.0000 230.1787 0.0000 0.0000 0.0000 0.0000 0.0000 0.0000 0.0000 0.0000 0.0000 0.0000 0.0000 0.0000 0.0000 0.0000 0.0000 0.0000 0.0000 0.0000 0.0000 0.0000 0.0000 0.0000 0.0000 0.0000 0.0000 0.0000 0.0000 0.0000 0.0000 0.0000 0.0000 0.0000 0.0000 0.0000 0.0000 0.0000 0.0000 0.0000 0.0000 0.0000 0.0000 0.0000 0.0000 0.0000 0.0000 0.0000 0.0000 0.0000 0.0000 0.0000 0.0000 0.0000 0.0000 0.0000 0.0000 0.0000 0.0000 0.0000 0.0000 0.0000 0.0000 0.0000 0.0000 0.0000 0.0000 0.0000 0.0000 0.0000 0.0000 0.0000 0.0000 0.0000 0.0000 0.0000 0.0000
0.0000 0.0000 120.7134 0.0000 41.0000 0.0000 0.0000 0.0000 0.0000 0.0000 0.0000 0.0000 76.2866 15.5226 0.0000 0.0000 859.0000 0.0000 0.0000 0.0000 0.0000 0.0000 0.0000 0.0000 76.4774 0.0000 0.0000 0.0000 0.0000 0.0000 0.0000 0.0000 0.0000 0.0000 0.0000 0.0000 0.0000 0.0000 0.0000 0.0000 0.0000 0.0000 0.0000 0.0000 0.0000 0.0000 0.0000 0.0000 0.0000 0.0000 0.0000 0.0000 0.0000 0.0000 0.0000 0.0000 0.0000 0.0000 0.0000 0.0000 0.0000 0.0000 0.0000 0.0000 0.0000 0.0000 0.0000 0.0000 0.0000 0.0000 0.0000 0.0000 0.0000 0.0000 0.0000 0.0000 0.0000 0.0000 0.0000 0.0000 0.0000 0.0000 0.0000 0.0000 0.0000 0.0000 0.0000 0.0000 0.0000 0.0000 0.0000 0.0000 0.0000 0.0000 0.0000 0.0000 0.0000 0.0000 0.0000 0.0000
Beta posterior values
0.0000 0.0000 1437.7261 0.0000 240.0000 202.8272 67.0000 660.3229 1125.9484 0.0000 0.0000 0.0000 759.2739 84.5403 0.0000 0.0000 1327.0000 1786.1728 0.0000 0.0000 0.0000 0.0000 0.0000 0.0000 749.5114 0.0000 0.0000 0.0000 0.0000 0.0000 0.0000 5.6771 0.0000 0.0000 0.0000 0.0000 0.0000 0.0000 0.0000 0.0000 0.0000 0.0000 0.0000 0.0000 0.0000 0.0000 0.0000 0.0000 0.0000 0.0000 0.0000 0.0000 0.0000 0.0000 0.0000 0.0000 0.0000 0.0000 0.0000 0.0000 0.0000 0.0000 0.0000 0.0000 0.0000 0.0000 0.0000 0.0000 0.0000 0.0000 0.0000 0.0000 0.0000 0.0000 0.0000 0.0000 0.0000 0.0000 0.0000 0.0000 0.0000 0.0000 0.0000 0.0000 0.0000 0.0000 0.0000 0.0000 0.0000 0.0000 0.0000 0.0000 0.0000 0.0000 0.0000 0.0000 0.0000 0.0000 0.0000 0.0000
0.0000 0.0000 1430.9915 0.0000 172.0000 214.0660 105.0000 558.2345 896.9561 0.0000 0.0000 0.0000 738.0085 78.7736 0.0000 0.0000 1514.0000 1881.9340 0.0000 0.0000 0.0000 0.0000 0.0000 0.0000 666.2703 0.0000 0.0000 0.0000 0.0000 0.0000 0.0000 4.7655 0.0000 0.0000 0.0000 0.0000 0.0000 0.0000 0.0000 0.0000 0.0000 0.0000 0.0000 0.0000 0.0000 0.0000 0.0000 0.0000 0.0000 0.0000 0.0000 0.0000 0.0000 0.0000 0.0000 0.0000 0.0000 0.0000 0.0000 0.0000 0.0000 0.0000 0.0000 0.0000 0.0000 0.0000 0.0000 0.0000 0.0000 0.0000 0.0000 0.0000 0.0000 0.0000 0.0000 0.0000 0.0000 0.0000 0.0000 0.0000 0.0000 0.0000 0.0000 0.0000 0.0000 0.0000 0.0000 0.0000 0.0000 0.0000 0.0000 0.0000 0.0000 0.0000 0.0000 0.0000 0.0000 0.0000 0.0000 0.0000
0.0000 0.0000 1476.4541 0.0000 153.0000 175.8606 109.0000 694.0296 743.9563 0.0000 0.0000 0.0000 747.5459 60.3761 0.0000 0.0000 1373.0000 1548.1394 0.0000 0.0000 0.0000 0.0000 0.0000 0.0000 622.6676 0.0000 0.0000 0.0000 0.0000 0.0000 0.0000 5.9704 0.0000 0.0000 0.0000 0.0000 0.0000 0.0000 0.0000 0.0000 0.0000 0.0000 0.0000 0.0000 0.0000 0.0000 0.0000 0.0000 0.0000 0.0000 0.0000 0.0000 0.0000 0.0000 0.0000 0.0000 0.0000 0.0000 0.0000 0.0000 0.0000 0.0000 0.0000 0.0000 0.0000 0.0000 0.0000 0.0000 0.0000 0.0000 0.0000 0.0000 0.0000 0.0000 0.0000 0.0000 0.0000 0.0000 0.0000 0.0000 0.0000 0.0000 0.0000 0.0000 0.0000 0.0000 0.0000 0.0000 0.0000 0.0000 0.0000 0.0000 0.0000 0.0000 0.0000 0.0000 0.0000 0.0000 0.0000 0.0000
0.0000 0.0000 1291.8428 0.0000 239.0000 221.5305 93.0000 700.9907 1090.9444 0.0000 0.0000 0.0000 664.1572 86.5310 0.0000 0.0000 1741.0000 1950.4695 0.0000 0.0000 0.0000 0.0000 0.0000 0.0000 721.5246 0.0000 0.0000 0.0000 0.0000 0.0000 0.0000 6.0093 0.0000 0.0000 0.0000 0.0000 0.0000 0.0000 0.0000 0.0000 0.0000 0.0000 0.0000 0.0000 0.0000 0.0000 0.0000 0.0000 0.0000 0.0000 0.0000 0.0000 0.0000 0.0000 0.0000 0.0000 0.0000 0.0000 0.0000 0.0000 0.0000 0.0000 0.0000 0.0000 0.0000 0.0000 0.0000 0.0000 0.0000 0.0000 0.0000 0.0000 0.0000 0.0000 0.0000 0.0000 0.0000 0.0000 0.0000 0.0000 0.0000 0.0000 0.0000 0.0000 0.0000 0.0000 0.0000 0.0000 0.0000 0.0000 0.0000 0.0000 0.0000 0.0000 0.0000 0.0000 0.0000 0.0000 0.0000 0.0000
Cluster phi posterior values
0.0000 0.1531 0.3214 0.0000 0.0001 0.0000 0.0170 0.4860 0.0595 0.0250
0.0000 0.4043 0.0752 0.2141 0.1564 0.0002 0.1250 0.4212 0.0000 0.1691
0.0000 0.4984 0.0000 0.0000 0.2978 0.0000 0.3965 0.4805 0.1858 0.2694
0.0849 0.1445 0.0000 0.0000 0.0000 0.1021 0.1487 0.3303 0.0000 0.0949
