1 #sols

5
9
0.00407925 0.168014 0.167614 0.256693 0 0 0.0625 0.195652 0.0903226 
0 0.109537 0.27095 0.451299 0.0561497 0 0 0.25 0 
0.0349099 0.176796 0.161765 0.243328 0 0.118519 0.0403023 0.295455 0 
0.100788 0.0469925 0.0116279 0.347892 0 0.127517 0 0.078125 0.0816327 
0 0 0 0.0525502 0.0683761 0 0 0 0 

Sample_0 Sample_1 Sample_2 Sample_3 Sample_4 
0;25;26;27;28;29;30;31;32;33;34;35;37;39;40;41;42;43;44;45;46;47;48;49;50;51;52;54;55;56;57;58;59;82;83;84 1;2;3;4;5;6;8;9;10;11;12;13;14;15;16;18;19;21;22;23;24;79 7;17;20;76;77;80;81 60;61;62;63;64;65;66;67;68;69;70;71;72 93;94;95;96;97;98;99 36;38;53 85;86;87;88;89;90;91;92 78 73;74;75 

5
6
0 0.180645 0.0736726 0 0.335227 0.00299875 
0.360698 0 0 0 0.541899 0 
0 0 0.0418713 0.162957 0.323529 0.0502595 
0.0526519 0.163265 0 0.255034 0.0232558 0.201577 
0.1051 0 0 0 0 0 
6
6
1 0 0 0 0 0 
1 1 0 0 0 0 
1 0 1 0 0 0 
1 0 0 1 0 0 
1 0 0 0 1 0 
1 0 0 0 0 1 

1 0.998922 1 0.99897 0.998559 1 
5
6
0.296272 0.0903226 0.0368363 0 0.167614 0.00149937 
0.451299 0 0 0 0.27095 0 
0.289308 0 0.0209357 0.0814784 0.161765 0.0251297 
0.347892 0.0816327 0 0.127517 0.0116279 0.100788 
0.0525502 0 0 0 0 0 

Sample_0 Sample_1 Sample_2 Sample_3 Sample_4 
3 8 6 5 2 0 

