1 #sols

6
11
0.318182 0.492188 0.161189 0 0 0.0205279 0.17268 0.271523 0 0.240586 0.282051 
0 0.142857 0 0 0 0 0 0.164384 0.133766 0 0.111111 
0 0.412 0.00478978 0.0295359 0.0315186 0 0.0164706 0.34375 0.290148 0.037037 0.333333 
0 0.287805 0.0140552 0.00374532 0.0138889 0.180723 0 0 0 0.00845666 0 
0.136364 0.230159 0.27588 0 0 0 0.146096 0 0 0.232742 0 
0 0.454128 0 0 0.180758 0.0122324 0 0.10625 0 0 0.3 

Sample_0 Sample_1 Sample_2 Sample_3 Sample_4 Sample_5 
4 0;1;2;3;17 5;11;12;15;38;39;40;41;42;54;55;56;57;58;60;62;63;65;68;70;72;73;74;75;76;77;78;79;80;81;84;85;86;87;88;89;91;92 18;19;20;21;22 43;44;45;46;47;48;49 93;94;95;96;97;98;99 6;7;8;9;10;13;14;16 50;51;53 23;24;25;26;27;28;29;30;31;32;33;34;35;36;37 59;61;64;66;67;69;71;82;83;90 52 

6
6
0 0.345361 0.0410557 0 0 0.613583 
0.285714 0 0 0 0 0 
0.66895 0.0329412 0 0.0630372 0.0590717 0 
0.178896 0 0.361446 0.0277778 0.00749064 0 
0 0.292191 0 0 0 0.272727 
0.522276 0 0.0244648 0.361516 0 0 
6
6
1 0 0 0 0 0 
1 1 0 0 0 0 
1 0 1 0 0 0 
1 0 0 1 0 0 
1 0 0 0 1 0 
1 0 0 0 0 1 

1 0.996594 0.998021 1 1 0.906815 
6
6
0.5 0.17268 0.0205279 0 0 0.306792 
0.142857 0 0 0 0 0 
0.412 0.0164706 0 0.0315186 0.0295359 0 
0.287805 0 0.180723 0.0138889 0.00374532 0 
0.282459 0.146096 0 0 0 0.136364 
0.454128 0 0.0122324 0.180758 0 0 

Sample_0 Sample_1 Sample_2 Sample_3 Sample_4 Sample_5 
1 6 5 4 3 0 

