1 #sols

5
8
0 0 0 0.0400411 0 0.0489861 0 0.0453661 
0 0.334379 0 0 0 0.335244 0 0.332485 
0 0 0.280882 0 0.0173957 0.351521 0.0497164 0.0153903 
0.0682977 0.047009 0 0 0.116202 0.249618 0 0.235816 
0.0289892 0 0.0200498 0.309665 0 0.456067 0.109366 0.322823 

Sample_0 Sample_1 Sample_2 Sample_3 Sample_4 
90;91;92;93 47;48;49;50;51;52;53;54;55;56;57;58;59;60;61;62;63;64 65;66;67;68;69;70;71;72 46 94;95;96;97;98;99 73;74;75;76;77;78;79;80;81;82;83;84;85;86;87;88;89 0;1;2;3;4;5;6;7;8;9;10;11;12;13;14;15;16;17;18;19;20;21;22;23;24;25;26;27;44;45 28;29;30;31;32;33;34;35;36;37;38;39;40;41;42;43 

5
6
0.01789 0 0 0.0800821 0 0 
0.670489 0 0 0 0 0 
0.00705425 0.0994328 0.0347914 0 0.561764 0 
0.130236 0 0.232404 0 0 0.136595 
0 0.218732 0 0.619329 0.0327082 0.0455754 
6
6
1 0 0 0 0 0 
1 1 0 0 0 0 
1 0 1 0 0 0 
1 0 0 1 0 0 
1 0 0 0 1 0 
1 0 0 0 0 1 

1 1 1 0.887135 1 1 
5
6
0.0489861 0 0 0.0400411 0 0 
0.335244 0 0 0 0 0 
0.351521 0.0497164 0.0173957 0 0.280882 0 
0.249618 0 0.116202 0 0 0.0682977 
0.458173 0.109366 0 0.309665 0.0163541 0.0227877 

Sample_0 Sample_1 Sample_2 Sample_3 Sample_4 
5 6 4 3 2 0 

