1 #sols

4
10
0.227723 0.0342298 0.0350195 0.273171 0.17551 0.133639 0.276316 0.478597 0 0 
0.136364 0.119898 0.00808081 0 0.246291 0.178007 0 0.394504 0.155436 0.0375 
0.223404 0.00257732 0.0701754 0.329843 0.169625 0 0.210191 0.461934 0.00328677 0.118863 
0 0 0 0.165049 0 0 0 0.193424 0 0 

Sample_0 Sample_1 Sample_2 Sample_3 
18 49;51;52;53 91;92;93;94;95 55;56 11;12;13;14;15;16;17;19;20;21 22;23;24;25;26;27;28;29;30;31;32;33;34;35;36;37;38;39;40;41;42;43;44;45;46;47;48 88;89;90 57;58;59;60;61;62;63;64;65;66;67;68;69;70;71;72;73;74;75;76;77;78;79;80;81;82;83;84;85;86;87 0;1;2;3;4;5;6;7;8;9;10;50;54 96;97;98;99 

4
7
0 0 0 0.552632 0.267278 0.0700389 0.0672454 
0 0.0380964 0.262276 0 0.356013 0.0114595 0.166261 
0.11368 0.237726 0.00657354 0.420382 0 0.140351 0.00515464 
0.386847 0 0 0 0 0 0 
7
7
1 0 0 0 0 0 0 
1 1 0 0 0 0 0 
1 0 1 0 0 0 0 
1 0 0 1 0 0 0 
1 0 0 0 1 0 0 
1 0 0 0 0 1 0 
1 0 0 0 0 0 1 

1 1 1 1 1 1 1 
4
7
0.478597 0 0 0.276316 0.133639 0.0350195 0.0336227 
0.417053 0.0190482 0.131138 0 0.178007 0.00572976 0.0831306 
0.461934 0.118863 0.00328677 0.210191 0 0.0701754 0.00257732 
0.193424 0 0 0 0 0 0 

Sample_0 Sample_1 Sample_2 Sample_3 
7 9 8 6 5 2 1 

