gene_id	Sample_0	Sample_0	Sample_1	Sample_1	Sample_2	Sample_2	Sample_3	Sample_3
18	78	23	95	15	73	21	112	0
49;51;52;53	395	14	345	47	387	1	405	0
91;92;93;94;95	496	18	491	4	477	36	517	0
55;56	149	56	220	0	128	63	172	34
11;12;13;14;15;16;17;19;20;21	808	172	762	249	842	172	994	0
22;23;24;25;26;27;28;29;30;31;32;33;34;35;36;37;38;39;40;41;42;43;44;45;46;47;48	2269	350	2235	484	2766	0	2718	0
88;89;90	220	84	317	0	248	66	311	0
57;58;59;60;61;62;63;64;65;66;67;68;69;70;71;72;73;74;75;76;77;78;79;80;81;82;83;84;85;86;87	1620	1487	1917	1249	1675	1438	2502	600
0;1;2;3;4;5;6;7;8;9;10;50;54	1281	0	1103	203	1213	4	1325	0
96;97;98;99	412	0	385	15	341	46	406	0
