gene_id	Sample_0	Sample_0	Sample_1	Sample_1	Sample_2	Sample_2	Sample_3	Sample_3
0;1	232	0	163	18	206	13	141	67
2;3;6;8;9;11;12;13;14;15;16;17;18;19;20;22;23;24;25;26;27;28;29;30;31;32;33;34;36;37;38;39;40;41;42;43;44;45	3543	117	3853	0	3734	0	3753	69
75	57	51	63	28	82	17	70	25
78;79;80;81;82;83;99	696	0	676	55	543	148	632	0
93;94;95;96;97;98	603	0	626	0	569	37	460	146
84;85;86;87;88;89;90;91;92	912	0	868	58	871	0	814	65
61;62	203	10	164	43	196	0	225	0
63;64;65;66;67;68;69;70;71;72;73;74;76;77	789	642	800	549	1088	389	864	541
46;47;48;49;50;51;52;53;54;55;56;57;58;59;60	1506	65	963	531	1438	80	917	628
4;5;7;10;21;35	568	38	593	0	545	0	634	1
