1 #sols

4
7
0.297023 0.30083 0.0474632 0.185185 0 0 0 
0.0974729 0.0158103 0.00169779 0.00218818 0.327044 0.0416667 0 
0.341008 0 0 0.14023 0 0.137136 0.150327 
0.418879 0.384778 0.4375 0 0 0 0 

Sample_0 Sample_1 Sample_2 Sample_3 
0;1;2;3;4;5;6;7;8;9;10;11;12;13;14;15;16;17;18;19;20;21;22;23;24;25;26;27;28;29;30;31;51 33;34;35;36;37;38;39;40;41;42 32;54;55;56;57;58;59;60;61;62;63 43;44;45;46;47;48;49;50;52 64;65;66 68;72;73;75;77;78;81;85;88;89;93;94;95;96;97;99 53;67;69;70;71;74;76;79;80;82;83;84;86;87;90;91;92;98 

4
4
0.223676 0 0 0.37037 
0.107236 0 0.0833333 0.00437637 
0 0.244288 0.274272 0.225431 
0.837758 0 0 0 
4
4
1 0 0 0 
1 1 0 0 
1 0 1 0 
1 0 0 1 

1 1 1 0.999998 
4
4
0.297023 0 0 0.185185 
0.0974729 0 0.0416667 0.00218818 
0.371995 0.122144 0.137136 0.112715 
0.418879 0 0 0 

Sample_0 Sample_1 Sample_2 Sample_3 
0 6 5 3 

