MultiBinom clustering
Convergence threshold: 1.000000
Initial num clusters: 100
kmeans: True

Time taken: 32.036810
ARI: 0.707838
Cluster freq error: 0.006995
Num active clusters: 11
Cluster assignments
1
1
1
1
1
1
1
1
1
1
1
7
7
7
7
7
7
7
9
7
7
7
6
6
6
6
6
6
6
6
6
6
6
6
6
6
6
6
6
6
6
6
6
6
6
6
6
6
6
5
1
5
5
5
1
2
2
8
8
10
8
10
10
8
10
10
10
8
8
8
8
8
10
10
8
8
8
10
10
8
10
10
8
10
8
8
10
8
3
3
3
4
4
4
4
4
0
0
0
0
Alpha posterior values
0.0000 0.0000 0.0000 0.0000 0.0000 56.0000 84.0000 0.0000 0.0000 0.0000 0.0000 18.0000 13.3885 0.0000 350.6115 0.0000 0.0000 0.0000 0.0000 0.0000 174.5662 0.0000 849.8868 20.4338 637.1132 0.0000 0.0000 0.0000 0.0000 0.0000 0.0000 0.0000 0.0000 0.0000 0.0000 0.0000 0.0000 0.0000 0.0000 0.0000 0.0000 0.0000 0.0000 0.0000 0.0000 0.0000 0.0000 0.0000 0.0000 0.0000 0.0000 0.0000 0.0000 0.0000 0.0000 0.0000 0.0000 0.0000 0.0000 0.0000 0.0000 0.0000 0.0000 0.0000 0.0000 0.0000 0.0000 0.0000 0.0000 0.0000 0.0000 0.0000 0.0000 0.0000 0.0000 0.0000 0.0000 0.0000 0.0000 0.0000 0.0000 0.0000 0.0000 0.0000 0.0000 0.0000 0.0000 0.0000 0.0000 0.0000 0.0000 0.0000 0.0000 0.0000 0.0000 0.0000 0.0000 0.0000 0.0000 0.0000
14.9438 0.0000 201.6521 0.0000 0.0000 0.0000 0.0000 0.0000 0.0000 0.0000 0.0000 4.0562 46.1962 0.0000 486.1518 0.0000 0.0000 0.0000 0.0000 0.0000 250.6284 0.0000 687.1841 13.3716 561.8159 0.0000 0.0000 0.0000 0.0000 0.0000 0.0000 0.0000 0.0000 0.0000 0.0000 0.0000 0.0000 0.0000 0.0000 0.0000 0.0000 0.0000 0.0000 0.0000 0.0000 0.0000 0.0000 0.0000 0.0000 0.0000 0.0000 0.0000 0.0000 0.0000 0.0000 0.0000 0.0000 0.0000 0.0000 0.0000 0.0000 0.0000 0.0000 0.0000 0.0000 0.0000 0.0000 0.0000 0.0000 0.0000 0.0000 0.0000 0.0000 0.0000 0.0000 0.0000 0.0000 0.0000 0.0000 0.0000 0.0000 0.0000 0.0000 0.0000 0.0000 0.0000 0.0000 0.0000 0.0000 0.0000 0.0000 0.0000 0.0000 0.0000 0.0000 0.0000 0.0000 0.0000 0.0000 0.0000
45.5361 0.0000 3.9851 0.0000 0.0000 63.0000 66.0000 0.0000 0.0000 0.0000 0.0000 36.4639 1.0149 0.0000 0.0000 0.0000 0.0000 0.0000 0.0000 0.0000 174.3170 0.0000 802.4950 18.6830 635.5050 0.0000 0.0000 0.0000 0.0000 0.0000 0.0000 0.0000 0.0000 0.0000 0.0000 0.0000 0.0000 0.0000 0.0000 0.0000 0.0000 0.0000 0.0000 0.0000 0.0000 0.0000 0.0000 0.0000 0.0000 0.0000 0.0000 0.0000 0.0000 0.0000 0.0000 0.0000 0.0000 0.0000 0.0000 0.0000 0.0000 0.0000 0.0000 0.0000 0.0000 0.0000 0.0000 0.0000 0.0000 0.0000 0.0000 0.0000 0.0000 0.0000 0.0000 0.0000 0.0000 0.0000 0.0000 0.0000 0.0000 0.0000 0.0000 0.0000 0.0000 0.0000 0.0000 0.0000 0.0000 0.0000 0.0000 0.0000 0.0000 0.0000 0.0000 0.0000 0.0000 0.0000 0.0000 0.0000
0.0000 0.0000 0.0000 0.0000 0.0000 34.0000 0.0000 0.0000 0.0000 0.0000 0.0000 0.0000 0.0000 0.0000 0.0000 0.0000 0.0000 0.0000 0.0000 0.0000 0.0000 0.0000 317.1116 0.0000 282.8884 0.0000 0.0000 0.0000 0.0000 0.0000 0.0000 0.0000 0.0000 0.0000 0.0000 0.0000 0.0000 0.0000 0.0000 0.0000 0.0000 0.0000 0.0000 0.0000 0.0000 0.0000 0.0000 0.0000 0.0000 0.0000 0.0000 0.0000 0.0000 0.0000 0.0000 0.0000 0.0000 0.0000 0.0000 0.0000 0.0000 0.0000 0.0000 0.0000 0.0000 0.0000 0.0000 0.0000 0.0000 0.0000 0.0000 0.0000 0.0000 0.0000 0.0000 0.0000 0.0000 0.0000 0.0000 0.0000 0.0000 0.0000 0.0000 0.0000 0.0000 0.0000 0.0000 0.0000 0.0000 0.0000 0.0000 0.0000 0.0000 0.0000 0.0000 0.0000 0.0000 0.0000 0.0000 0.0000
Beta posterior values
406.3624 0.0000 1269.9858 0.0000 0.0000 149.0000 220.0000 0.0000 0.0000 0.0000 0.0000 501.6377 391.0120 0.0000 2284.0022 0.0000 0.0000 0.0000 0.0000 0.0000 816.6477 0.0000 853.4490 69.3523 766.5510 0.0000 0.0000 0.0000 0.0000 0.0000 0.0000 0.0000 0.0000 0.0000 0.0000 0.0000 0.0000 0.0000 0.0000 0.0000 0.0000 0.0000 0.0000 0.0000 0.0000 0.0000 0.0000 0.0000 0.0000 0.0000 0.0000 0.0000 0.0000 0.0000 0.0000 0.0000 0.0000 0.0000 0.0000 0.0000 0.0000 0.0000 0.0000 0.0000 0.0000 0.0000 0.0000 0.0000 0.0000 0.0000 0.0000 0.0000 0.0000 0.0000 0.0000 0.0000 0.0000 0.0000 0.0000 0.0000 0.0000 0.0000 0.0000 0.0000 0.0000 0.0000 0.0000 0.0000 0.0000 0.0000 0.0000 0.0000 0.0000 0.0000 0.0000 0.0000 0.0000 0.0000 0.0000 0.0000
380.3894 0.0000 1092.9385 0.0000 0.0000 220.0000 317.0000 0.0000 0.0000 0.0000 0.0000 495.6106 343.6959 0.0000 2246.3656 0.0000 0.0000 0.0000 0.0000 0.0000 772.6216 0.0000 1087.8948 84.3784 829.1052 0.0000 0.0000 0.0000 0.0000 0.0000 0.0000 0.0000 0.0000 0.0000 0.0000 0.0000 0.0000 0.0000 0.0000 0.0000 0.0000 0.0000 0.0000 0.0000 0.0000 0.0000 0.0000 0.0000 0.0000 0.0000 0.0000 0.0000 0.0000 0.0000 0.0000 0.0000 0.0000 0.0000 0.0000 0.0000 0.0000 0.0000 0.0000 0.0000 0.0000 0.0000 0.0000 0.0000 0.0000 0.0000 0.0000 0.0000 0.0000 0.0000 0.0000 0.0000 0.0000 0.0000 0.0000 0.0000 0.0000 0.0000 0.0000 0.0000 0.0000 0.0000 0.0000 0.0000 0.0000 0.0000 0.0000 0.0000 0.0000 0.0000 0.0000 0.0000 0.0000 0.0000 0.0000 0.0000
336.6681 0.0000 1201.3654 0.0000 0.0000 128.0000 248.0000 0.0000 0.0000 0.0000 0.0000 481.3319 384.7418 0.0000 2779.8927 0.0000 0.0000 0.0000 0.0000 0.0000 850.0518 0.0000 901.4226 64.9482 773.5774 0.0000 0.0000 0.0000 0.0000 0.0000 0.0000 0.0000 0.0000 0.0000 0.0000 0.0000 0.0000 0.0000 0.0000 0.0000 0.0000 0.0000 0.0000 0.0000 0.0000 0.0000 0.0000 0.0000 0.0000 0.0000 0.0000 0.0000 0.0000 0.0000 0.0000 0.0000 0.0000 0.0000 0.0000 0.0000 0.0000 0.0000 0.0000 0.0000 0.0000 0.0000 0.0000 0.0000 0.0000 0.0000 0.0000 0.0000 0.0000 0.0000 0.0000 0.0000 0.0000 0.0000 0.0000 0.0000 0.0000 0.0000 0.0000 0.0000 0.0000 0.0000 0.0000 0.0000 0.0000 0.0000 0.0000 0.0000 0.0000 0.0000 0.0000 0.0000 0.0000 0.0000 0.0000 0.0000
400.8645 0.0000 1314.0469 0.0000 0.0000 172.0000 311.0000 0.0000 0.0000 0.0000 0.0000 522.1356 397.9977 0.0000 2735.9553 0.0000 0.0000 0.0000 0.0000 0.0000 1006.4857 0.0000 1415.2693 99.5143 1086.7307 0.0000 0.0000 0.0000 0.0000 0.0000 0.0000 0.0000 0.0000 0.0000 0.0000 0.0000 0.0000 0.0000 0.0000 0.0000 0.0000 0.0000 0.0000 0.0000 0.0000 0.0000 0.0000 0.0000 0.0000 0.0000 0.0000 0.0000 0.0000 0.0000 0.0000 0.0000 0.0000 0.0000 0.0000 0.0000 0.0000 0.0000 0.0000 0.0000 0.0000 0.0000 0.0000 0.0000 0.0000 0.0000 0.0000 0.0000 0.0000 0.0000 0.0000 0.0000 0.0000 0.0000 0.0000 0.0000 0.0000 0.0000 0.0000 0.0000 0.0000 0.0000 0.0000 0.0000 0.0000 0.0000 0.0000 0.0000 0.0000 0.0000 0.0000 0.0000 0.0000 0.0000 0.0000 0.0000
Cluster phi posterior values
0.0000 0.0000 0.2717 0.2752 0.0331 0.0313 0.1328 0.1755 0.4990 0.2247 0.4538
0.0359 0.1553 0.0000 0.0000 0.0065 0.1169 0.1777 0.2445 0.3870 0.1333 0.4038
0.1175 0.0025 0.3286 0.2088 0.0690 0.0006 0.0000 0.1696 0.4709 0.2202 0.4509
0.0000 0.0000 0.1629 0.0000 0.0000 0.0000 0.0000 0.0000 0.1827 0.0000 0.2061
