1 #sols

6
9
0.309253 0.0166229 0.123856 0.122027 0.0139135 0 0.18528 0 0.167565 
0.345394 0.0840777 0 0 0 0.267288 0.0810159 0.0800235 0.0962822 
0.482877 0.187102 0.116991 0 0 0 0.179608 0 0.182145 
0.229605 0 0 0 0 0.227302 0 0 0 
0.499881 0.117674 0.366854 0.376249 0.112907 0 0.122952 0 0.102628 
0.431406 0.0367721 0.0765082 0.0583471 0 0 0.352743 0.00325673 0.351833 

Sample_0 Sample_1 Sample_2 Sample_3 Sample_4 Sample_5 
32;33;34;35;36;37;38;39;40;41;42;43;44;45;46;47;48;49;50;51;52;53;54;55;56 0;1;2;3;4;5;6;7;8 24;25;26;27;28;29;30 31;61;62;63;64;65 57;58;59;60 66;67;68;69;70;71;72;73;74;75;76 9;10;11;12;13;14;15;16;18;20;21;22;23;77 78;79;80;81;82;83;84;85;86;87;88;89;90;91;92;93;94;95;96;97;98;99 17;19 

6
5
0.186872 0 0.370561 0.027827 0.0332458 
0.200553 0.160047 0.162032 0 0.168155 
0.232334 0 0.359216 0 0.374204 
0.459211 0 0 0 0 
0.292695 0 0.245904 0.225815 0.235347 
0.0772683 0.00651346 0.705486 0 0.0735442 
5
5
1 0 0 0 0 
1 1 0 0 0 
1 0 1 0 0 
1 0 0 1 0 
1 0 0 0 1 

1 1 1 1 1 
6
5
0.309253 0 0.18528 0.0139135 0.0166229 
0.345394 0.0800235 0.0810159 0 0.0840777 
0.482877 0 0.179608 0 0.187102 
0.229605 0 0 0 0 
0.499881 0 0.122952 0.112907 0.117674 
0.431406 0.00325673 0.352743 0 0.0367721 

Sample_0 Sample_1 Sample_2 Sample_3 Sample_4 Sample_5 
0 7 6 4 1 

