1 #sols

4
12
0.278734 0.546798 0.0833333 0 0.436823 0 0.0299085 0 0.119266 0.482712 0.0215983 0.0326975 
0.0118881 0.47449 0.385787 0 0.0511182 0.0194175 0.468739 0 0.0340909 0.504673 0.367063 0.449126 
0.177717 0.406091 0.0192308 0 0.153846 0.235955 0.0294218 0.0876623 0 0.309343 0.0244821 0.0341328 
0 0.297927 0 0.0761905 0 0 0 0.262069 0 0.342366 0 0.0963745 

Sample_0 Sample_1 Sample_2 Sample_3 
0;1;2;3;4;5;6;7;8;9;10;97;98;99 71;75;77;79 35;63 12 90;91;92 96 36;37;38;39;40;41;42;43;44;45;46;47;48;49;50;51;52;53;54;55;56;61;62;64;65;67;68;69;70 93;94;95 11 72;73;74;76;78;80;81;82;83;84;85;86;87;88;89 57;58;59;60;66 13;14;15;16;17;18;19;20;21;22;23;24;25;26;27;28;29;30;31;32;33;34 

4
8
0.138605 0.0221986 0.0431965 0.238532 0 0 0 0.557467 
0 0.110194 0.734127 0.0681818 0 0.038835 0 0.0125348 
0 0.0193015 0.0489642 0 0.107044 0.281439 0 0.355434 
0 0.16229 0 0 0.401257 0 0.0605112 0 
8
8
1 0 0 0 0 0 0 0 
1 1 0 0 0 0 0 0 
1 1 1 0 0 0 0 0 
1 0 0 1 0 0 0 0 
1 0 0 0 1 0 0 0 
1 0 0 0 0 1 0 0 
1 0 0 0 0 0 1 0 
1 0 0 0 0 0 0 1 

1 0.824623 0.852699 1 0.84551 0.998781 1 1 
4
8
0.5 0.0326975 0.0215983 0.119266 0 0 0 0.278734 
0.481936 0.422161 0.367063 0.0340909 0 0.0194175 0 0.00626741 
0.406091 0.0341328 0.0244821 0 0.053522 0.14072 0 0.177717 
0.31203 0.0811452 0 0 0.200629 0 0.0302556 0 

Sample_0 Sample_1 Sample_2 Sample_3 
1 11 10 8 7 5 3 0 

