gene_id	Sample_0	Sample_0	Sample_1	Sample_1	Sample_2	Sample_2	Sample_3	Sample_3
0;1;2;3;4;5;6;7;8;9;10;97;98;99	1048	405	1413	17	1203	260	1399	0
71;75;77;79	184	222	206	186	234	160	271	115
35;63	198	18	121	76	204	4	208	0
12	111	0	99	0	106	0	97	8
90;91;92	156	121	297	16	242	44	330	0
96	94	0	101	2	68	21	116	0
36;37;38;39;40;41;42;43;44;45;46;47;48;49;50;51;52;53;54;55;56;61;62;64;65;67;68;69;70	2757	85	1504	1327	2837	86	2840	0
93;94;95	297	0	305	0	281	27	214	76
11	96	13	85	3	104	0	98	0
72;73;74;76;78;80;81;82;83;84;85;86;87;88;89	763	712	742	756	998	447	995	518
57;58;59;60;66	453	10	319	185	518	13	506	0
13;14;15;16;17;18;19;20;21;22;23;24;25;26;27;28;29;30;31;32;33;34	2130	72	1229	1002	2094	74	1969	210
