gene_id	Sample_0	Sample_0	Sample_1	Sample_1	Sample_2	Sample_2	Sample_3	Sample_3	Sample_4	Sample_4	Sample_5	Sample_5
5;12;15;38;39;40;41;54;55;56;57;58;59;61;62;63;65;66;67;68;70;72;73;74;75;76;77;78;79;80;81;82;84;85;86;87;88;89;90;91;92	1692	362	2023	0	1987	20	1996	31	1496	556	2055	0
18;19;20;21;22	263	0	257	0	230	7	266	1	246	0	275	0
23;24;25;26;27;28;29;30;31;32;33;34;35;36;37	756	0	667	103	526	215	695	0	730	0	736	0
93;94;95;96;97;98;99	334	7	329	0	351	0	272	60	367	0	323	4
4;6;7;8;9;10;13;14;16;64;69;71;83	502	130	637	0	670	14	716	0	541	108	672	0
11;42;60	128	13	154	0	149	0	155	0	107	43	154	0
51;52	65	29	80	15	78	41	96	0	97	0	68	23
43;44;45;46;47;48;49	362	0	367	0	338	11	355	5	309	0	281	62
0;1;2;3;17	130	126	222	37	147	103	146	59	194	58	119	99
50;53	73	23	74	13	54	27	91	0	110	0	110	9
