1 #sols

6
10
0.176241 0 0 0.0205279 0.205696 0.0921986 0.308511 0 0.492188 0.239583 
0 0 0.133766 0 0 0 0.157895 0 0.142857 0.149425 
0.00996512 0.0295359 0.290148 0 0.0204678 0 0.344538 0.0315186 0.412 0.333333 
0.0152935 0.00374532 0 0.180723 0 0 0 0.0138889 0.287805 0 
0.270955 0 0 0 0.16641 0.286667 0 0 0.230159 0 
0 0 0 0.0122324 0 0 0.252747 0.180758 0.454128 0.0756303 

Sample_0 Sample_1 Sample_2 Sample_3 Sample_4 Sample_5 
5;12;15;38;39;40;41;54;55;56;57;58;59;61;62;63;65;66;67;68;70;72;73;74;75;76;77;78;79;80;81;82;84;85;86;87;88;89;90;91;92 18;19;20;21;22 23;24;25;26;27;28;29;30;31;32;33;34;35;36;37 93;94;95;96;97;98;99 4;6;7;8;9;10;13;14;16;64;69;71;83 11;42;60 51;52 43;44;45;46;47;48;49 0;1;2;3;17 50;53 

6
5
0.531927 0 0.411392 0.0410557 0 
0.285714 0 0 0 0 
0.660955 0.0630372 0.0409357 0 0.0590717 
0.178896 0.0277778 0 0.361446 0.00749064 
0.127498 0 0.33282 0 0 
0.522276 0.361516 0 0.0244648 0 
5
5
1 0 0 0 0 
1 1 0 0 0 
1 0 1 0 0 
1 0 0 1 0 
1 0 0 0 1 

1 1 0.986273 0.998021 1 
6
5
0.492188 0 0.205696 0.0205279 0 
0.142857 0 0 0 0 
0.412 0.0315186 0.0204678 0 0.0295359 
0.287805 0.0138889 0 0.180723 0.00374532 
0.230159 0 0.16641 0 0 
0.454128 0.180758 0 0.0122324 0 

Sample_0 Sample_1 Sample_2 Sample_3 Sample_4 Sample_5 
8 7 4 3 1 

