1 #sols

4
8
0.233253 0.225589 0 0.206522 0.00510204 0 0.0877193 0.445419 
0.163885 0 0.253731 0.0454545 0 0.0230263 0.340909 0.471483 
0 0.34471 0.0361938 0.352381 0 0 0 0.40613 
0 0 0 0.391304 0.025 0.17037 0 0.503274 

Sample_0 Sample_1 Sample_2 Sample_3 
0;1;2;3;4;5;6;7;8;9;10;11;12;13;14;16;17;18;19;20;21;22;23;24;25;26 30;31;32;33;34;56 58;59;60;61;62;63;64;65;66;67;68;69;70;71;72;73;74;75;76;77;78;79;80;81;82;83;84;85;86;87;88;89;90;91 98;99 27;28;29;97 57;92;93;94;95;96 15 35;36;37;38;39;40;41;42;43;44;45;46;47;48;49;50;51;52;53;54;55 

4
6
0 0 0.00105311 0 0.451178 0.466505 
0.0616811 0.0460526 0 0.507463 0 0.327769 
0.0504531 0 0 0.0723876 0.68942 0 
0.609259 0.340741 0.05 0 0 0 
6
6
1 0 0 0 0 0 
1 1 0 0 0 0 
1 0 1 0 0 0 
1 0 0 1 0 0 
1 0 0 0 1 0 
1 0 0 0 0 1 

1 1 1 1 0.971248 1 
4
6
0.459368 0 0.000526553 0 0.225589 0.233253 
0.471483 0.0230263 0 0.253731 0 0.163885 
0.40613 0 0 0.0361938 0.34471 0 
0.5 0.17037 0.025 0 0 0 

Sample_0 Sample_1 Sample_2 Sample_3 
7 5 4 2 1 0 

