1 #sols

5
9
0 0.00668729 0.286219 0.0626418 0.0866995 0.0134669 0.188774 0.182494 0 
0.0671982 0 0.465603 0 0 0 0.121676 0.294928 0 
0 0.052451 0.23734 0.0650539 0 0.0568493 0.177397 0.179504 0.00660502 
0 0.106843 0.354391 0 0.103365 0.102119 0.0422155 0.0442165 0.123015 
0.0482393 0 0.0478103 0 0 0 0 0 0 

Sample_0 Sample_1 Sample_2 Sample_3 Sample_4 
93;94;95;96;97;98;99 0;25;26;27;29;30;31;32;33;35;36;37;38;40;41;42;43;44;45;47;48;50;51;52;54;55;56;57;58;59 60;61;62;63;64;65;66;67;68;69;70;71;72 85;86;87;88;89;90;91;92 73;74;75 28;34;39;46;49;53 1;2;3;4;5;6;7;8;9;10;11;12;13;14;15;16;17;18;19;20;21;22;23;24 76;77;78;79;80;81 82;83;84 

5
5
0.260382 0 0.173399 0.125284 0.0133746 
0.931206 0 0 0 0 
0.226459 0.01321 0 0.130108 0.104902 
0.0423368 0.246029 0.206731 0 0.213686 
0.0956205 0 0 0 0 
5
5
1 0 0 0 0 
1 1 0 0 0 
1 0 1 0 0 
1 0 0 1 0 
1 0 0 0 1 

1 1 1 1 1 
5
5
0.286219 0 0.0866995 0.0626418 0.00668729 
0.465603 0 0 0 0 
0.23734 0.00660502 0 0.0650539 0.052451 
0.354391 0.123015 0.103365 0 0.106843 
0.0478103 0 0 0 0 

Sample_0 Sample_1 Sample_2 Sample_3 Sample_4 
2 8 4 3 1 

