1 #sols

5
8
0.38477 0.00396825 0.379747 0.00486618 0 0.17608 0.435252 0.01983 
0.236893 0 0.367424 0 0.121609 0 0.20876 0 
0 0.031068 0.0460251 0 0 0 0 0.0395137 
0 0.175758 0.471774 0 0.183271 0 0 0.293296 
0.122594 0.00674157 0.297414 0.06 0 0.194805 0.203125 0.0878187 

Sample_0 Sample_1 Sample_2 Sample_3 Sample_4 
37;39;40;42;43;48;49;51;55;57;59;61;63;64;65;67;68;70;71;73 0;1;8;9;76;80;96;97;98;99 83;84;85;86;87 88;89;90;91;92;93;94;95 10;11;12;13;14;15;16;17;18;19;20;21;22;23;24;25;26;27;28;29;30;31 2;3;4;5;6;7 32;33;34;35;36;38;41;44;45;46;47;50;52;53;54;56;58;60;62;66;69;72 74;75;77;78;79;81;82 

5
5
0.389665 0.352159 0 0.00973236 0.00793651 
0.491631 0 0.243218 0 0 
0.0299143 0 0 0 0.0621359 
0.225492 0 0.366541 0 0.351515 
0.0717341 0.38961 0 0.12 0.0134831 
5
5
1 0 0 0 0 
1 1 0 0 0 
1 0 1 0 0 
1 0 0 1 0 
1 0 0 0 1 

1 0.997085 1 0.999987 0.859457 
5
5
0.379747 0.17608 0 0.00486618 0.00396825 
0.367424 0 0.121609 0 0 
0.0460251 0 0 0 0.031068 
0.471774 0 0.183271 0 0.175758 
0.297414 0.194805 0 0.06 0.00674157 

Sample_0 Sample_1 Sample_2 Sample_3 Sample_4 
2 5 4 3 1 

