1 #sols

4
10
0.0277228 0.107181 0.013087 0.298077 0.180412 0.171717 0.0330525 0.010989 0.435897 0.271478 
0.00978474 0.27451 0 0 0.382979 0.290368 0.0270359 0 0.475737 0.170648 
0 0.142264 0.153092 0.0873786 0.0918919 0.169492 0 0.029703 0.275847 0.0918367 
0.00990099 0.053961 0.0606287 0 0.0451977 0.0523777 0.000684932 0.0291262 0.419104 0.375 

Sample_0 Sample_1 Sample_2 Sample_3 
33;35;36;62;65 9;11;13;17;21;26;30;31;32 77;78;79;80;81;82;83;84;85;86;87;88;90 76 19;24 8;10;12;14;15;16;18;20;22;23;25;27;28;29 3;4;5;6;7;34;37;38;61;63;64;66;67;68;69;70;71;72;73;74;75;91;92;93;94;95;96;97;98;99 89 39;40;41;42;43;44;45;46;47;48;49;50;51;52;53;54;55;56;57;58;59;60 0;1;2 

4
7
0.0351048 0.596154 0.026174 0.0708337 0.021978 0.066105 0.0554455 
0.402455 0 0 0.475378 0 0.0540719 0.0195695 
0 0.0733739 0.258268 0.210688 0.0594059 0 0 
0.609029 0 0.121257 0.0284977 0.0582524 0.00136986 0.019802 
7
7
1 0 0 0 0 0 0 
1 1 0 0 0 0 0 
1 0 1 0 0 0 0 
1 0 0 1 0 0 0 
1 0 0 1 1 0 0 
1 0 0 1 0 1 0 
1 0 0 1 0 0 1 

1 0.997398 1 1 0.813966 1 0.999995 
4
7
0.435897 0.298077 0.013087 0.107181 0.010989 0.0330525 0.0277228 
0.475737 0 0 0.27451 0 0.0270359 0.00978474 
0.300868 0.036687 0.129134 0.135047 0.029703 0 0 
0.419104 0 0.0606287 0.053961 0.0291262 0.000684932 0.00990099 

Sample_0 Sample_1 Sample_2 Sample_3 
8 3 2 1 7 6 0 

