MultiBinom clustering
Convergence threshold: 1.000000
Initial num clusters: 61
kmeans: True

Time taken: 9.845286
Num active clusters: 17
Cluster assignments
8
7
1
9
0
13
8
12
7
6
15
3
5
0
13
8
7
13
7
10
3
11
2
10
2
7
3
5
3
8
6
0
5
12
4
7
2
6
13
6
14
8
7
15
3
0
3
0
13
7
3
0
10
7
3
8
16
2
3
5
7
Alpha posterior values
0.0000 1364.9562 197.4603 1558.0000 0.0000 398.0000 207.0077 0.0000 414.1352 0.0000 700.1659 1370.4840 996.7068 70.0955 337.4510 503.7167 183.7993 0.0000 434.1635 1142.8756 228.0082 0.0000 214.7741 0.0000 0.0000 0.0000 0.0000 355.2001 0.0000 0.0000 0.0000 0.0000 0.0000 0.0000 0.0000 0.0000 0.0000 0.0000 0.0000 0.0000 0.0000 0.0000 0.0000 0.0000 0.0000 0.0000 0.0000 0.0000 0.0000 0.0000 0.0000 0.0000 0.0000 0.0000 0.0000 0.0000 0.0000 0.0000 0.0000 0.0000 0.0000
0.0000 1430.7850 183.9560 1650.0000 0.0000 261.7372 201.0923 0.0000 332.6300 0.0000 762.8215 911.3968 895.9989 41.5480 241.8174 578.8316 150.0341 0.0000 369.4981 1035.5891 144.0086 0.0000 102.0883 0.0000 0.0000 0.0000 0.0000 249.1670 0.0000 0.0000 0.0000 0.0000 0.0000 0.0000 0.0000 0.0000 0.0000 0.0000 0.0000 0.0000 0.0000 0.0000 0.0000 0.0000 0.0000 0.0000 0.0000 0.0000 0.0000 0.0000 0.0000 0.0000 0.0000 0.0000 0.0000 0.0000 0.0000 0.0000 0.0000 0.0000 0.0000
0.0000 1189.8448 106.0029 1223.0000 0.0000 239.0000 223.7017 0.0000 270.7438 0.0000 528.3796 850.0152 738.4564 45.9186 239.8650 343.5981 90.0541 0.0000 278.3649 669.6118 219.9908 0.0000 134.3410 0.0000 0.0000 0.0000 0.0000 203.1115 0.0000 0.0000 0.0000 0.0000 0.0000 0.0000 0.0000 0.0000 0.0000 0.0000 0.0000 0.0000 0.0000 0.0000 0.0000 0.0000 0.0000 0.0000 0.0000 0.0000 0.0000 0.0000 0.0000 0.0000 0.0000 0.0000 0.0000 0.0000 0.0000 0.0000 0.0000 0.0000 0.0000
Beta posterior values
0.0000 3647.0647 771.1351 1538.0000 0.0000 5757.0000 759.0150 0.0000 2636.0414 0.0000 2460.7302 5658.6282 4108.7601 415.0125 1154.6030 1239.5029 476.1697 0.0000 1246.8622 2670.0574 710.0368 0.0000 1185.9681 0.0000 0.0000 0.0000 0.0000 585.4127 0.0000 0.0000 0.0000 0.0000 0.0000 0.0000 0.0000 0.0000 0.0000 0.0000 0.0000 0.0000 0.0000 0.0000 0.0000 0.0000 0.0000 0.0000 0.0000 0.0000 0.0000 0.0000 0.0000 0.0000 0.0000 0.0000 0.0000 0.0000 0.0000 0.0000 0.0000 0.0000 0.0000
0.0000 3777.0653 725.7541 1617.0000 0.0000 5150.6774 758.7425 0.0000 2853.3182 0.0000 2528.5762 6405.6305 4195.8893 491.6624 1277.9857 1279.7694 602.8669 0.0000 1414.5907 3027.5806 814.0540 0.0000 1546.3641 0.0000 0.0000 0.0000 0.0000 648.4728 0.0000 0.0000 0.0000 0.0000 0.0000 0.0000 0.0000 0.0000 0.0000 0.0000 0.0000 0.0000 0.0000 0.0000 0.0000 0.0000 0.0000 0.0000 0.0000 0.0000 0.0000 0.0000 0.0000 0.0000 0.0000 0.0000 0.0000 0.0000 0.0000 0.0000 0.0000 0.0000 0.0000
0.0000 2833.0413 586.4818 1459.0000 0.0000 4058.0000 672.6284 0.0000 2333.7649 0.0000 2044.6134 4797.1499 3350.2205 384.7969 1132.8170 978.6237 412.1191 0.0000 941.8303 2150.0882 728.0151 0.0000 1070.4523 0.0000 0.0000 0.0000 0.0000 593.3575 0.0000 0.0000 0.0000 0.0000 0.0000 0.0000 0.0000 0.0000 0.0000 0.0000 0.0000 0.0000 0.0000 0.0000 0.0000 0.0000 0.0000 0.0000 0.0000 0.0000 0.0000 0.0000 0.0000 0.0000 0.0000 0.0000 0.0000 0.0000 0.0000 0.0000 0.0000 0.0000 0.0000
Cluster phi posterior values
0.2723 0.2035 0.5032 0.0645 0.2140 0.1356 0.2214 0.1949 0.1951 0.2259 0.2888 0.2782 0.2581 0.2996 0.2428 0.1530 0.3775
0.2747 0.2018 0.5051 0.0482 0.2092 0.1042 0.2316 0.1245 0.1759 0.1588 0.3113 0.1989 0.2069 0.2548 0.1499 0.0616 0.2773
0.2957 0.1525 0.4560 0.0554 0.2493 0.1037 0.2052 0.1504 0.1805 0.1744 0.2596 0.1787 0.2278 0.2373 0.2318 0.1111 0.2547
