1 #sols

6
7
0.399103 0 0.00724638 0.160279 0.242991 0.155307 0.141952 
0.147392 0.133766 0 0 0 0 0 
0.38 0.290148 0.0192102 0.0164474 0.0229258 0.00962696 0 
0.15051 0 0.0688217 0 0.0099889 0.0240964 0 
0.126362 0 0 0.132653 0.223714 0.283991 0.278296 
0.306075 0 0.0698413 0 0 0 0 

Sample_0 Sample_1 Sample_2 Sample_3 Sample_4 Sample_5 
0;1;2;3;17;50;51;52;53 23;24;25;26;27;28;29;30;31;32;33;34;35;36;37 18;19;20;21;22;43;44;45;46;47;48;49;93;94;95;96;97;98;99 8;9;10;13;14;16 4;6;7;59;61;64;66;67;69;70;71;74;76;81;82;83;87;90 15;40;41;55;56;57;58;63;65;72;73;77;79;80;84;88;89;91 5;11;12;38;39;42;54;60;62;68;75;78;85;86;92 

6
2
0.783714 0.0144928 
0.294785 0 
0.72158 0.0384205 
0.163377 0.137643 
0.252723 0 
0.472467 0.139683 
2
2
1 0 
1 1 

1 0.999997 
6
2
0.399103 0.00724638 
0.147392 0 
0.38 0.0192102 
0.15051 0.0688217 
0.126362 0 
0.306075 0.0698413 

Sample_0 Sample_1 Sample_2 Sample_3 Sample_4 Sample_5 
0 2 

