1 #sols

4
8
0.374049 0 0.212079 0.0973631 0.204981 0.233205 0.189157 0 
0.408978 0 0.135828 0.2 0.110537 0.145481 0.187097 0.0776699 
0.363547 0.183649 0 0 0.182439 0.210238 0.142678 0.170213 
0.497015 0.0755668 0 0 0.0991903 0.0548664 0.0699126 0.0128205 

Sample_0 Sample_1 Sample_2 Sample_3 
68;69;70;71;72;73;74;75;76;77;78;79;80;81;82;83;84;85;98;99 47;48;49;50;51;52;53;54;55;56;57;58;59;60;61;62 11;12;13;14;15;16;17;18;19;64;65;66;67;94 86;87;88;89;90;91;92;93;95;96 1;2;5;23;31;33;34;37;39;97 0;3;4;7;8;9;21;22;24;25;26;27;28;32;35;36;40;41;43;44;45 6;10;20;29;30;38;42;46 63 

4
5
0.129215 0 0.194726 0.424157 0 
0 0.15534 0.4 0.271656 0 
0.0193719 0.340426 0 0 0.367297 
0.817255 0.025641 0 0 0.151134 
5
5
1 0 0 0 0 
1 1 0 0 0 
1 0 1 0 0 
1 0 0 1 0 
1 0 0 0 1 

1 0.999966 1 1 1 
4
5
0.374049 0 0.0973631 0.212079 0 
0.413498 0.0776699 0.2 0.135828 0 
0.363547 0.170213 0 0 0.183649 
0.497015 0.0128205 0 0 0.0755668 

Sample_0 Sample_1 Sample_2 Sample_3 
0 7 3 2 1 

