gene_id	Sample_0	Sample_0	Sample_1	Sample_1	Sample_2	Sample_2	Sample_3	Sample_3	Sample_4	Sample_4
14;15;16;17;18;19;20;21;23;24;25	1054	43	1059	30	1091	0	1018	134	1057	0
36;37;38;39;40;41;42;43;44;45;46;47;48;49;50;51;52;53	1372	455	1783	0	1834	0	1568	226	1842	0
54;55;56;57;58;59;60;61;62	821	34	933	0	866	0	888	0	665	193
4	99	0	79	10	93	11	95	0	91	0
5;6;7;8;9;10;11;12;13	441	404	695	249	635	272	439	405	558	322
72;73;74;75;76;77;78;79;80;81;82;83;84;85	1374	0	1393	0	1321	76	1037	346	1316	0
0;1;2;3	362	49	344	44	387	0	386	2	391	33
26;27;28;29;30;31;32;33;34;35	835	227	835	206	941	93	873	109	657	356
22	90	6	86	0	98	0	85	5	105	0
86;87;88;89;90;91;92;93;94;95;96;97;98;99	1029	304	1056	348	1020	335	1195	146	892	506
63;64;65;66;67;68;69;70;71	915	0	928	21	829	79	877	0	831	63
