1 #sols

5
11
0.0391978 0.249042 0.0397661 0 0.478107 0 0.119221 0.213748 0.0625 0.228057 0 
0.0275482 0 0 0.11236 0.263771 0 0.113402 0.197887 0 0.247863 0.0221286 
0 0 0 0.105769 0.29989 0.0544023 0 0.089942 0 0.247232 0.0870044 
0.116319 0.125975 0 0 0.479858 0.250181 0.00515464 0.110998 0.0555556 0.108874 0 
0 0 0.224942 0 0.365909 0 0.0778302 0.351431 0 0.361946 0.0704698 

Sample_0 Sample_1 Sample_2 Sample_3 Sample_4 
14;15;16;17;18;19;20;21;23;24;25 36;37;38;39;40;41;42;43;44;45;46;47;48;49;50;51;52;53 54;55;56;57;58;59;60;61;62 4 5;6;7;8;9;10;11;12;13 72;73;74;75;76;77;78;79;80;81;82;83;84;85 0;1;2;3 26;27;28;29;30;31;32;33;34;35 22 86;87;88;89;90;91;92;93;94;95;96;97;98;99 63;64;65;66;67;68;69;70;71 

5
9
0 0 0.125 0.238443 0 0 0.0667845 0.44759 0.0783956 
0 0.0442571 0 0.226804 0 0.224719 0 0 0.0550964 
0.105428 0.174009 0 0 0.108805 0.211538 0 0 0 
0 0 0.109123 0.00174081 0.442513 0 0 0.213985 0.232639 
0 0.14094 0 0.15566 0 0 0.435218 0 0 
9
9
1 0 0 0 0 0 0 0 0 
1 1 0 0 0 0 0 0 0 
1 0 1 0 0 0 0 0 0 
1 0 0 1 0 0 0 0 0 
1 0 0 0 1 0 0 0 0 
1 0 0 0 0 1 0 0 0 
1 0 0 0 0 0 1 0 0 
1 0 0 0 0 0 0 1 0 
1 0 0 0 0 0 0 0 1 

1 1 1 1 1 0.999502 1 1 1 
5
9
0.478107 0 0.0625 0.119221 0 0 0.0333923 0.223795 0.0391978 
0.275438 0.0221286 0 0.113402 0 0.11236 0 0 0.0275482 
0.29989 0.0870044 0 0 0.0544023 0.105769 0 0 0 
0.5 0 0.0545613 0.000870405 0.221256 0 0 0.106992 0.116319 
0.365909 0.0704698 0 0.0778302 0 0 0.217609 0 0 

Sample_0 Sample_1 Sample_2 Sample_3 Sample_4 
4 10 8 6 5 3 2 1 0 

