MultiBinom clustering
Convergence threshold: 1.000000
Initial num clusters: 100
kmeans: True

Time taken: 26.685993
ARI: 0.631767
Cluster freq error: 0.007589
Num active clusters: 9
Cluster assignments
5
5
0
0
0
2
0
5
5
0
0
3
3
3
3
7
3
3
3
3
0
5
5
0
5
0
5
2
5
0
0
0
5
2
2
5
5
5
0
0
5
5
0
5
5
5
0
6
6
6
6
6
6
6
6
6
6
6
6
6
6
6
6
1
3
3
3
3
8
8
8
8
8
8
8
8
8
8
8
8
8
8
8
8
8
8
4
4
4
4
4
4
4
4
3
4
4
2
8
8
Alpha posterior values
0.0000 295.5272 0.0000 138.1228 291.8679 0.0000 96.9139 367.3273 0.0000 0.0000 0.0000 0.0000 0.0000 0.8301 0.0000 0.0000 0.0000 0.0000 0.0000 0.0000 0.0000 0.0000 55.1926 0.0000 0.0000 9.2182 787.0000 0.0000 0.0000 0.0000 0.0000 0.0000 0.0000 0.0000 0.0000 0.0000 0.0000 0.0000 0.0000 0.0000 0.0000 0.0000 0.0000 0.0000 0.0000 0.0000 0.0000 0.0000 0.0000 0.0000 0.0000 0.0000 0.0000 0.0000 0.0000 0.0000 0.0000 0.0000 0.0000 0.0000 0.0000 0.0000 0.0000 0.0000 0.0000 0.0000 0.0000 0.0000 0.0000 0.0000 0.0000 0.0000 0.0000 0.0000 0.0000 0.0000 0.0000 0.0000 0.0000 0.0000 0.0000 0.0000 0.0000 0.0000 0.0000 0.0000 0.0000 0.0000 0.0000 0.0000 0.0000 0.0000 0.0000 0.0000 0.0000 0.0000 0.0000 0.0000 0.0000 0.0000
0.0000 235.1360 8.0000 68.7279 192.0914 0.0000 191.2194 215.4823 0.0000 0.0000 0.0000 0.0000 0.0000 0.6547 0.0000 0.0000 0.0000 0.0000 0.0000 0.0000 0.0000 0.0000 32.9992 0.0000 0.0000 3.6892 820.0000 0.0000 0.0000 0.0000 0.0000 0.0000 0.0000 0.0000 0.0000 0.0000 0.0000 0.0000 0.0000 0.0000 0.0000 0.0000 0.0000 0.0000 0.0000 0.0000 0.0000 0.0000 0.0000 0.0000 0.0000 0.0000 0.0000 0.0000 0.0000 0.0000 0.0000 0.0000 0.0000 0.0000 0.0000 0.0000 0.0000 0.0000 0.0000 0.0000 0.0000 0.0000 0.0000 0.0000 0.0000 0.0000 0.0000 0.0000 0.0000 0.0000 0.0000 0.0000 0.0000 0.0000 0.0000 0.0000 0.0000 0.0000 0.0000 0.0000 0.0000 0.0000 0.0000 0.0000 0.0000 0.0000 0.0000 0.0000 0.0000 0.0000 0.0000 0.0000 0.0000 0.0000
0.0000 236.0590 16.0000 125.9217 0.0000 0.0000 0.0000 343.4639 0.0000 0.0000 0.0000 301.0000 0.0000 0.6059 0.0000 0.0000 0.0000 0.0000 0.0000 0.0000 0.0000 0.0000 54.9495 0.0000 0.0000 0.0000 742.0000 0.0000 0.0000 0.0000 0.0000 0.0000 0.0000 0.0000 0.0000 0.0000 0.0000 0.0000 0.0000 0.0000 0.0000 0.0000 0.0000 0.0000 0.0000 0.0000 0.0000 0.0000 0.0000 0.0000 0.0000 0.0000 0.0000 0.0000 0.0000 0.0000 0.0000 0.0000 0.0000 0.0000 0.0000 0.0000 0.0000 0.0000 0.0000 0.0000 0.0000 0.0000 0.0000 0.0000 0.0000 0.0000 0.0000 0.0000 0.0000 0.0000 0.0000 0.0000 0.0000 0.0000 0.0000 0.0000 0.0000 0.0000 0.0000 0.0000 0.0000 0.0000 0.0000 0.0000 0.0000 0.0000 0.0000 0.0000 0.0000 0.0000 0.0000 0.0000 0.0000 0.0000
0.0000 101.3195 1.0000 59.3351 0.0000 0.0000 0.0000 93.1748 0.0000 0.0000 0.0000 120.0000 0.0000 0.3128 0.0000 0.0000 0.0000 0.0000 0.0000 0.0000 0.0000 0.0000 14.8579 0.0000 0.0000 0.0000 999.0000 0.0000 0.0000 0.0000 0.0000 0.0000 0.0000 0.0000 0.0000 0.0000 0.0000 0.0000 0.0000 0.0000 0.0000 0.0000 0.0000 0.0000 0.0000 0.0000 0.0000 0.0000 0.0000 0.0000 0.0000 0.0000 0.0000 0.0000 0.0000 0.0000 0.0000 0.0000 0.0000 0.0000 0.0000 0.0000 0.0000 0.0000 0.0000 0.0000 0.0000 0.0000 0.0000 0.0000 0.0000 0.0000 0.0000 0.0000 0.0000 0.0000 0.0000 0.0000 0.0000 0.0000 0.0000 0.0000 0.0000 0.0000 0.0000 0.0000 0.0000 0.0000 0.0000 0.0000 0.0000 0.0000 0.0000 0.0000 0.0000 0.0000 0.0000 0.0000 0.0000 0.0000
Beta posterior values
0.0000 1222.2883 71.0003 466.0727 1072.5597 0.0000 889.6721 1245.8048 0.0000 0.0000 0.0000 1554.9997 0.0000 3.6495 0.0000 0.0000 0.0000 0.0000 0.0000 0.0000 0.0000 0.0000 163.1848 0.0000 0.0000 49.7683 1317.0000 0.0000 0.0000 0.0000 0.0000 0.0000 0.0000 0.0000 0.0000 0.0000 0.0000 0.0000 0.0000 0.0000 0.0000 0.0000 0.0000 0.0000 0.0000 0.0000 0.0000 0.0000 0.0000 0.0000 0.0000 0.0000 0.0000 0.0000 0.0000 0.0000 0.0000 0.0000 0.0000 0.0000 0.0000 0.0000 0.0000 0.0000 0.0000 0.0000 0.0000 0.0000 0.0000 0.0000 0.0000 0.0000 0.0000 0.0000 0.0000 0.0000 0.0000 0.0000 0.0000 0.0000 0.0000 0.0000 0.0000 0.0000 0.0000 0.0000 0.0000 0.0000 0.0000 0.0000 0.0000 0.0000 0.0000 0.0000 0.0000 0.0000 0.0000 0.0000 0.0000 0.0000
0.0000 1214.2073 95.0003 487.5599 1181.4392 0.0000 765.0479 1366.7882 0.0000 0.0000 0.0000 1569.9997 0.0000 3.5761 0.0000 0.0000 0.0000 0.0000 0.0000 0.0000 0.0000 0.0000 186.8685 0.0000 0.0000 64.5129 1185.0000 0.0000 0.0000 0.0000 0.0000 0.0000 0.0000 0.0000 0.0000 0.0000 0.0000 0.0000 0.0000 0.0000 0.0000 0.0000 0.0000 0.0000 0.0000 0.0000 0.0000 0.0000 0.0000 0.0000 0.0000 0.0000 0.0000 0.0000 0.0000 0.0000 0.0000 0.0000 0.0000 0.0000 0.0000 0.0000 0.0000 0.0000 0.0000 0.0000 0.0000 0.0000 0.0000 0.0000 0.0000 0.0000 0.0000 0.0000 0.0000 0.0000 0.0000 0.0000 0.0000 0.0000 0.0000 0.0000 0.0000 0.0000 0.0000 0.0000 0.0000 0.0000 0.0000 0.0000 0.0000 0.0000 0.0000 0.0000 0.0000 0.0000 0.0000 0.0000 0.0000 0.0000
0.0000 1255.4689 78.0003 487.9496 1400.4365 0.0000 1030.2913 1328.2788 0.0000 0.0000 0.0000 1337.9997 0.0000 3.6823 0.0000 0.0000 0.0000 0.0000 0.0000 0.0000 0.0000 0.0000 175.6203 0.0000 0.0000 71.2723 1299.0000 0.0000 0.0000 0.0000 0.0000 0.0000 0.0000 0.0000 0.0000 0.0000 0.0000 0.0000 0.0000 0.0000 0.0000 0.0000 0.0000 0.0000 0.0000 0.0000 0.0000 0.0000 0.0000 0.0000 0.0000 0.0000 0.0000 0.0000 0.0000 0.0000 0.0000 0.0000 0.0000 0.0000 0.0000 0.0000 0.0000 0.0000 0.0000 0.0000 0.0000 0.0000 0.0000 0.0000 0.0000 0.0000 0.0000 0.0000 0.0000 0.0000 0.0000 0.0000 0.0000 0.0000 0.0000 0.0000 0.0000 0.0000 0.0000 0.0000 0.0000 0.0000 0.0000 0.0000 0.0000 0.0000 0.0000 0.0000 0.0000 0.0000 0.0000 0.0000 0.0000 0.0000
0.0000 1357.3083 77.0003 527.0888 1282.1736 0.0000 999.9978 1524.9816 0.0000 0.0000 0.0000 1467.9997 0.0000 3.9431 0.0000 0.0000 0.0000 0.0000 0.0000 0.0000 0.0000 0.0000 202.6782 0.0000 0.0000 60.8285 1011.0000 0.0000 0.0000 0.0000 0.0000 0.0000 0.0000 0.0000 0.0000 0.0000 0.0000 0.0000 0.0000 0.0000 0.0000 0.0000 0.0000 0.0000 0.0000 0.0000 0.0000 0.0000 0.0000 0.0000 0.0000 0.0000 0.0000 0.0000 0.0000 0.0000 0.0000 0.0000 0.0000 0.0000 0.0000 0.0000 0.0000 0.0000 0.0000 0.0000 0.0000 0.0000 0.0000 0.0000 0.0000 0.0000 0.0000 0.0000 0.0000 0.0000 0.0000 0.0000 0.0000 0.0000 0.0000 0.0000 0.0000 0.0000 0.0000 0.0000 0.0000 0.0000 0.0000 0.0000 0.0000 0.0000 0.0000 0.0000 0.0000 0.0000 0.0000 0.0000 0.0000 0.0000
Cluster phi posterior values
0.1943 0.0000 0.2278 0.2135 0.0975 0.2274 0.0000 0.1518 0.3739
0.1618 0.0735 0.1224 0.1394 0.1994 0.1358 0.0000 0.0491 0.4089
0.1578 0.1667 0.2043 0.0000 0.0000 0.2051 0.1833 0.0000 0.3634
0.0689 0.0065 0.1000 0.0000 0.0000 0.0571 0.0751 0.0000 0.4970
