MultiBinom clustering
Convergence threshold: 1.000000
Initial num clusters: 48
kmeans: True

Time taken: 18.613766
Num active clusters: 12
Cluster assignments
11
8
11
6
4
6
6
6
4
6
6
6
3
3
3
3
3
3
0
5
9
5
9
0
1
1
7
1
7
1
1
1
2
2
2
2
5
5
5
5
10
0
0
0
10
0
10
10
Alpha posterior values
0.0000 0.0000 6576.0000 0.0000 0.0000 0.0000 0.0000 2165.0000 0.0000 0.0000 6421.0000 591.0000 944.0000 0.0000 0.0000 0.0000 0.0000 1621.0000 0.0000 0.0000 0.0000 0.0000 0.0000 0.0000 0.0000 0.0000 0.0000 0.0000 0.0000 0.0000 0.0000 0.0000 0.0000 0.0000 0.0000 0.0000 0.0000 0.0000 0.0000 0.0000 0.0000 0.0000 0.0000 0.0000 0.0000 0.0000 0.0000 0.0000
0.0000 0.0000 0.0000 0.0000 0.0000 0.0000 204.0000 219.0000 0.0000 0.0000 697.0000 0.0000 112.0000 0.0000 0.0000 0.0000 0.0000 197.0000 0.0000 0.0000 0.0000 0.0000 0.0000 0.0000 0.0000 0.0000 0.0000 0.0000 0.0000 0.0000 0.0000 0.0000 0.0000 0.0000 0.0000 0.0000 0.0000 0.0000 0.0000 0.0000 0.0000 0.0000 0.0000 0.0000 0.0000 0.0000 0.0000 0.0000
0.0000 42.0000 0.0000 0.0000 0.0000 634.0000 1058.0000 517.0000 96.0000 0.0000 932.0000 0.0000 97.0000 0.0000 0.0000 0.0000 0.0000 272.0000 0.0000 0.0000 0.0000 0.0000 0.0000 0.0000 0.0000 0.0000 0.0000 0.0000 0.0000 0.0000 0.0000 0.0000 0.0000 0.0000 0.0000 0.0000 0.0000 0.0000 0.0000 0.0000 0.0000 0.0000 0.0000 0.0000 0.0000 0.0000 0.0000 0.0000
0.0000 130.0000 0.0000 0.0000 0.0000 0.0000 4338.0000 1920.0000 4624.0000 0.0000 5591.0000 0.0000 0.0000 1112.0000 0.0000 0.0000 0.0000 1440.0000 0.0000 0.0000 0.0000 0.0000 0.0000 0.0000 0.0000 0.0000 0.0000 0.0000 0.0000 0.0000 0.0000 0.0000 0.0000 0.0000 0.0000 0.0000 0.0000 0.0000 0.0000 0.0000 0.0000 0.0000 0.0000 0.0000 0.0000 0.0000 0.0000 0.0000
0.0000 1679.0000 0.0000 0.0000 0.0000 0.0000 3120.0000 2108.0000 173.0000 0.0000 3255.0000 0.0000 247.0000 937.0000 2774.0000 0.0000 0.0000 474.0000 0.0000 0.0000 0.0000 0.0000 0.0000 0.0000 0.0000 0.0000 0.0000 0.0000 0.0000 0.0000 0.0000 0.0000 0.0000 0.0000 0.0000 0.0000 0.0000 0.0000 0.0000 0.0000 0.0000 0.0000 0.0000 0.0000 0.0000 0.0000 0.0000 0.0000
Beta posterior values
0.0000 34482.0000 30931.0000 0.0000 0.0000 20697.0000 29872.0000 8986.0000 35293.0000 0.0000 30407.0000 8185.0000 4420.0000 7266.0000 24785.0000 0.0000 0.0000 7219.0000 0.0000 0.0000 0.0000 0.0000 0.0000 0.0000 0.0000 0.0000 0.0000 0.0000 0.0000 0.0000 0.0000 0.0000 0.0000 0.0000 0.0000 0.0000 0.0000 0.0000 0.0000 0.0000 0.0000 0.0000 0.0000 0.0000 0.0000 0.0000 0.0000 0.0000
0.0000 16919.0000 20966.0000 0.0000 0.0000 11514.0000 15870.0000 6893.0000 19234.0000 0.0000 18884.0000 4598.0000 2953.0000 4451.0000 14165.0000 0.0000 0.0000 5109.0000 0.0000 0.0000 0.0000 0.0000 0.0000 0.0000 0.0000 0.0000 0.0000 0.0000 0.0000 0.0000 0.0000 0.0000 0.0000 0.0000 0.0000 0.0000 0.0000 0.0000 0.0000 0.0000 0.0000 0.0000 0.0000 0.0000 0.0000 0.0000 0.0000 0.0000
0.0000 8415.0000 9881.0000 0.0000 0.0000 5004.0000 6665.0000 2936.0000 8610.0000 0.0000 8441.0000 2311.0000 1329.0000 1722.0000 6285.0000 0.0000 0.0000 2192.0000 0.0000 0.0000 0.0000 0.0000 0.0000 0.0000 0.0000 0.0000 0.0000 0.0000 0.0000 0.0000 0.0000 0.0000 0.0000 0.0000 0.0000 0.0000 0.0000 0.0000 0.0000 0.0000 0.0000 0.0000 0.0000 0.0000 0.0000 0.0000 0.0000 0.0000
0.0000 24918.0000 26552.0000 0.0000 0.0000 14421.0000 15174.0000 5745.0000 19362.0000 0.0000 21936.0000 5956.0000 3620.0000 4125.0000 17276.0000 0.0000 0.0000 4793.0000 0.0000 0.0000 0.0000 0.0000 0.0000 0.0000 0.0000 0.0000 0.0000 0.0000 0.0000 0.0000 0.0000 0.0000 0.0000 0.0000 0.0000 0.0000 0.0000 0.0000 0.0000 0.0000 0.0000 0.0000 0.0000 0.0000 0.0000 0.0000 0.0000 0.0000
0.0000 8316.0000 12802.0000 0.0000 0.0000 7309.0000 7445.0000 2107.0000 9702.0000 0.0000 9274.0000 2506.0000 1724.0000 1866.0000 5155.0000 0.0000 0.0000 2965.0000 0.0000 0.0000 0.0000 0.0000 0.0000 0.0000 0.0000 0.0000 0.0000 0.0000 0.0000 0.0000 0.0000 0.0000 0.0000 0.0000 0.0000 0.0000 0.0000 0.0000 0.0000 0.0000 0.0000 0.0000 0.0000 0.0000 0.0000 0.0000 0.0000 0.0000
Cluster phi posterior values
0.0000 0.1753 0.0000 0.0000 0.1941 0.0000 0.1743 0.0673 0.1759 0.0000 0.0000 0.1833
0.0000 0.0000 0.0000 0.0126 0.0307 0.0000 0.0356 0.0000 0.0364 0.0000 0.0000 0.0370
0.0049 0.0000 0.1123 0.1369 0.1496 0.0109 0.0994 0.0000 0.0677 0.0000 0.0000 0.1102
0.0052 0.0000 0.0000 0.2223 0.2504 0.1928 0.2031 0.0000 0.0000 0.2123 0.0000 0.2310
0.1679 0.0000 0.0000 0.2953 0.5001 0.0174 0.2598 0.0000 0.1251 0.3342 0.3498 0.1377
