1 #sols

4
8
0.478597 0.273171 0.276316 0.227723 0.17551 0.123546 0.0203488 0 
0.394504 0 0 0.136364 0.246291 0.172528 0.0302419 0.155436 
0.461934 0.329843 0.210191 0.223404 0.169625 0 0.083 0.00328677 
0.193424 0.165049 0 0 0 0 0 0 

Sample_0 Sample_1 Sample_2 Sample_3 
57;58;59;60;61;62;63;64;65;66;67;68;69;70;71;72;73;74;75;76;77;78;79;80;81;82;83;84;85;86;87 55;56 88;89;90 18 11;12;13;14;15;16;17;19;20;21 22;23;24;25;26;27;28;29;30;31;32;33;34;35;36;37;38;39;40;41;42;43;44;45;46;47;48;49;51;52 53;91;92;93;94;95;96;97;98;99 0;1;2;3;4;5;6;7;8;9;10;50;54 

4
6
0 0.232937 0.0406977 0 0.247091 0.436468 
0 0.117693 0.0604839 0.310873 0.345056 0 
0.0501034 0.280809 0.166 0.00657354 0 0.420382 
0.386847 0 0 0 0 0 
6
6
1 0 0 0 0 0 
1 1 0 0 0 0 
1 1 1 0 0 0 
1 0 0 1 0 0 
1 0 0 0 1 0 
1 0 0 0 0 1 

1 0.999999 0.901051 1 1 1 
4
6
0.478597 0.136817 0.0203488 0 0.123546 0.218234 
0.417053 0.0890886 0.0302419 0.155436 0.172528 0 
0.461934 0.223404 0.083 0.00328677 0 0.210191 
0.193424 0 0 0 0 0 

Sample_0 Sample_1 Sample_2 Sample_3 
0 3 6 7 5 2 

