1 #sols

5
10
0.0428477 0 0.0652174 0 0 0 0 0 0.0522388 0.0433437 
0.361533 0 0 0 0 0.308462 0 0.399123 0.315372 0.358012 
0.0149611 0.0122137 0 0 0.257108 0 0.0497409 0 0.339156 0.312127 
0.255556 0.137584 0 0.0726817 0 0.0368664 0 0.0564636 0.281294 0.19714 
0.343577 0 0.299145 0.0232019 0.0246575 0 0.105514 0 0.428184 0.468196 

Sample_0 Sample_1 Sample_2 Sample_3 Sample_4 
28;29;30;31;32;33;34;35;36;37;38;39;40;41;42;43 94;95;96;97;98;99 46 90;91;92;93 65;66;67;68;69;70;71;72 47;48;50;51;54;56;58;60;62;63;64 0;1;2;3;4;5;6;7;8;9;10;11;12;13;14;15;16;17;18;19;20;21;22;23;24;25;26;27;44;45 49;52;53;55;57;59;61 73;76;82;83;87;88;89 74;75;77;78;79;80;81;84;85;86 

5
6
0.0866873 0 0 0 0 0 
0.0990999 0 0.616924 0 0 0 
0 0.0994819 0 0.514215 0 0.0105575 
0 0 0.0488976 0 0.135921 0.209461 
0.629645 0.211028 0 0.0493151 0.0464037 0 
6
6
1 0 0 0 0 0 
1 1 0 0 0 0 
1 0 1 0 0 0 
1 0 0 1 0 0 
1 0 0 0 1 0 
1 0 0 0 0 1 

1 1 0.991749 0.994992 1 0.998815 
5
6
0.0433437 0 0 0 0 0 
0.358012 0 0.308462 0 0 0 
0.312127 0.0497409 0 0.257108 0 0.00527876 
0.19714 0 0.0244488 0 0.0679604 0.104731 
0.468196 0.105514 0 0.0246575 0.0232019 0 

Sample_0 Sample_1 Sample_2 Sample_3 Sample_4 
9 6 5 4 3 1 

