gene_id	Sample_0	Sample_0	Sample_1	Sample_1	Sample_2	Sample_2	Sample_3	Sample_3	Sample_4	Sample_4
22;23;24;25;26;27;28;29;30;31;32;33;34;35;36;37;38;39;40;41;42;43;44;45;46;47;48;89	1308	93	1229	127	1405	0	1377	0	1421	0
57;58;59;60;61;62;63;64;65;66;67;68;69;70;71;72;73;74;75;76;77;78;79;80;81;82;83;84;85;86;87	1254	268	1147	327	1026	484	996	552	846	754
49;50;51;52;53;54	306	0	319	0	293	9	277	28	260	37
56;88;90	142	3	162	6	126	0	140	12	133	0
91;92;93;94;95	253	0	256	0	201	36	246	18	264	0
11;12;13;14;15;16;17;18;19;20;21	493	45	444	84	427	123	507	29	411	113
0;1;2;3;4;5;6;7;8;9;10;97	576	0	636	0	595	24	611	0	504	94
55	35	4	47	0	58	0	49	7	45	0
96;98;99	170	0	149	12	149	0	139	0	92	33
