gene_id	Sample_0	Sample_0	Sample_1	Sample_1	Sample_2	Sample_2	Sample_3	Sample_3	Sample_4	Sample_4
0;1;2;3;4;5;6;14;15;16;17;18;19	6499	6378	8710	4221	7288	5662	7729	5216	7164	5988
7;8;9;10;11;12;13	6399	611	7048	0	6896	141	4698	2282	6776	211
90;91;93;94;95;96;97;98	5872	2249	7963	0	6273	1854	7929	0	7912	128
38;39;40;41;42;43;44	6833	224	6815	0	6999	1	6972	0	7070	0
20;21;22;23;88	5016	0	3523	1510	4022	917	5013	0	4960	0
24;25;26;27;28;29;30;31;32;33;34;35;36;37;83;86	14500	1449	15697	0	16228	0	15837	61	10075	5859
75;76;77;78;79;80;81;82;84;85;87	9808	1085	10964	0	11020	0	11194	33	6425	4482
89;92;99	2076	880	2828	0	2408	604	2952	0	2960	34
45;46;47;48;49;50;51;52;53;54;55;56;57;58;59;60;61;62;64;65;66;67;68;69;70;71;72;73;74	17852	10993	28017	795	22562	6467	28957	88	16811	12153
63	633	340	992	24	798	212	990	10	576	390
