1 #sols

5
10
0.495302 0.0871612 0.276936 0.0317415 0 0.0908521 0.0996053 0.2977 0.381106 0.349435 
0.326425 0 0 0 0.30002 0 0 0 0.0275927 0.023622 
0.43722 0.0200369 0.228128 0.000142857 0.185665 0 0 0.200531 0.222777 0.209901 
0.402935 0.326934 0 0 0 0.00383696 0.00293934 0 0.00302978 0.01 
0.455292 0.0301989 0.0159204 0 0 0.367704 0.410929 0.011356 0.41959 0.403727 

Sample_0 Sample_1 Sample_2 Sample_3 Sample_4 
0;1;2;3;4;5;6;14;15;16;17;18;19 7;8;9;10;11;12;13 90;91;93;94;95;96;97;98 38;39;40;41;42;43;44 20;21;22;23;88 24;25;26;27;28;29;30;31;32;33;34;35;36;37;83;86 75;76;77;78;79;80;81;82;84;85;87 89;92;99 45;46;47;48;49;50;51;52;53;54;55;56;57;58;59;60;61;62;64;65;66;67;68;69;70;71;72;73;74 63 

5
6
0.117412 0.453682 0.181704 0.0634831 0 0.174322 
0.00556591 0.0472441 0 0 0.60004 0 
0.0432341 0.419516 0 0.000285714 0.37133 0.0400739 
0.132003 0.0123261 0.00767392 0 0 0.653868 
0.0427326 0.0720449 0.735409 0 0 0.0603979 
6
6
1 0 0 0 0 0 
1 1 0 0 0 0 
1 1 1 0 0 0 
1 1 0 1 0 0 
1 0 0 0 1 0 
1 0 0 0 0 1 

1 0.999077 0.987739 1 0.999684 1 
5
6
0.495302 0.349435 0.0908521 0.0317415 0 0.0871612 
0.326425 0.023622 0 0 0.30002 0 
0.43722 0.209901 0 0.000142857 0.185665 0.0200369 
0.402935 0.01 0.00383696 0 0 0.326934 
0.455292 0.403727 0.367704 0 0 0.0301989 

Sample_0 Sample_1 Sample_2 Sample_3 Sample_4 
0 9 5 3 4 1 

