1 #sols

5
7
0.0506757 0.0585305 0 0 0 0 0 
0.332521 0.353093 0.334038 0 0 0 0 
0.372038 0.013269 0 0.2975 0.0111607 0.0560748 0 
0.233645 0.230769 0.054429 0 0.104046 0 0 
0.440797 0.331658 0 0.00950119 0.0211864 0.107509 0.118919 

Sample_0 Sample_1 Sample_2 Sample_3 Sample_4 
73;74;75;76;77;78;79;80;81;82;83;84;85;86;87;88;89 28;29;30;31;32;33;34;35;36;37;38;39;40;41;42;43 47;48;49;50;51;52;53;54;55;56;57;58;59;60;61;62;63;64 65;66;67;68;69;70;71;72 90;91;92;93;94;95;96;97;98;99 0;1;2;3;4;5;6;7;10;11;12;14;15;16;17;18;19;20;22;23;25;26;27 8;9;13;21;24;44;45;46 

5
5
0.101351 0 0 0 0 
0.665043 0 0 0 0 
0.0146049 0 0.11215 0.0223214 0.595 
0.259197 0 0 0.208092 0 
0.367364 0.237838 0.215017 0.0423729 0.0190024 
5
5
1 0 0 0 0 
1 1 0 0 0 
1 0 1 0 0 
1 0 0 1 0 
1 0 0 0 1 

1 1 1 1 0.9951 
5
5
0.0506757 0 0 0 0 
0.332521 0 0 0 0 
0.372038 0 0.0560748 0.0111607 0.2975 
0.233645 0 0 0.104046 0 
0.440797 0.118919 0.107509 0.0211864 0.00950119 

Sample_0 Sample_1 Sample_2 Sample_3 Sample_4 
0 6 5 4 3 

