gene_id	Sample_0	Sample_0	Sample_1	Sample_1	Sample_2	Sample_2	Sample_3	Sample_3	Sample_4	Sample_4
66;72;78;81	387	0	407	0	369	26	354	13	364	0
31;32;36;37;40;41;42;44;47	881	0	855	0	922	0	745	135	847	28
88	71	29	51	48	63	21	63	32	65	59
8;10;13;14;16;17;18;19;20;21;22	1091	2	1065	28	1138	0	1155	0	1077	0
94;95;97;98	380	0	378	19	361	3	394	0	373	51
23;24;25;26;27;28	657	0	382	243	598	0	567	71	569	1
89	107	0	108	0	73	27	93	0	73	42
87	81	14	112	1	79	22	73	25	52	39
50;51;52;54;55;56;57;58;59;60;61;62;63;64;65;67;68;69;70;71;73;74;75;76;77;79;80;82;83;85;86	3142	0	3056	0	2668	413	2840	137	3124	0
29;30;33;34;35;38;39;43;45;46;48;49	1225	0	1228	0	1205	0	921	291	1112	47
1	99	0	117	4	77	17	70	20	43	52
90;91;92	209	93	169	118	142	119	188	82	128	156
84	92	0	104	0	89	18	97	0	112	0
93;96;99	324	0	300	4	305	0	249	0	287	28
53	111	0	103	0	75	7	97	1	112	0
6;7;9;11;12;15	621	10	569	2	613	0	563	0	577	0
0;2;3;4;5	516	0	487	9	363	123	415	81	265	223
