MultiBinom clustering
Convergence threshold: 1.000000
Initial num clusters: 75
kmeans: True

Time taken: 10.743409
ARI: 0.734365
Cluster freq error: 0.006908
Num active clusters: 17
Cluster assignments
16
10
16
16
16
16
15
15
3
15
3
15
15
3
3
15
3
3
3
3
3
3
3
5
5
5
5
5
5
9
9
1
1
9
9
9
1
1
9
9
1
1
1
9
1
9
9
1
9
9
8
8
8
14
8
8
8
8
8
8
8
8
8
8
8
8
0
8
8
8
8
8
0
8
8
8
8
8
0
8
8
0
8
8
12
8
8
7
2
6
11
11
11
13
4
4
13
4
4
13
Alpha posterior values
0.0000 0.0000 0.0000 0.0000 0.0000 0.0000 28.9922 0.0000 3.6009 0.0000 0.0000 0.0000 14.0000 0.0000 0.0000 0.0000 0.0000 0.0000 93.0078 0.0000 0.0000 0.0000 0.0000 0.0000 0.0000 8.3991 0.0000 0.0000 0.0000 0.0000 0.0000 0.0000 0.0000 0.0000 0.0000 0.0000 0.0000 0.0000 0.0000 0.0000 0.0000 0.0000 0.0000 0.0000 0.0000 0.0000 0.0000 0.0000 0.0000 0.0000 0.0000 0.0000 0.0000 0.0000 0.0000 0.0000 0.0000 0.0000 0.0000 0.0000 0.0000 0.0000 0.0000 0.0000 0.0000 0.0000 0.0000 0.0000 0.0000 0.0000 0.0000 0.0000 0.0000 0.0000 0.0000 0.0000 0.0000 0.0000 0.0000 0.0000 0.0000 0.0000 0.0000 0.0000 0.0000 0.0000 0.0000 0.0000 0.0000 0.0000 0.0000 0.0000 0.0000 0.0000 0.0000 0.0000 0.0000 0.0000 0.0000 0.0000
0.0000 0.0000 0.0000 0.0000 0.0000 0.0000 47.9869 0.0000 27.8425 19.7715 243.0000 0.0000 1.0000 0.0000 0.0000 0.0000 3.9366 0.0000 118.0131 0.0000 0.0000 0.0000 3.2289 0.0000 0.0000 2.1571 0.0000 0.0000 0.0000 0.0000 9.0634 0.0000 0.0000 0.0000 0.0000 0.0000 0.0000 0.0000 0.0000 0.0000 0.0000 0.0000 0.0000 0.0000 0.0000 0.0000 0.0000 0.0000 0.0000 0.0000 0.0000 0.0000 0.0000 0.0000 0.0000 0.0000 0.0000 0.0000 0.0000 0.0000 0.0000 0.0000 0.0000 0.0000 0.0000 0.0000 0.0000 0.0000 0.0000 0.0000 0.0000 0.0000 0.0000 0.0000 0.0000 0.0000 0.0000 0.0000 0.0000 0.0000 0.0000 0.0000 0.0000 0.0000 0.0000 0.0000 0.0000 0.0000 0.0000 0.0000 0.0000 0.0000 0.0000 0.0000 0.0000 0.0000 0.0000 0.0000 0.0000 0.0000
0.0000 29.3081 0.0000 0.0000 0.0000 0.0000 20.9945 115.0926 0.0000 3.0000 0.0000 27.0000 22.0000 264.3816 0.0000 0.0000 17.4881 0.0000 119.0055 0.0000 23.3076 0.0000 0.0000 0.0000 31.9102 0.0000 0.0000 0.0000 0.0000 0.0000 122.5119 0.0000 0.0000 0.0000 0.0000 0.0000 0.0000 0.0000 0.0000 0.0000 0.0000 0.0000 0.0000 0.0000 0.0000 0.0000 0.0000 0.0000 0.0000 0.0000 0.0000 0.0000 0.0000 0.0000 0.0000 0.0000 0.0000 0.0000 0.0000 0.0000 0.0000 0.0000 0.0000 0.0000 0.0000 0.0000 0.0000 0.0000 0.0000 0.0000 0.0000 0.0000 0.0000 0.0000 0.0000 0.0000 0.0000 0.0000 0.0000 0.0000 0.0000 0.0000 0.0000 0.0000 0.0000 0.0000 0.0000 0.0000 0.0000 0.0000 0.0000 0.0000 0.0000 0.0000 0.0000 0.0000 0.0000 0.0000 0.0000 0.0000
0.0000 12.2617 0.0000 0.0000 0.0000 139.7242 31.9913 39.4616 0.0000 0.0000 71.0000 0.0000 25.0000 88.0960 0.0000 233.1542 19.5784 0.0000 82.0087 0.0000 2.2762 0.0000 0.0000 0.0000 8.9045 0.0000 14.2600 38.8616 0.0000 0.0000 81.4216 0.0000 0.0000 0.0000 0.0000 0.0000 0.0000 0.0000 0.0000 0.0000 0.0000 0.0000 0.0000 0.0000 0.0000 0.0000 0.0000 0.0000 0.0000 0.0000 0.0000 0.0000 0.0000 0.0000 0.0000 0.0000 0.0000 0.0000 0.0000 0.0000 0.0000 0.0000 0.0000 0.0000 0.0000 0.0000 0.0000 0.0000 0.0000 0.0000 0.0000 0.0000 0.0000 0.0000 0.0000 0.0000 0.0000 0.0000 0.0000 0.0000 0.0000 0.0000 0.0000 0.0000 0.0000 0.0000 0.0000 0.0000 0.0000 0.0000 0.0000 0.0000 0.0000 0.0000 0.0000 0.0000 0.0000 0.0000 0.0000 0.0000
0.0000 0.0000 0.0000 0.0000 0.0000 30.2505 58.9840 0.0000 0.0000 55.7292 1.0000 42.0000 39.0000 0.0000 0.0000 37.1114 51.5176 0.0000 156.0160 0.0000 0.0000 0.0000 23.2708 0.0000 0.0000 0.0000 3.1696 4.4684 0.0000 0.0000 223.4824 0.0000 0.0000 0.0000 0.0000 0.0000 0.0000 0.0000 0.0000 0.0000 0.0000 0.0000 0.0000 0.0000 0.0000 0.0000 0.0000 0.0000 0.0000 0.0000 0.0000 0.0000 0.0000 0.0000 0.0000 0.0000 0.0000 0.0000 0.0000 0.0000 0.0000 0.0000 0.0000 0.0000 0.0000 0.0000 0.0000 0.0000 0.0000 0.0000 0.0000 0.0000 0.0000 0.0000 0.0000 0.0000 0.0000 0.0000 0.0000 0.0000 0.0000 0.0000 0.0000 0.0000 0.0000 0.0000 0.0000 0.0000 0.0000 0.0000 0.0000 0.0000 0.0000 0.0000 0.0000 0.0000 0.0000 0.0000 0.0000 0.0000
Beta posterior values
0.0000 372.0545 0.0000 0.0000 0.0000 860.7482 70.9808 844.2462 1220.5340 441.5621 657.0000 107.0000 81.0000 2015.6363 0.0000 1019.1762 97.6073 0.0000 209.0192 0.0000 176.0205 0.0000 262.4558 0.0000 324.0424 491.4481 47.4533 178.6222 0.0000 0.0000 517.3927 0.0000 0.0000 0.0000 0.0000 0.0000 0.0000 0.0000 0.0000 0.0000 0.0000 0.0000 0.0000 0.0000 0.0000 0.0000 0.0000 0.0000 0.0000 0.0000 0.0000 0.0000 0.0000 0.0000 0.0000 0.0000 0.0000 0.0000 0.0000 0.0000 0.0000 0.0000 0.0000 0.0000 0.0000 0.0000 0.0000 0.0000 0.0000 0.0000 0.0000 0.0000 0.0000 0.0000 0.0000 0.0000 0.0000 0.0000 0.0000 0.0000 0.0000 0.0000 0.0000 0.0000 0.0000 0.0000 0.0000 0.0000 0.0000 0.0000 0.0000 0.0000 0.0000 0.0000 0.0000 0.0000 0.0000 0.0000 0.0000 0.0000
0.0000 375.0127 0.0000 0.0000 0.0000 846.8997 50.9863 834.2033 1182.1717 430.3964 382.0000 108.0000 112.0000 1979.5304 0.0000 1010.7819 114.4791 0.0000 169.0137 0.0000 166.0032 0.0000 247.6208 0.0000 315.2504 451.8112 55.5461 169.7724 0.0000 0.0000 489.5209 0.0000 0.0000 0.0000 0.0000 0.0000 0.0000 0.0000 0.0000 0.0000 0.0000 0.0000 0.0000 0.0000 0.0000 0.0000 0.0000 0.0000 0.0000 0.0000 0.0000 0.0000 0.0000 0.0000 0.0000 0.0000 0.0000 0.0000 0.0000 0.0000 0.0000 0.0000 0.0000 0.0000 0.0000 0.0000 0.0000 0.0000 0.0000 0.0000 0.0000 0.0000 0.0000 0.0000 0.0000 0.0000 0.0000 0.0000 0.0000 0.0000 0.0000 0.0000 0.0000 0.0000 0.0000 0.0000 0.0000 0.0000 0.0000 0.0000 0.0000 0.0000 0.0000 0.0000 0.0000 0.0000 0.0000 0.0000 0.0000 0.0000
0.0000 332.6594 0.0000 0.0000 0.0000 892.6085 62.9829 724.7006 1266.3990 414.4597 598.0000 73.0000 79.0000 1723.2742 0.0000 1005.3175 76.4018 0.0000 142.0171 0.0000 144.8864 0.0000 251.5590 0.0000 275.4794 484.5823 50.3138 178.7602 0.0000 0.0000 363.5982 0.0000 0.0000 0.0000 0.0000 0.0000 0.0000 0.0000 0.0000 0.0000 0.0000 0.0000 0.0000 0.0000 0.0000 0.0000 0.0000 0.0000 0.0000 0.0000 0.0000 0.0000 0.0000 0.0000 0.0000 0.0000 0.0000 0.0000 0.0000 0.0000 0.0000 0.0000 0.0000 0.0000 0.0000 0.0000 0.0000 0.0000 0.0000 0.0000 0.0000 0.0000 0.0000 0.0000 0.0000 0.0000 0.0000 0.0000 0.0000 0.0000 0.0000 0.0000 0.0000 0.0000 0.0000 0.0000 0.0000 0.0000 0.0000 0.0000 0.0000 0.0000 0.0000 0.0000 0.0000 0.0000 0.0000 0.0000 0.0000 0.0000
0.0000 339.8971 0.0000 0.0000 0.0000 722.4747 62.9830 764.2391 1272.3170 437.9040 567.0000 93.0000 73.0000 1829.8387 0.0000 773.2798 69.6665 0.0000 188.0170 0.0000 159.4244 0.0000 205.1139 0.0000 294.6007 445.6651 34.7008 135.5447 0.0000 0.0000 415.3335 0.0000 0.0000 0.0000 0.0000 0.0000 0.0000 0.0000 0.0000 0.0000 0.0000 0.0000 0.0000 0.0000 0.0000 0.0000 0.0000 0.0000 0.0000 0.0000 0.0000 0.0000 0.0000 0.0000 0.0000 0.0000 0.0000 0.0000 0.0000 0.0000 0.0000 0.0000 0.0000 0.0000 0.0000 0.0000 0.0000 0.0000 0.0000 0.0000 0.0000 0.0000 0.0000 0.0000 0.0000 0.0000 0.0000 0.0000 0.0000 0.0000 0.0000 0.0000 0.0000 0.0000 0.0000 0.0000 0.0000 0.0000 0.0000 0.0000 0.0000 0.0000 0.0000 0.0000 0.0000 0.0000 0.0000 0.0000 0.0000 0.0000
0.0000 364.7018 0.0000 0.0000 0.0000 821.2584 64.9822 842.8503 1197.6086 423.9086 569.0000 73.0000 52.0000 2010.0241 0.0000 931.0128 43.0276 0.0000 128.0178 0.0000 174.6009 0.0000 236.1064 0.0000 319.8229 456.3763 43.7462 162.9826 0.0000 0.0000 264.9724 0.0000 0.0000 0.0000 0.0000 0.0000 0.0000 0.0000 0.0000 0.0000 0.0000 0.0000 0.0000 0.0000 0.0000 0.0000 0.0000 0.0000 0.0000 0.0000 0.0000 0.0000 0.0000 0.0000 0.0000 0.0000 0.0000 0.0000 0.0000 0.0000 0.0000 0.0000 0.0000 0.0000 0.0000 0.0000 0.0000 0.0000 0.0000 0.0000 0.0000 0.0000 0.0000 0.0000 0.0000 0.0000 0.0000 0.0000 0.0000 0.0000 0.0000 0.0000 0.0000 0.0000 0.0000 0.0000 0.0000 0.0000 0.0000 0.0000 0.0000 0.0000 0.0000 0.0000 0.0000 0.0000 0.0000 0.0000 0.0000 0.0000
Cluster phi posterior values
0.0000 0.0000 0.2879 0.0022 0.0000 0.0000 0.0000 0.1436 0.0000 0.0000 0.0000 0.3070 0.0000 0.0000 0.0000 0.0152 0.0000
0.0000 0.0000 0.4847 0.0223 0.0423 0.3885 0.0000 0.0045 0.0000 0.0000 0.0293 0.4107 0.0000 0.0101 0.0000 0.0029 0.0166
0.0791 0.0000 0.2470 0.0000 0.0052 0.0000 0.2677 0.2150 0.1327 0.0000 0.1829 0.4557 0.1359 0.0000 0.1018 0.0000 0.2512
0.0327 0.1614 0.3351 0.0000 0.0000 0.1102 0.0000 0.2526 0.0455 0.2312 0.2162 0.3026 0.0103 0.0000 0.0270 0.0000 0.1628
0.0000 0.0345 0.4756 0.0000 0.1149 0.0003 0.3640 0.4278 0.0000 0.0375 0.5454 0.5495 0.0000 0.0875 0.0000 0.0000 0.4574
