1 #sols

6
8
0.0261994 0.133565 0.179286 0 0.13327 0.102792 0 0 
0 0.0747296 0.236339 0 0 0 0 0.0456954 
0 0.109609 0.360158 0 0.110442 0.1106 0.315418 0.312406 
0 0 0.356714 0.079922 0 0 0.12014 0.237894 
0 0.029354 0.0109049 0 0 0 0 0 
0.000328839 0.000561395 0.273746 0.254581 0 0 0 0 

Sample_0 Sample_1 Sample_2 Sample_3 Sample_4 Sample_5 
0;1;2;3;4;5 8;9;10;11;12;13;14;15;16;17;18;19;20;21;22;23;24;78;79;80;81;82;83;84;85;93;94;95;96;97;98;99 6;7;48;49;50;51 86 44 25;26;27;28;29;30;31;32;33;34;35;36;37;38;39;40;41;42;43;45;46;47 52;53;54;55;56;57;58;59;60;61;62;63;64;65;66;67;68;69;70;71;72;73;74;75;76;77 87;88;89;90;91;92 

6
4
0.039633 0.266541 0 0.0523988 
0.472679 0 0 0 
0.499433 0.220884 0 0 
0.553585 0 0.159844 0 
0.0218099 0 0 0 
0.0376728 0 0.509161 0.000657678 
4
4
1 0 0 0 
1 1 0 0 
1 0 1 0 
1 0 0 1 

1 0.999902 0.898726 1 
6
4
0.179286 0.13327 0 0.0261994 
0.236339 0 0 0 
0.360158 0.110442 0 0 
0.356714 0 0.079922 0 
0.0109049 0 0 0 
0.273746 0 0.254581 0.000328839 

Sample_0 Sample_1 Sample_2 Sample_3 Sample_4 Sample_5 
2 4 3 0 

