1 #sols

6
6
0.319448 0.320071 0 0 0 0 
0.320923 0 0.045952 0.0587659 0.333762 0 
0.417118 0 0 0 0.0762345 0.00110701 
0.253965 0 0.309427 0.337132 0 0 
0.495595 0.495453 0 0 0 0 
0.406536 0 0.216377 0.18543 0 0.0173238 

Sample_0 Sample_1 Sample_2 Sample_3 Sample_4 Sample_5 
0;1;2;3;4;5;6;7;50;51;52;53;54;85;86;87;88;89;90;91;92;93;94;95;96;97;98;99 8;9;10;11 13;14;15;35;36;37;38;39;40;42;43;44;45;46;47;48;49 41 12;55;56;57;58;59;60;61;62;63;64;65;66;67;68;69;70;71;72;73;74;75;76;77;78;79;80;81;82;83;84 16;17;18;19;20;21;22;23;24;25;26;27;28;29;30;31;32;33;34 

6
2
0.638897 0 
0.641846 0 
0.832022 0.00221402 
0.50793 0 
0.99119 0 
0.778424 0.0346477 
2
2
1 0 
1 1 

1 1 
6
2
0.319448 0 
0.320923 0 
0.417118 0.00110701 
0.253965 0 
0.495595 0 
0.406536 0.0173238 

Sample_0 Sample_1 Sample_2 Sample_3 Sample_4 Sample_5 
0 5 

