gene_id	Sample_0	Sample_0	Sample_1	Sample_1	Sample_2	Sample_2	Sample_3	Sample_3	Sample_4	Sample_4	Sample_5	Sample_5
0;1;2;3;4;5	260	52	302	0	293	0	233	55	286	0	291	0
42;43;44;45;46;47;48;49;50;51;52;53;54;55;56	415	364	384	362	456	306	500	267	668	58	493	280
92	48	0	54	13	56	0	44	2	48	3	56	4
17;18;19;20;21;22;23;24;25	335	130	362	43	457	0	400	14	478	0	395	51
31;32;33;34;35;36;37;38;39;40;41	580	0	549	0	505	44	550	0	558	0	457	88
26;27;28;29;30	228	0	190	78	178	82	244	8	224	21	196	48
57;58;59;60;61;62;63;64;65;66;67;68;69;70;71;72;74;75;76;77;78;79;80;81;82;83;84;85;86;87;88;89;90;91	1372	289	1651	52	1476	196	1167	564	1695	0	1708	0
6;7;8;9;10;11;12;13;14;15;16;97;98;99	673	9	629	32	704	0	608	80	695	0	694	0
73	53	5	41	2	40	12	27	17	45	0	50	0
93;94;95;96	193	0	170	21	188	0	175	2	204	0	192	0
