1 #sols

6
10
0.166667 0.467266 0 0.27957 0 0 0.173992 0.0131965 0.0862069 0 
0 0.485255 0.19403 0.106173 0 0.291045 0.0305344 0.0484115 0.0465116 0.109948 
0 0.401575 0 0 0.0801457 0.315385 0.117225 0 0.230769 0 
0.190972 0.34811 0.0434783 0.0338164 0 0.031746 0.325823 0.116279 0.386364 0.0112994 
0 0.0798898 0.0588235 0 0 0.0857143 0 0 0 0 
0 0.362225 0.0666667 0.11435 0.161468 0.196721 0 0 0 0 

Sample_0 Sample_1 Sample_2 Sample_3 Sample_4 Sample_5 
0;1;2;3;4;5 42;43;44;45;46;47;48;49;50;51;52;53;54;55;56 92 17;18;19;20;21;22;23;24;25 31;32;33;34;35;36;37;38;39;40;41 26;27;28;29;30 57;58;59;60;61;62;63;64;65;66;67;68;69;70;71;72;74;75;76;77;78;79;80;81;82;83;84;85;86;87;88;89;90;91 6;7;8;9;10;11;12;13;14;15;16;97;98;99 73 93;94;95;96 

6
6
0.0156654 0 0.026393 0 0.55914 0.333333 
0.441445 0.219895 0.096823 0 0.212346 0 
0.642858 0 0 0.160291 0 0 
0 0.0225989 0.232558 0 0.0676329 0.381944 
0.15978 0 0 0 0 0 
0.172815 0 0 0.322936 0.2287 0 
6
6
1 0 0 0 0 0 
1 1 0 0 0 0 
1 0 1 0 0 0 
1 0 0 1 0 0 
1 0 0 0 1 0 
1 0 0 0 0 1 

1 1 1 1 1 1 
6
6
0.467266 0 0.0131965 0 0.27957 0.166667 
0.485255 0.109948 0.0484115 0 0.106173 0 
0.401575 0 0 0.0801457 0 0 
0.352367 0.0112994 0.116279 0 0.0338164 0.190972 
0.0798898 0 0 0 0 0 
0.362225 0 0 0.161468 0.11435 0 

Sample_0 Sample_1 Sample_2 Sample_3 Sample_4 Sample_5 
1 9 7 4 3 0 

