1 #sols

4
8
0.469864 0.358491 0.306122 0.165029 0.135915 0.0349854 0.00915332 0 
0.380413 0 0 0.231183 0.182222 0.15 0.0134831 0.156576 
0.439088 0.231481 0.304094 0.158845 0 0.0169972 0.0897704 0 
0.188454 0.178571 0 0 0 0 0 0 

Sample_0 Sample_1 Sample_2 Sample_3 
57;58;59;60;61;62;63;64;65;66;67;68;69;70;71;72;73;74;75;76;77;78;79;80;81;82;83;84;85;86;87 55;56 88;89;90 11;12;13;14;15;16;17;18;19;20;21 22;23;24;25;26;27;28;29;30;31;32;33;34;35;36;37;38;39;40;41;42;43;44;45;46;47;48 4;5;49;50;51;52;53 91;92;93;94;95;96;97;98;99 0;1;2;3;6;7;8;9;10;54 

4
6
0 0 0.0183066 0.0373464 0.27183 0.612245 
0 0.235915 0.0269663 0.212104 0.351213 0 
0.0564537 0 0.179541 0.0339943 0 0.608187 
0.376908 0 0 0 0 0 
6
6
1 0 0 0 0 0 
1 1 0 0 0 0 
1 0 1 0 0 0 
1 0 0 1 0 0 
1 0 0 0 1 0 
1 0 0 0 0 1 

1 1 1 1 1 0.999684 
4
6
0.469864 0 0.00915332 0.0186732 0.135915 0.306122 
0.413099 0.117958 0.0134831 0.106052 0.175606 0 
0.439088 0 0.0897704 0.0169972 0 0.304094 
0.188454 0 0 0 0 0 

Sample_0 Sample_1 Sample_2 Sample_3 
0 7 6 5 4 2 

