1 #sols

4
11
0.430556 0.128328 0.00915332 0.351064 0.306122 0.165577 0.498054 0.425993 0.358491 0.00441176 0.16 
0.398773 0.178264 0.0134831 0.272727 0 0.216162 0.352705 0.526971 0 0.156061 0.349206 
0.560811 0.00125471 0.0897704 0.340909 0.304094 0.158215 0.438382 0.402542 0.231481 0.0057554 0.163934 
0.126761 0 0 0.142857 0 0 0.206055 0.169492 0.178571 0 0 

Sample_0 Sample_1 Sample_2 Sample_3 
70;82;87 22;23;24;25;26;27;28;29;30;31;32;33;34;35;36;37;38;39;40;41;42;43;44;45;46;47;48;49;50;52 91;92;93;94;95;96;97;98;99 81;84 88;89;90 11;12;13;15;16;17;18;19;20;21 58;59;60;61;63;64;65;66;67;69;72;73;74;75;76;77;78;79;80;85;86 57;62;68;71;83 55;56 0;1;2;3;4;5;6;7;8;9;10;51;53;54 14 

4
6
0 0.10397 0.00882353 0.0183066 0.612245 0.256655 
0 0.35266 0.312121 0.0269663 0 0.308253 
0 0.00542224 0.0115108 0.179541 0.608187 0.000423874 
0.338983 0 0 0 0 0 
6
6
1 0 0 0 0 0 
1 1 0 0 0 0 
1 1 1 0 0 0 
1 1 0 1 0 0 
1 0 0 0 1 0 
1 0 0 0 0 1 

1 0.993942 0.930759 0.894737 0.979171 1 
4
6
0.5 0.0655499 0.00441176 0.00915332 0.306122 0.128328 
0.5 0.345874 0.156061 0.0134831 0 0.154126 
0.402542 0.0982369 0.0057554 0.0897704 0.304094 0.000211937 
0.169492 0 0 0 0 0 

Sample_0 Sample_1 Sample_2 Sample_3 
7 10 9 2 4 1 

