1 #sols

5
10
0 0.253458 0.251293 0.0168211 0.264224 0 0.23416 0.00373324 0.24845 0 
0.157238 0.489425 0.22042 0.0651034 0.491903 0.157809 0.150688 0 0.22604 0.00174825 
0.154642 0.281505 0.272381 0 0.295788 0.0310471 0.278292 0 0.283228 0.121392 
0.339731 0.471754 0.347181 0 0.467546 0.352449 0.34371 0 0.339423 0 
0 0.270088 0.274112 0 0.230769 0 0.128686 0.136817 0.124265 0 

Sample_0 Sample_1 Sample_2 Sample_3 Sample_4 
24;25;26;27;28;29;30;31;32;33;34 95;96;98;99 94 81;82;83;84;85;86;87;88;89;90;91;92;93 97 19;20;21;22;23 15;16;17;18 59;60;61;62;63;64;65;66;67;68;69;70;71;72;73;74;75;76;77;78;79;80 4;5;6;7;8;9;10;11;12;13;14;35;36;37;38;39;40;41;42;43;44;45;46;47;48;49;50;51;52;53;54;55;56;57;58 0;1;2;3 

5
5
0.465808 0 0.00746647 0.0336422 0 
0.530672 0.0034965 0 0.130207 0.314476 
0.0109435 0.242783 0 0 0.309284 
0.264046 0 0 0 0.679463 
0.266541 0 0.273634 0 0 
5
5
1 0 0 0 0 
1 1 0 0 0 
1 0 1 0 0 
1 0 0 1 0 
1 0 0 0 1 

1 1 1 1 1 
5
5
0.253458 0 0.00373324 0.0168211 0 
0.489425 0.00174825 0 0.0651034 0.157238 
0.281505 0.121392 0 0 0.154642 
0.471754 0 0 0 0.339731 
0.270088 0 0.136817 0 0 

Sample_0 Sample_1 Sample_2 Sample_3 Sample_4 
1 9 7 3 0 

