1 #sols

5
6
0.0469799 0.0441268 0 0 0 0 
0.341373 0.340174 0.343242 0 0 0 
0.323095 0.0141403 0 0.257108 0.00767754 0.0497409 
0.232544 0.241118 0.0443686 0 0.111558 0 
0.450796 0.340596 0 0.0246575 0.00968992 0.105514 

Sample_0 Sample_1 Sample_2 Sample_3 Sample_4 
73;74;75;76;77;78;79;80;81;82;83;84;85;86;87;88;89 28;29;30;31;32;33;34;35;36;37;38;39;40;41;42;43;46 47;48;49;50;51;52;53;54;55;56;57;58;59;60;61;62;63;64 65;66;67;68;69;70;71;72 90;91;92;93;94;95;96;97;98;99 0;1;2;3;4;5;6;7;8;9;10;11;12;13;14;15;16;17;18;19;20;21;22;23;24;25;26;27;44;45 

5
4
0.0939597 0 0 0 
0.682746 0 0 0 
0.0171382 0.0994819 0.0153551 0.514215 
0.241973 0 0.223116 0 
0.621868 0.211028 0.0193798 0.0493151 
4
4
1 0 0 0 
1 1 0 0 
1 0 1 0 
1 0 0 1 

1 1 1 0.999638 
5
4
0.0469799 0 0 0 
0.341373 0 0 0 
0.323095 0.0497409 0.00767754 0.257108 
0.232544 0 0.111558 0 
0.450796 0.105514 0.00968992 0.0246575 

Sample_0 Sample_1 Sample_2 Sample_3 Sample_4 
0 5 4 3 

