1 #sols

4
9
0.133639 0.180389 0.0194384 0.433159 0 0.273171 0.513009 0.0342298 0.276316 
0.178007 0.235504 0.0212291 0.406107 0.155436 0 0.386315 0.119898 0 
0 0.174188 0.0911111 0.444774 0.00328677 0.329843 0.475057 0.00257732 0.210191 
0 0 0 0.214672 0 0.165049 0.178196 0 0 

Sample_0 Sample_1 Sample_2 Sample_3 
22;23;24;25;26;27;28;29;30;31;32;33;34;35;36;37;38;39;40;41;42;43;44;45;46;47;48 11;12;13;14;15;16;17;18;19;20;21 91;92;93;94;95;96;97;98;99 59;61;62;64;65;66;72;77;78;80;81;83;86 0;1;2;3;4;5;6;7;8;9;10;50;54 55;56 57;58;60;63;67;68;69;70;71;73;74;75;76;79;82;84;85;87 49;51;52;53 88;89;90 

4
6
0.0727543 0.552632 0.0684597 0 0.0388769 0.267278 
0 0 0.166261 0.262276 0.0244946 0.319597 
0.335781 0.420382 0.00515464 0.00657354 0.182222 0 
0.356392 0 0 0 0 0 
6
6
1 0 0 0 0 0 
1 1 0 0 0 0 
1 0 1 0 0 0 
1 0 0 1 0 0 
1 0 0 0 1 0 
1 0 0 0 0 1 

1 1 1 1 1 1 
4
6
0.5 0.276316 0.0342298 0 0.0194384 0.133639 
0.386315 0 0.0831306 0.131138 0.0122473 0.159799 
0.475057 0.210191 0.00257732 0.00328677 0.0911111 0 
0.178196 0 0 0 0 0 

Sample_0 Sample_1 Sample_2 Sample_3 
6 8 7 4 2 0 

