gene_id	Sample_0	Sample_0	Sample_1	Sample_1	Sample_2	Sample_2	Sample_3	Sample_3
22;23;24;25;26;27;28;29;30;31;32;33;34;35;36;37;38;39;40;41;42;43;44;45;46;47;48	2269	350	2235	484	2766	0	2718	0
11;12;13;14;15;16;17;18;19;20;21	886	195	857	264	915	193	1106	0
91;92;93;94;95;96;97;98;99	908	18	876	19	818	82	923	0
59;61;62;64;65;66;72;77;78;80;81;83;86	759	580	778	532	749	600	1017	278
0;1;2;3;4;5;6;7;8;9;10;50;54	1281	0	1103	203	1213	4	1325	0
55;56	149	56	220	0	128	63	172	34
57;58;60;63;67;68;69;70;71;73;74;75;76;79;82;84;85;87	861	907	1139	717	926	838	1485	322
49;51;52;53	395	14	345	47	387	1	405	0
88;89;90	220	84	317	0	248	66	311	0
