1 #sols

5
11
0 0 0.0778653 0.0547264 0.505208 0.388889 0.0639535 0.01 0.0676329 0 0.139276 
0.142857 0.00678733 0 0 0.283828 0.496552 0 0 0.131126 0.112745 0.231527 
0.0408163 0.246377 0.0771899 0 0.438406 0.411392 0.183432 0.0471698 0.0302267 0.0682731 0.0807601 
0 0.125828 0 0 0.169014 0.128788 0 0 0 0 0 
0.109091 0 0.0722892 0.158363 0.347039 0.463576 0.0403397 0.0612245 0.15035 0 0.325815 

Sample_0 Sample_1 Sample_2 Sample_3 Sample_4 
67 85;86;87;88;89;90;91;92;93 18;19;20;21;22;25;26;27;28;29;30;32;33;35;41;42;43;44;46;47;57;58;59 9;10;11;12;13;14;15;16;17;60;62;63 76;79;80;81;82;84;94;95;96;97;98;99 77;78;83 23;24;31;34;37;38;39;40;45;48 36;61 4;5;6;7;8;64;65;66;68;69;70;71;72;73;74;75 0;1;2;3 49;50;51;52;53;54;55;56 

5
9
0.451644 0 0.135266 0.02 0.127907 0.109453 0.155731 0 0 
0 0.22549 0.262252 0 0 0 0 0.0030428 0.175 
0 0.0812696 0.0604534 0.0292041 0.285639 0 0.118006 0.398103 0.013745 
0.0863725 0 0 0 0 0 0 0.251656 0 
0 0 0.242548 0.0420086 0.0442786 0.244436 0.108399 0 0.114383 
9
9
1 0 0 0 0 0 0 0 0 
1 1 0 0 0 0 0 0 0 
1 0 1 0 0 0 0 0 0 
1 0 0 1 0 0 0 0 0 
1 0 0 0 1 0 0 0 0 
1 0 0 0 0 1 0 0 0 
1 0 0 0 0 0 1 0 0 
1 0 0 0 0 0 0 1 0 
1 0 0 0 0 0 0 0 1 

1 1 1 1 1 1 1 0.974977 0.983688 
5
9
0.5 0 0.0676329 0.01 0.0639535 0.0547264 0.0778653 0 0 
0.332892 0.112745 0.131126 0 0 0 0 0.0015214 0.0875 
0.49321 0.0406348 0.0302267 0.014602 0.14282 0 0.0590029 0.199052 0.00687249 
0.169014 0 0 0 0 0 0 0.125828 0 
0.398026 0 0.121274 0.0210043 0.0221393 0.122218 0.0541993 0 0.0571914 

Sample_0 Sample_1 Sample_2 Sample_3 Sample_4 
4 9 8 7 6 3 2 1 0 

