gene_id	Sample_0	Sample_0	Sample_1	Sample_1	Sample_2	Sample_2	Sample_3	Sample_3	Sample_4	Sample_4
67	59	0	42	7	47	2	45	0	49	6
85;86;87;88;89;90;91;92;93	471	0	439	3	364	119	396	57	463	0
18;19;20;21;22;25;26;27;28;29;30;32;33;35;41;42;43;44;46;47;57;58;59	1054	89	1093	0	1064	89	1230	0	1001	78
9;10;11;12;13;14;15;16;17;60;62;63	570	33	596	0	588	0	607	0	473	89
76;79;80;81;82;84;94;95;96;97;98;99	285	291	434	172	310	242	531	108	397	211
77;78;83	88	56	73	72	93	65	115	17	81	70
23;24;31;34;37;38;39;40;45;48	483	33	463	0	414	93	470	0	452	19
36;61	99	1	99	0	101	5	97	0	92	6
4;5;6;7;8;64;65;66;68;69;70;71;72;73;74;75	772	56	656	99	770	24	794	0	729	129
0;1;2;3	195	0	181	23	232	17	187	0	209	0
49;50;51;52;53;54;55;56	309	50	312	94	387	34	443	0	269	130
