MultiBinom clustering
Convergence threshold: 1.000000
Initial num clusters: 75
kmeans: True

Time taken: 7.684062
ARI: 0.610063
Cluster freq error: 0.007096
Num active clusters: 11
Cluster assignments
9
9
9
9
8
8
8
8
8
3
3
3
3
3
3
3
3
3
2
2
2
2
2
6
6
2
2
2
2
2
2
6
2
2
6
2
7
6
6
6
6
2
2
2
2
6
2
2
6
10
10
10
10
10
10
10
10
2
2
2
3
7
3
3
8
8
8
0
8
8
8
8
8
8
8
8
4
5
5
4
4
4
4
5
4
1
1
1
1
1
1
1
1
1
4
4
4
4
4
4
Alpha posterior values
0.1389 0.0000 0.0000 0.0000 77.4158 0.0000 31.6956 0.0000 0.0000 301.3595 0.0000 45.6405 0.0000 37.2903 0.0000 0.0000 0.0000 0.0000 0.0000 0.0000 3.6998 0.0133 0.0000 5.8340 54.2098 0.0000 0.0000 0.0000 0.0000 0.0000 50.0994 0.0000 1.6030 0.0000 0.0000 0.0000 0.0000 0.0000 0.0000 0.0000 0.0000 0.0000 0.0000 0.0000 0.0000 0.0000 0.0000 0.0000 0.0000 0.0000 0.0000 0.0000 0.0000 0.0000 0.0000 0.0000 0.0000 0.0000 0.0000 0.0000 0.0000 0.0000 0.0000 0.0000 0.0000 0.0000 0.0000 0.0000 0.0000 0.0000 0.0000 0.0000 0.0000 0.0000 0.0000 0.0000 0.0000 0.0000 0.0000 0.0000 0.0000 0.0000 0.0000 0.0000 0.0000 0.0000 0.0000 0.0000 0.0000 0.0000 0.0000 0.0000 0.0000 0.0000 0.0000 0.0000 0.0000 0.0000 0.0000 0.0000
4.8092 0.0000 3.0000 0.0000 0.0000 0.0000 0.0000 0.0000 0.0000 184.2740 0.0000 59.7260 0.0000 0.0000 0.0000 0.0000 0.0000 0.0000 0.0000 0.0000 0.0000 0.0660 0.0000 0.0000 98.1342 0.0000 0.0000 0.0000 0.0000 22.9743 94.1743 0.0000 2.8420 0.0000 0.0000 0.0000 0.0000 0.0000 0.0000 0.0000 0.0000 0.0000 0.0000 0.0000 0.0000 0.0000 0.0000 0.0000 0.0000 0.0000 0.0000 0.0000 0.0000 0.0000 0.0000 0.0000 0.0000 0.0000 0.0000 0.0000 0.0000 0.0000 0.0000 0.0000 0.0000 0.0000 0.0000 0.0000 0.0000 0.0000 0.0000 0.0000 0.0000 0.0000 0.0000 0.0000 0.0000 0.0000 0.0000 0.0000 0.0000 0.0000 0.0000 0.0000 0.0000 0.0000 0.0000 0.0000 0.0000 0.0000 0.0000 0.0000 0.0000 0.0000 0.0000 0.0000 0.0000 0.0000 0.0000 0.0000
1.2375 0.0000 119.0000 0.0000 75.6325 0.0000 1.3515 0.0000 0.0000 251.4419 0.0000 55.5581 0.0000 96.6907 0.0000 0.0000 0.0000 0.0000 0.0000 0.0000 0.0000 0.0102 0.0000 13.3010 24.2729 0.0000 0.0000 0.0000 0.0000 16.9919 34.0421 0.0000 0.4697 0.0000 0.0000 0.0000 0.0000 0.0000 0.0000 0.0000 0.0000 0.0000 0.0000 0.0000 0.0000 0.0000 0.0000 0.0000 0.0000 0.0000 0.0000 0.0000 0.0000 0.0000 0.0000 0.0000 0.0000 0.0000 0.0000 0.0000 0.0000 0.0000 0.0000 0.0000 0.0000 0.0000 0.0000 0.0000 0.0000 0.0000 0.0000 0.0000 0.0000 0.0000 0.0000 0.0000 0.0000 0.0000 0.0000 0.0000 0.0000 0.0000 0.0000 0.0000 0.0000 0.0000 0.0000 0.0000 0.0000 0.0000 0.0000 0.0000 0.0000 0.0000 0.0000 0.0000 0.0000 0.0000 0.0000 0.0000
0.0000 0.0000 57.0000 0.0000 0.0000 0.0000 0.0000 0.0000 0.0000 110.3495 0.0000 14.6505 0.0000 0.0000 0.0000 0.0000 0.0000 0.0000 0.0000 0.0000 0.0000 0.0000 0.0000 0.0000 0.0000 0.0000 0.0000 0.0000 0.0000 0.0000 0.0000 0.0000 0.0000 0.0000 0.0000 0.0000 0.0000 0.0000 0.0000 0.0000 0.0000 0.0000 0.0000 0.0000 0.0000 0.0000 0.0000 0.0000 0.0000 0.0000 0.0000 0.0000 0.0000 0.0000 0.0000 0.0000 0.0000 0.0000 0.0000 0.0000 0.0000 0.0000 0.0000 0.0000 0.0000 0.0000 0.0000 0.0000 0.0000 0.0000 0.0000 0.0000 0.0000 0.0000 0.0000 0.0000 0.0000 0.0000 0.0000 0.0000 0.0000 0.0000 0.0000 0.0000 0.0000 0.0000 0.0000 0.0000 0.0000 0.0000 0.0000 0.0000 0.0000 0.0000 0.0000 0.0000 0.0000 0.0000 0.0000 0.0000
3.5611 0.0000 0.0000 0.0000 65.0958 0.0000 79.3786 0.0000 0.0000 218.0955 0.0000 62.9045 0.0000 25.4661 0.0000 0.0000 0.0000 0.0000 0.0000 0.0000 12.3346 0.0415 0.0000 9.6356 127.1430 0.0000 0.0000 0.0000 0.0000 0.0000 130.2027 0.0000 4.1410 0.0000 0.0000 0.0000 0.0000 0.0000 0.0000 0.0000 0.0000 0.0000 0.0000 0.0000 0.0000 0.0000 0.0000 0.0000 0.0000 0.0000 0.0000 0.0000 0.0000 0.0000 0.0000 0.0000 0.0000 0.0000 0.0000 0.0000 0.0000 0.0000 0.0000 0.0000 0.0000 0.0000 0.0000 0.0000 0.0000 0.0000 0.0000 0.0000 0.0000 0.0000 0.0000 0.0000 0.0000 0.0000 0.0000 0.0000 0.0000 0.0000 0.0000 0.0000 0.0000 0.0000 0.0000 0.0000 0.0000 0.0000 0.0000 0.0000 0.0000 0.0000 0.0000 0.0000 0.0000 0.0000 0.0000 0.0000
Beta posterior values
38.4883 0.0000 471.0000 0.0000 886.4640 0.0000 542.9172 0.0000 0.0000 299.1617 0.0000 73.8383 0.0000 551.2871 0.0000 0.0000 0.0000 0.0000 0.0000 0.0000 66.1453 0.4668 0.0000 158.4913 767.5608 0.0000 0.0000 0.0000 0.0000 194.8000 310.3984 0.0000 23.9808 0.0000 0.0000 0.0000 0.0000 0.0000 0.0000 0.0000 0.0000 0.0000 0.0000 0.0000 0.0000 0.0000 0.0000 0.0000 0.0000 0.0000 0.0000 0.0000 0.0000 0.0000 0.0000 0.0000 0.0000 0.0000 0.0000 0.0000 0.0000 0.0000 0.0000 0.0000 0.0000 0.0000 0.0000 0.0000 0.0000 0.0000 0.0000 0.0000 0.0000 0.0000 0.0000 0.0000 0.0000 0.0000 0.0000 0.0000 0.0000 0.0000 0.0000 0.0000 0.0000 0.0000 0.0000 0.0000 0.0000 0.0000 0.0000 0.0000 0.0000 0.0000 0.0000 0.0000 0.0000 0.0000 0.0000 0.0000
28.4996 0.0000 439.0000 0.0000 926.6623 0.0000 561.0465 0.0000 0.0000 447.1912 0.0000 59.8088 0.0000 528.7716 0.0000 0.0000 0.0000 0.0000 0.0000 0.0000 70.0228 0.3986 0.0000 163.8246 648.3584 0.0000 0.0000 0.0000 0.0000 180.8122 312.9511 0.0000 20.6524 0.0000 0.0000 0.0000 0.0000 0.0000 0.0000 0.0000 0.0000 0.0000 0.0000 0.0000 0.0000 0.0000 0.0000 0.0000 0.0000 0.0000 0.0000 0.0000 0.0000 0.0000 0.0000 0.0000 0.0000 0.0000 0.0000 0.0000 0.0000 0.0000 0.0000 0.0000 0.0000 0.0000 0.0000 0.0000 0.0000 0.0000 0.0000 0.0000 0.0000 0.0000 0.0000 0.0000 0.0000 0.0000 0.0000 0.0000 0.0000 0.0000 0.0000 0.0000 0.0000 0.0000 0.0000 0.0000 0.0000 0.0000 0.0000 0.0000 0.0000 0.0000 0.0000 0.0000 0.0000 0.0000 0.0000 0.0000
31.8398 0.0000 364.0000 0.0000 890.1085 0.0000 559.1498 0.0000 0.0000 328.3816 0.0000 74.6184 0.0000 487.1681 0.0000 0.0000 0.0000 0.0000 0.0000 0.0000 72.1033 0.4533 0.0000 157.7302 760.0887 0.0000 0.0000 0.0000 0.0000 231.7591 387.9801 0.0000 24.6191 0.0000 0.0000 0.0000 0.0000 0.0000 0.0000 0.0000 0.0000 0.0000 0.0000 0.0000 0.0000 0.0000 0.0000 0.0000 0.0000 0.0000 0.0000 0.0000 0.0000 0.0000 0.0000 0.0000 0.0000 0.0000 0.0000 0.0000 0.0000 0.0000 0.0000 0.0000 0.0000 0.0000 0.0000 0.0000 0.0000 0.0000 0.0000 0.0000 0.0000 0.0000 0.0000 0.0000 0.0000 0.0000 0.0000 0.0000 0.0000 0.0000 0.0000 0.0000 0.0000 0.0000 0.0000 0.0000 0.0000 0.0000 0.0000 0.0000 0.0000 0.0000 0.0000 0.0000 0.0000 0.0000 0.0000 0.0000
31.6556 0.0000 396.0000 0.0000 1037.7992 0.0000 575.7111 0.0000 0.0000 549.8533 0.0000 96.1467 0.0000 551.8718 0.0000 0.0000 0.0000 0.0000 0.0000 0.0000 70.3432 0.4991 0.0000 167.5103 781.3607 0.0000 0.0000 0.0000 0.0000 186.8083 444.1030 0.0000 25.3375 0.0000 0.0000 0.0000 0.0000 0.0000 0.0000 0.0000 0.0000 0.0000 0.0000 0.0000 0.0000 0.0000 0.0000 0.0000 0.0000 0.0000 0.0000 0.0000 0.0000 0.0000 0.0000 0.0000 0.0000 0.0000 0.0000 0.0000 0.0000 0.0000 0.0000 0.0000 0.0000 0.0000 0.0000 0.0000 0.0000 0.0000 0.0000 0.0000 0.0000 0.0000 0.0000 0.0000 0.0000 0.0000 0.0000 0.0000 0.0000 0.0000 0.0000 0.0000 0.0000 0.0000 0.0000 0.0000 0.0000 0.0000 0.0000 0.0000 0.0000 0.0000 0.0000 0.0000 0.0000 0.0000 0.0000 0.0000
32.4957 0.0000 463.0000 0.0000 836.9035 0.0000 451.8570 0.0000 0.0000 410.6552 0.0000 67.3448 0.0000 521.7395 0.0000 0.0000 0.0000 0.0000 0.0000 0.0000 53.3789 0.4250 0.0000 153.5176 722.1672 0.0000 0.0000 0.0000 0.0000 208.7800 270.1758 0.0000 22.5597 0.0000 0.0000 0.0000 0.0000 0.0000 0.0000 0.0000 0.0000 0.0000 0.0000 0.0000 0.0000 0.0000 0.0000 0.0000 0.0000 0.0000 0.0000 0.0000 0.0000 0.0000 0.0000 0.0000 0.0000 0.0000 0.0000 0.0000 0.0000 0.0000 0.0000 0.0000 0.0000 0.0000 0.0000 0.0000 0.0000 0.0000 0.0000 0.0000 0.0000 0.0000 0.0000 0.0000 0.0000 0.0000 0.0000 0.0000 0.0000 0.0000 0.0000 0.0000 0.0000 0.0000 0.0000 0.0000 0.0000 0.0000 0.0000 0.0000 0.0000 0.0000 0.0000 0.0000 0.0000 0.0000 0.0000 0.0000
Cluster phi posterior values
0.0000 0.0000 0.0795 0.0537 0.5018 0.3806 0.0620 0.0311 0.0650 0.0000 0.1372
0.1355 0.0048 0.0000 0.0000 0.2912 0.4996 0.0000 0.0000 0.1305 0.1097 0.2301
0.0257 0.2454 0.0775 0.0008 0.4334 0.4260 0.1645 0.0739 0.0298 0.0655 0.0789
0.0000 0.1243 0.0000 0.0000 0.1662 0.1274 0.0000 0.0000 0.0000 0.0000 0.0000
0.0895 0.0000 0.0713 0.1482 0.3464 0.4828 0.0450 0.0549 0.1489 0.0000 0.3244
