1 #sols

6
9
0 0.205993 0.177474 0 0.141844 0.00484262 0.301448 0.0736196 0.0154355 
0.0701595 0.0853284 0 0.283465 0 0 0.347702 0 0.0668973 
0 0.18322 0 0 0.144949 0 0.480079 0 0.183007 
0 0 0 0.195933 0 0 0.232888 0 0 
0 0.12995 0.387692 0 0.362805 0.0962441 0.496121 0.33218 0.122328 
0.00318907 0.335182 0.0427046 0 0.074392 0 0.413312 0.0892857 0.0324022 

Sample_0 Sample_1 Sample_2 Sample_3 Sample_4 Sample_5 
78;79;80;81;82;83;84;85;86;87;88;89;90;91;92;93;94;95;96;97;98;99 9;10;11;12;13;14;15;16;17;18;19;20;21;22;23;77 31;62;64 66;67;68;69;70;71;72;73;74;75;76 24;25;26;27;28;29;30 57;58;59;60 32;33;34;35;36;37;38;39;40;41;42;43;44;45;46;47;48;49;50;51;52;53;54;55;56 61;63;65 0;1;2;3;4;5;6;7;8 

6
6
0.415101 0.030871 0.147239 0.00968523 0 0 
0 0.0956286 0 0 0.535476 0.114444 
0.594145 0.366013 0 0 0 0 
0.0739087 0 0 0 0.391867 0 
0 0.191608 0.66436 0.136274 0 0 
0.57687 0.0648045 0.178571 0 0 0.00637813 
6
6
1 0 0 0 0 0 
1 1 0 0 0 0 
1 0 1 0 0 0 
1 0 0 1 0 0 
1 0 0 0 1 0 
1 0 0 0 0 1 

1 1 1 1 0.992783 1 
6
6
0.301448 0.0154355 0.0736196 0.00484262 0 0 
0.372774 0.0478143 0 0 0.267738 0.0572218 
0.480079 0.183007 0 0 0 0 
0.232888 0 0 0 0.195933 0 
0.496121 0.0958041 0.33218 0.0681369 0 0 
0.413312 0.0324022 0.0892857 0 0 0.00318907 

Sample_0 Sample_1 Sample_2 Sample_3 Sample_4 Sample_5 
6 8 7 5 3 0 

