1 #sols

6
7
0 0.0674218 0.132559 0.130949 0 0.38797 0.152109 
0.0769102 0 0.279218 0 0.285783 0.497126 0.403011 
0 0.0703811 0 0 0 0.0666592 0 
0 0.236195 0 0 0 0.451792 0.161592 
0 0 0.156597 0.11127 0.0467807 0.455671 0.454953 
0.181197 0.00645776 0.258 0.237082 0 0.454717 0.248763 

Sample_0 Sample_1 Sample_2 Sample_3 Sample_4 Sample_5 
45;46;47;48;49;50;51;52;53;54;55;56 29;30;31;32;33;34;35;36;37;38;39;40;41;42;57;58;59;60;61;62;63;64;65;66;67;68;69;70 71;72;73;74;75;76;77;78;79;80;81;82;83;84;85;86;87;88;89;90 13;14;15;16;17;18;19;20;21;22;23;24;25;26;27;28 43;44 91;92;93;94;95;96;97;98;99 0;1;2;3;4;5;6;7;8;9;10;11;12 

6
4
0.514041 0 0.261899 0 
0.268866 0.571566 0 0.15382 
0.133318 0 0 0 
0.903583 0 0 0 
0.595239 0.0935614 0.222541 0 
0.0728764 0 0.474163 0.362394 
4
4
1 0 0 0 
1 1 0 0 
1 0 1 0 
1 0 0 1 

1 1 1 1 
6
4
0.38797 0 0.130949 0 
0.497126 0.285783 0 0.0769102 
0.0666592 0 0 0 
0.451792 0 0 0 
0.455671 0.0467807 0.11127 0 
0.454717 0 0.237082 0.181197 

Sample_0 Sample_1 Sample_2 Sample_3 Sample_4 Sample_5 
5 4 3 0 

