gene_id	Sample_0	Sample_0	Sample_1	Sample_1	Sample_2	Sample_2	Sample_3	Sample_3	Sample_4	Sample_4
2;3;4;5;6;7;8;9;10;11;12;13;14;15;16;17;18;19;20;21;22;23;24	1829	397	2045	283	1912	435	2223	104	2255	0
85;86;87;88;89;90;91;92	765	49	816	0	731	51	817	0	825	0
77;79;80	274	42	213	90	230	56	319	7	300	0
60;62;63;64;65;66;67;68;69;70;72	804	339	578	512	841	307	676	389	1009	47
0;25;26;27;28;29;30;31;32;33;34;35;36;37;38;39;40;42;43;44;45;46;47;48;50;51;52;53;54;55;56;57;58;59;82;83;84	3545	22	3694	0	3493	169	3228	400	3661	0
73;74;75	269	40	268	0	313	0	275	31	318	0
1	88	17	88	11	82	15	95	1	106	0
41;49	212	5	202	0	162	21	176	30	182	0
61;71	147	51	104	76	146	58	127	62	171	22
93;94;95;96;97;98;99	694	0	662	49	753	0	723	0	732	33
76;78;81	260	66	207	102	264	63	289	17	286	0
