1 #sols

6
8
0.339724 0 0 0.132184 0 0 0 0 
0.415554 0.0877193 0.253061 0 0.216183 0.185771 0 0 
0.384554 0.0501672 0.0784314 0 0 0.0670732 0 0.0647558 
0.440975 0.195719 0 0 0 0 0.111623 0.0444368 
0.361465 0 0 0.0336207 0 0 0 0 
0.240909 0 0.155361 0 0.19852 0.201161 0.0395928 0 

Sample_0 Sample_1 Sample_2 Sample_3 Sample_4 Sample_5 
0;1;2;3;4;5;6;7;8;9;10;11;12 94;95;96 20;22;23;24;25 52;53;54;55;56;57;58;59;60;61;62;63 70;71;72;73;74;75;76;77;78;79;80;81;82;83;84;85;86;87;88;89;90;91;92;93 21;26;27;28;29 64;65;66;67;68;69;97;98;99 13;14;15;16;17;18;19;30;31;32;33;34;35;36;37;38;39;40;41;42;43;44;45;46;47;48;49;50;51 

6
6
0.41508 0 0 0.264368 0 0 
0.149547 0 0 0 0.506122 0.175439 
0.382399 0.129512 0 0 0.156863 0.100334 
0.178394 0.0888736 0.223245 0 0 0.391437 
0.655689 0 0 0.0672414 0 0 
0.0919106 0 0.0791855 0 0.310722 0 
6
6
1 0 0 0 0 0 
1 1 0 0 0 0 
1 0 1 0 0 0 
1 0 0 1 0 0 
1 0 0 0 1 0 
1 0 0 0 0 1 

1 1 1 1 0.999949 1 
6
6
0.339724 0 0 0.132184 0 0 
0.415554 0 0 0 0.253061 0.0877193 
0.384554 0.0647558 0 0 0.0784314 0.0501672 
0.440975 0.0444368 0.111623 0 0 0.195719 
0.361465 0 0 0.0336207 0 0 
0.240909 0 0.0395928 0 0.155361 0 

Sample_0 Sample_1 Sample_2 Sample_3 Sample_4 Sample_5 
0 7 6 3 2 1 

