1 #sols

6
7
0.352381 0 0 0.123153 0 0 0 
0.428571 0.214447 0.215748 0 0.0764331 0 0 
0.412621 0.0754717 0 0 0.0393701 0 0.0617978 
0.419847 0 0 0 0.1125 0.166297 0.0375171 
0.347626 0 0 0.0285714 0 0 0 
0.24961 0.189011 0.199515 0 0 0.0357995 0 

Sample_0 Sample_1 Sample_2 Sample_3 Sample_4 Sample_5 
0;1;2;3;4;5;6;7;8;9;10;11;12 20;21;22;23;24;25;26;27;28 29;70;71;72;73;74;75;76;77;78;79;80;81;82;83;84;85;86;87;88;89;90;91;92;93 52;53;54;55;56;57;58;59;60;61;62;63 94;95;96 64;65;66;67;68;69;97;98;99 13;14;15;16;17;18;19;30;31;32;33;34;35;36;37;38;39;40;41;42;43;44;45;46;47;48;49;50;51 

6
6
0.458456 0 0 0 0.246305 0 
0.272781 0 0 0.152866 0 0.431496 
0.622907 0.123596 0 0.0787402 0 0 
0.207066 0.0750341 0.332594 0.225 0 0 
0.63811 0 0 0 0.0571429 0 
0.0285902 0 0.071599 0 0 0.399031 
6
6
1 0 0 0 0 0 
1 1 0 0 0 0 
1 0 1 0 0 0 
1 0 0 1 0 0 
1 0 0 0 1 0 
1 0 0 0 0 1 

1 1 1 1 1 0.993621 
6
6
0.352381 0 0 0 0.123153 0 
0.428571 0 0 0.0764331 0 0.215748 
0.412621 0.0617978 0 0.0393701 0 0 
0.419847 0.0375171 0.166297 0.1125 0 0 
0.347626 0 0 0 0.0285714 0 
0.24961 0 0.0357995 0 0 0.199515 

Sample_0 Sample_1 Sample_2 Sample_3 Sample_4 Sample_5 
0 6 5 4 3 2 

